7 0.625 0.46875 0.1375 0.1875
7 0.659375 0.3265625 0.1203125 0.1515625
7 0.5046875 0.2484375 0.1703125 0.1390625
7 0.4953125 0.4078125 0.0984375 0.171875
7 0.440625 0.3 0.090625 0.1359375
7 0.475 0.6234375 0.1484375 0.153125
7 0.5328125 0.7796875 0.1421875 0.175
7 0.646875 0.609375 0.19375 0.1078125
7 0.6625 0.771875 0.1375 0.1859375
7 0.4546875 0.83125 0.096875 0.19375
7 0.9609375 0.46875 0.0765625 0.1875
7 0.9484375 0.325 0.103125 0.1515625
7 0.9359375 0.6078125 0.1265625 0.1078125
7 0.9421875 0.7703125 0.1140625 0.1859375