7 0.51875 0.55625 0.0890625 0.0734375
7 0.6 0.553125 0.0859375 0.084375
7 0.665625 0.4890625 0.0578125 0.0859375
7 0.7046875 0.5390625 0.0546875 0.084375
7 0.7578125 0.59375 0.05 0.0546875
7 0.73125 0.5765625 0.071875 0.0375
7 0.6953125 0.65625 0.0921875 0.06875
7 0.61875 0.6703125 0.0828125 0.059375
7 0.4484375 0.4015625 0.1 0.0390625
7 0.0703125 0.3875 0.0921875 0.034375
7 0.653125 0.403125 0.0515625 0.034375
7 0.709375 0.403125 0.053125 0.034375
7 0.7265625 0.4265625 0.071875 0.046875
7 0.7421875 0.453125 0.05 0.0640625
7 0.7921875 0.4140625 0.0921875 0.040625
7 0.5171875 0.9640625 0.0890625 0.071875
7 0.5984375 0.9625 0.0859375 0.0734375
7 0.6640625 0.0140625 0.0578125 0.028125
7 0.703125 0.9703125 0.0546875 0.059375
7 0.7578125 0.928125 0.05 0.0546875
7 0.73125 0.9453125 0.071875 0.0375
7 0.6953125 0.865625 0.0921875 0.06875
7 0.61875 0.8515625 0.0828125 0.059375
7 0.4484375 0.0734375 0.1 0.0390625
7 0.0703125 0.0875 0.0921875 0.034375
7 0.653125 0.071875 0.0515625 0.034375
7 0.709375 0.071875 0.053125 0.034375
7 0.7265625 0.0484375 0.071875 0.046875
7 0.7421875 0.0265625 0.05 0.053125
7 0.7921875 0.0609375 0.0921875 0.040625