7 0.328125 0.5625 0.115625 0.1578125
7 0.45 0.6609375 0.1328125 0.09375
7 0.4359375 0.5515625 0.075 0.159375
7 0.371875 0.475 0.1 0.146875
7 0.0859375 0.36875 0.1625 0.0875
7 0.1609375 0.24375 0.0890625 0.1
7 0.0515625 0.259375 0.103125 0.1078125
7 0.0546875 0.5375 0.109375 0.15
7 0.046875 0.64375 0.09375 0.1
7 0.496875 0.290625 0.140625 0.1015625
7 0.446875 0.1640625 0.1578125 0.0546875
7 0.3140625 0.1671875 0.1046875 0.0765625
7 0.2390625 0.184375 0.0578125 0.0734375
7 0.6515625 0.2515625 0.0859375 0.159375
7 0.9296875 0.2390625 0.0703125 0.05
7 0.9265625 0.1890625 0.0859375 0.053125
7 0.7796875 0.5203125 0.1578125 0.1078125
7 0.746875 0.4328125 0.1328125 0.0765625
7 0.69375 0.3515625 0.1578125 0.059375
7 0.5453125 0.428125 0.1328125 0.1265625
7 0.628125 0.478125 0.1125 0.121875
7 0.590625 0.5875 0.096875 0.178125
7 0.6265625 0.7453125 0.1125 0.159375
7 0.159375 0.028125 0.0890625 0.05625
7 0.0515625 0.021875 0.103125 0.04375
7 0.446875 0.0859375 0.1578125 0.0546875
7 0.3140625 0.0828125 0.1046875 0.0765625
7 0.2390625 0.065625 0.0578125 0.0734375
7 0.65 0.0390625 0.0859375 0.078125
7 0.92734375 0.0171875 0.0703125 0.034375
7 0.9265625 0.0609375 0.0859375 0.053125
7 0.6265625 0.9625 0.1125 0.075