9 0.2171875 0.6234375 0.25625 0.3125
9 0.46875 0.4765625 0.2703125 0.1828125
9 0.34375 0.309375 0.1453125 0.2140625
9 0.4859375 0.2953125 0.21875 0.184375
9 0.7203125 0.29375 0.2296875 0.25625
9 0.7484375 0.3265625 0.184375 0.15
9 0.81875 0.43125 0.3125 0.309375
9 0.6640625 0.515625 0.20625 0.2828125
9 0.86875 0.7421875 0.2609375 0.178125
9 0.2171875 0.940625 0.25625 0.1171875
9 0.3421875 0.0640625 0.1453125 0.128125
9 0.4859375 0.0640625 0.21875 0.128125
9 0.71875 0.0828125 0.2296875 0.165625
9 0.7484375 0.0390625 0.184375 0.078125
9 0.8671875 0.915625 0.2609375 0.16875