7 0.7546875 0.16875 0.140625 0.0875
7 0.959375 0.346875 0.08125 0.16875
7 0.95625 0.196875 0.0875 0.10625
7 0.7515625 0.2890625 0.1796875 0.0828125
7 0.7265625 0.390625 0.178125 0.0609375
7 0.78125 0.45 0.1625 0.1078125
7 0.7390625 0.525 0.16875 0.090625
7 0.7359375 0.6015625 0.2203125 0.0953125
7 0.790625 0.7421875 0.1359375 0.1078125
7 0.6625 0.675 0.1734375 0.1
7 0.6375 0.7453125 0.1703125 0.1421875
7 0.4828125 0.678125 0.1734375 0.1171875
7 0.371875 0.65 0.1515625 0.090625
7 0.290625 0.628125 0.090625 0.1359375
7 0.2359375 0.5640625 0.1 0.15
7 0.26875 0.4359375 0.175 0.109375
7 0.09375 0.7265625 0.1203125 0.15
7 0.58125 0.409375 0.146875 0.0890625
7 0.5921875 0.2796875 0.075 0.1640625
7 0.509375 0.234375 0.1484375 0.0734375
7 0.4859375 0.2765625 0.078125 0.178125
7 0.440625 0.490625 0.053125 0.1859375
7 0.3828125 0.5578125 0.1375 0.071875
7 0.4765625 0.765625 0.128125 0.08125
7 0.4734375 0.8375 0.1875 0.0734375
7 0.7546875 0.08125 0.140625 0.0875
7 0.95625 0.053125 0.0875 0.10625
7 0.7890625 0.9765625 0.1359375 0.046875
7 0.6359375 0.965625 0.1703125 0.0671875
7 0.0921875 0.9734375 0.1203125 0.0515625
7 0.5921875 0.025 0.075 0.05
7 0.50703125 0.025 0.1484375 0.05
7 0.4859375 0.03125 0.078125 0.0625
7 0.4765625 0.971875 0.128125 0.05625
7 0.4734375 0.9125 0.1875 0.0734375