7 0.684375 0.45625 0.128125 0.0890625
7 0.4328125 0.5 0.1515625 0.09375
7 0.296875 0.6109375 0.0875 0.1296875
7 0.346875 0.75 0.1546875 0.084375
7 0.4875 0.6984375 0.06875 0.125
7 0.44375 0.95 0.1328125 0.0875
7 0.7046875 0.8671875 0.09375 0.1390625
7 0.7640625 0.1078125 0.15625 0.090625
7 0.4796875 0.0859375 0.10625 0.159375
7 0.2125 0.11875 0.090625 0.121875
7 0.2203125 0.21875 0.1140625 0.1296875
7 0.3203125 0.353125 0.1140625 0.075
7 0.4109375 0.428125 0.1765625 0.0703125
7 0.428125 0.3046875 0.06875 0.1796875
7 0.4875 0.328125 0.0640625 0.1515625
7 0.559375 0.4296875 0.0921875 0.11875
7 0.60625 0.328125 0.1078125 0.1046875
7 0.375 0.2859375 0.103125 0.1046875
7 0.515625 0.834375 0.128125 0.09375
7 0.453125 0.8859375 0.0765625 0.1484375
7 0.5453125 0.771875 0.103125 0.1015625
7 0.953125 0.1078125 0.0921875 0.090625
7 0.040625 0.11875 0.08125 0.121875
7 0.0421875 0.21640625 0.084375 0.1296875