7 0.490625 0.24375 0.15 0.109375
7 0.1328125 0.3828125 0.175 0.3890625
7 0.3 0.3984375 0.1234375 0.109375
7 0.2296875 0.1515625 0.0984375 0.1390625
7 0.459375 0.096875 0.1125 0.11875
7 0.715625 0.1859375 0.1421875 0.140625
7 0.8078125 0.396875 0.1109375 0.146875
7 0.9015625 0.390625 0.1359375 0.06875
7 0.690625 0.65 0.1578125 0.06875
7 0.5765625 0.48125 0.1546875 0.121875
7 0.946875 0.70625 0.05 0.10625
7 0.409375 0.828125 0.1578125 0.128125
7 0.5140625 0.9015625 0.1140625 0.1734375
7 0.5875 0.971875 0.121875 0.0546875
7 0.753125 0.5375 0.4375 0.2125
7 0.9875 0.70625 0.025 0.10625