7 0.5203125 0.5296875 0.1078125 0.05
7 0.365625 0.515625 0.1203125 0.06875
7 0.478125 0.5921875 0.0875 0.090625
7 0.4 0.6796875 0.0921875 0.084375
7 0.0703125 0.728125 0.13125 0.0796875
7 0.075 0.2015625 0.06875 0.0828125
7 0.309375 0.1421875 0.075 0.0359375
7 0.5453125 0.2984375 0.075 0.0953125
7 0.46875 0.2984375 0.075 0.090625
7 0.7375 0.203125 0.0515625 0.040625
7 0.784375 0.203125 0.0484375 0.0703125
7 0.8171875 0.303125 0.0890625 0.0578125
7 0.9359375 0.24375 0.0703125 0.084375
7 0.909375 0.61875 0.09375 0.053125
7 0.953125 0.59375 0.0703125 0.065625
7 0.7828125 0.7578125 0.103125 0.0203125
7 0.0703125 0.990625 0.13125 0.01875
7 0.075 0.0484375 0.06875 0.0828125
7 0.309375 0.1078125 0.075 0.0359375
7 0.7375 0.046875 0.0515625 0.040625
7 0.784375 0.046875 0.0484375 0.0703125
7 0.93359375 0.0234375 0.0703125 0.046875
7 0.7828125 0.990625 0.103125 0.01875