7 0.434375 0.55 0.0265625 0.03125
7 0.521875 0.4265625 0.0421875 0.0421875
7 0.459375 0.415625 0.04375 0.0390625
7 0.4328125 0.2828125 0.0296875 0.0296875
7 0.30625 0.228125 0.0328125 0.0296875
7 0.51875 0.6359375 0.03125 0.025
7 0.5578125 0.675 0.0234375 0.0390625
7 0.075 0.2203125 0.0296875 0.028125
7 0.540625 0.5984375 0.0171875 0.0328125
7 0.525 0.5875 0.0125 0.021875
7 0.4921875 0.5859375 0.01875 0.0171875
7 0.490625 0.5609375 0.025 0.01875
7 0.4328125 0.0484375 0.0296875 0.0296875
7 0.30625 0.103125 0.0328125 0.0296875
7 0.55625 0.9828125 0.0234375 0.0328125
7 0.075 0.1109375 0.0296875 0.028125