9 0.3203125 0.4453125 0.0828125 0.14375
9 0.3109375 0.3078125 0.1125 0.1
9 0.309375 0.2359375 0.1328125 0.0640625
9 0.13125 0.2375 0.090625 0.109375
9 0.1625 0.14375 0.0953125 0.075
9 0.3921875 0.159375 0.184375 0.0671875
9 0.6265625 0.23125 0.0859375 0.1125
9 0.5171875 0.2625 0.1109375 0.103125
9 0.475 0.365625 0.103125 0.059375
9 0.4625 0.459375 0.125 0.0765625
9 0.559375 0.559375 0.14375 0.0875
9 0.6640625 0.59375 0.090625 0.1515625
9 0.7734375 0.459375 0.0578125 0.121875
9 0.940625 0.5046875 0.115625 0.1265625
9 0.884375 0.58125 0.153125 0.1203125
9 0.8328125 0.6625 0.1328125 0.0578125
9 0.9515625 0.721875 0.0953125 0.0703125
9 0.5703125 0.71875 0.1578125 0.0921875
9 0.534375 0.79375 0.2 0.0671875
9 0.334375 0.7140625 0.125 0.1078125
9 0.38125 0.8609375 0.0796875 0.0640625
9 0.05 0.8640625 0.0765625 0.0578125
9 0.865625 0.1875 0.165625 0.0875
9 0.13125 0.0140625 0.090625 0.028125
9 0.1625 0.06875 0.0953125 0.075
9 0.3921875 0.053125 0.184375 0.0671875
9 0.625 0.01875 0.0859375 0.0375
9 0.534375 0.9796875 0.2 0.040625
9 0.38125 0.9265625 0.0796875 0.0640625
9 0.05 0.9234375 0.0765625 0.0578125
9 0.865625 0.034375 0.165625 0.06875