7 0.4203125 0.4609375 0.090625 0.090625
7 0.5625 0.490625 0.0796875 0.059375
7 0.528125 0.3625 0.0984375 0.084375
7 0.778125 0.153125 0.075 0.0890625
7 0.4328125 0.08125 0.0984375 0.1046875
7 0.3625 0.2453125 0.1171875 0.0578125
7 0.2453125 0.1390625 0.1375 0.08125
7 0.165625 0.253125 0.0671875 0.084375
7 0.34375 0.6234375 0.1015625 0.1109375
7 0.415625 0.7046875 0.0671875 0.0984375
7 0.4109375 0.965625 0.0703125 0.0640625
7 0.9671875 0.1515625 0.065625 0.0890625
7 0.0359375 0.1390625 0.071875 0.08125
7 0.084375 0.253125 0.0671875 0.084375