7 0.565625 0.4078125 0.1421875 0.1296875
7 0.3296875 0.3453125 0.1296875 0.096875
7 0.165625 0.2484375 0.084375 0.14375
7 0.046875 0.6171875 0.09375 0.209375
7 0.4390625 0.6609375 0.1359375 0.1078125
7 0.40625 0.5578125 0.1796875 0.06875
7 0.559375 0.55625 0.0859375 0.1125
7 0.4 0.4671875 0.1546875 0.08125
7 0.43125 0.334375 0.128125 0.1
7 0.48125 0.1859375 0.115625 0.0828125
7 0.3984375 0.0953125 0.11875 0.1609375
7 0.2734375 0.10625 0.0703125 0.146875
7 0.059375 0.18125 0.11875 0.1
7 0.1953125 0.075 0.109375 0.11875
7 0.784375 0.653125 0.1109375 0.14375
7 0.6578125 0.81875 0.0796875 0.1546875
7 0.68125 0.9375 0.134375 0.090625
7 0.5125 0.9296875 0.15 0.10625
7 0.3671875 0.8421875 0.1125 0.15
7 0.4484375 0.759375 0.115625 0.1046875
7 0.31875 0.240625 0.0921875 0.103125
7 0.078125 0.065625 0.109375 0.1015625