6 0.1125 0.334375 0.146875 0.2125
6 0.396875 0.2546875 0.171875 0.2078125
6 0.284375 0.2671875 0.178125 0.1421875
6 0.309375 0.5109375 0.1859375 0.228125
6 0.1953125 0.6109375 0.184375 0.19375
6 0.1109375 0.709375 0.221875 0.1703125
6 0.3015625 0.7078125 0.15625 0.125
6 0.5421875 0.6078125 0.234375 0.14375
6 0.4203125 0.65 0.121875 0.1484375
6 0.578125 0.43125 0.1453125 0.178125
6 0.5046875 0.43125 0.1625 0.071875
6 0.3703125 0.4 0.1484375 0.0875
6 0.7921875 0.2921875 0.265625 0.1234375
6 0.8734375 0.5375 0.1859375 0.21875
6 0.775 0.496875 0.2203125 0.14375
6 0.94375 0.625 0.1125 0.178125
6 0.484375 0.3359375 0.125 0.1421875
6 0.309375 0.3671875 0.153125 0.090625
6 0.396875 0.0484375 0.171875 0.096875
6 0.284375 0.0265625 0.178125 0.053125
6 0.1109375 0.9765625 0.221875 0.046875