6 0.2921875 0.4609375 0.0734375 0.096875
6 0.2765625 0.4578125 0.0671875 0.0734375
6 0.2328125 0.5078125 0.0671875 0.1
6 0.303125 0.55625 0.059375 0.0640625
6 0.1515625 0.5171875 0.0765625 0.090625
6 0.0546875 0.4921875 0.0640625 0.0625
6 0.1046875 0.54375 0.053125 0.0578125
6 0.11875 0.6359375 0.0609375 0.0921875
6 0.2234375 0.6609375 0.0765625 0.06875
6 0.2578125 0.275 0.0625 0.0890625
6 0.4546875 0.2546875 0.0859375 0.0515625
6 0.4609375 0.2125 0.1265625 0.0390625
6 0.603125 0.2671875 0.0640625 0.05
6 0.6375 0.253125 0.078125 0.04375
6 0.675 0.478125 0.090625 0.059375
6 0.6640625 0.5296875 0.0921875 0.075
6 0.1171875 0.9703125 0.0609375 0.059375
6 0.2234375 0.9625 0.0765625 0.06875
6 0.2578125 0.096875 0.0625 0.0890625
6 0.4546875 0.1171875 0.0859375 0.0515625
6 0.4609375 0.159375 0.1265625 0.0390625
6 0.603125 0.1046875 0.0640625 0.05
6 0.6375 0.11875 0.078125 0.04375