7 0.3859375 0.4828125 0.1421875 0.10625
7 0.2453125 0.440625 0.1375 0.090625
7 0.159375 0.2859375 0.134375 0.140625
7 0.275 0.2375 0.1203125 0.1125
7 0.775 0.5 0.090625 0.153125
7 0.715625 0.4859375 0.0578125 0.1671875
7 0.8765625 0.6359375 0.121875 0.165625
7 0.9046875 0.734375 0.175 0.1296875
7 0.759375 0.6421875 0.1234375 0.1453125
7 0.6171875 0.6359375 0.1328125 0.140625
7 0.590625 0.5125 0.1078125 0.1328125
7 0.440625 0.6296875 0.13125 0.1515625
7 0.5734375 0.740625 0.125 0.159375
7 0.715625 0.8203125 0.10625 0.13125
7 0.9625 0.4015625 0.075 0.1484375
7 0.825 0.378125 0.1578125 0.090625
7 0.5 0.3859375 0.096875 0.1171875
7 0.5921875 0.3671875 0.0828125 0.11875
7 0.3671875 0.3328125 0.0953125 0.065625
7 0.44375 0.3125 0.1296875 0.1
7 0.69375 0.328125 0.1265625 0.0984375
7 0.2734375 0.0203125 0.1203125 0.040625
7 0.9046875 0.9859375 0.175 0.0265625
7 0.5734375 0.9765625 0.125 0.046875
7 0.715625 0.94375 0.10625 0.1125