7 0.5328125 0.3390625 0.046875 0.0421875
7 0.5140625 0.2796875 0.0375 0.0546875
7 0.49375 0.3 0.0546875 0.0578125
7 0.4875 0.3296875 0.0265625 0.04375
7 0.4734375 0.321875 0.0203125 0.040625
7 0.440625 0.321875 0.0359375 0.04375
7 0.4546875 0.3515625 0.0296875 0.0546875
7 0.4375 0.3703125 0.046875 0.04375
7 0.4796875 0.3734375 0.0359375 0.0421875
7 0.5140625 0.4296875 0.05625 0.04375
7 0.46875 0.43125 0.0203125 0.046875
7 0.5078125 0.465625 0.0421875 0.059375
7 0.4796875 0.4828125 0.0171875 0.05625
7 0.5546875 0.5203125 0.0421875 0.0328125
7 0.5265625 0.5 0.0421875 0.0390625
7 0.50625 0.521875 0.0375 0.0609375
7 0.49375 0.546875 0.040625 0.05
7 0.4609375 0.540625 0.034375 0.046875
7 0.46875 0.5875 0.03125 0.046875
7 0.440625 0.5828125 0.03125 0.0546875
7 0.409375 0.6125 0.0609375 0.0671875
7 0.3859375 0.6328125 0.0390625 0.053125
7 0.403125 0.7203125 0.0375 0.071875
7 0.3828125 0.6859375 0.0328125 0.034375
7 0.5171875 0.621875 0.0625 0.04375
7 0.565625 0.6171875 0.034375 0.0671875
7 0.6078125 0.6109375 0.0546875 0.04375