2 0.2921875 0.5484375 0.065625 0.0578125
2 0.46875 0.365625 0.0765625 0.0578125
2 0.35625 0.425 0.05 0.0515625
2 0.2109375 0.3109375 0.05 0.034375
2 0.3078125 0.396875 0.0484375 0.05
2 0.9046875 0.265625 0.0984375 0.053125
2 0.23125 0.6046875 0.0546875 0.0296875
2 0.3875 0.4828125 0.071875 0.059375
2 0.2515625 0.625 0.05 0.040625
2 0.215625 0.6328125 0.05 0.034375
2 0.5609375 0.2296875 0.046875 0.059375
2 0.3296875 0.3609375 0.0578125 0.0265625
2 0.278125 0.6484375 0.0578125 0.028125
2 0.378125 0.553125 0.05625 0.025
2 0.2390625 0.5328125 0.053125 0.0421875
2 0.246875 0.571875 0.059375 0.028125
2 0.3015625 0.68125 0.053125 0.0359375
2 0.2765625 0.715625 0.0515625 0.0375
2 0.3703125 0.6609375 0.0359375 0.0265625
2 0.4 0.8140625 0.0484375 0.028125
2 0.5578125 0.5765625 0.0484375 0.0375
2 0.478125 0.6640625 0.05625 0.0421875
2 0.725 0.5078125 0.046875 0.0390625
2 0.7671875 0.5328125 0.0578125 0.0421875
2 0.96875 0.325 0.04375 0.04375
2 0.7546875 0.2375 0.059375 0.065625
2 0.71875 0.1890625 0.0375 0.040625
2 0.625 0.240625 0.059375 0.0453125
2 0.2109375 0.0265625 0.05 0.034375
2 0.9046875 0.071875 0.0984375 0.053125
2 0.5609375 0.1078125 0.046875 0.059375
2 0.3015625 0.9796875 0.053125 0.0359375
2 0.2765625 0.9453125 0.0515625 0.0375
2 0.36875 0.9921875 0.0359375 0.0140625
2 0.4 0.846875 0.0484375 0.028125
2 0.478125 0.9875 0.05625 0.025
2 0.96875 0.0171875 0.04375 0.034375
2 0.7546875 0.1 0.059375 0.065625
2 0.71875 0.1484375 0.0375 0.040625
2 0.625 0.096875 0.059375 0.0453125