12 0.6375 0.740625 0.115625 0.065625
12 0.5375 0.7828125 0.103125 0.065625
12 0.1703125 0.6921875 0.1078125 0.090625
12 0.765625 0.796875 0.09375 0.10625
12 0.165625 0.4203125 0.08125 0.0984375
12 0.321875 0.190625 0.0734375 0.0796875
12 0.234375 0.184375 0.0890625 0.0859375
12 0.4265625 0.484375 0.10625 0.0734375
12 0.23125 0.521875 0.125 0.06875
12 0.2359375 0.578125 0.125 0.075
12 0.10625 0.6015625 0.1078125 0.0921875
12 0.9484375 0.821875 0.09375 0.1109375
12 0.3375 0.265625 0.0984375 0.065625
12 0.6390625 0.8015625 0.1125 0.053125
12 0.3265625 0.3625 0.0890625 0.0609375
12 0.3078125 0.740625 0.09375 0.0796875
12 0.7015625 0.68125 0.1140625 0.05625
12 0.271875 0.425 0.1109375 0.0546875
12 0.0703125 0.353125 0.096875 0.09375
12 0.5046875 0.603125 0.0765625 0.0953125
12 0.446875 0.690625 0.096875 0.0609375
12 0.41875 0.4078125 0.0875 0.0875
12 0.571875 0.65625 0.103125 0.071875
12 0.915625 0.440625 0.078125 0.090625
12 0.95 0.184375 0.0953125 0.053125
12 0.79375 0.7234375 0.1171875 0.0546875
12 0.8828125 0.6421875 0.075 0.0828125
12 0.3703125 0.6578125 0.103125 0.059375
12 0.940625 0.5921875 0.0984375 0.090625
12 0.296875 0.690625 0.1046875 0.05
12 0.7875 0.21875 0.0734375 0.0828125
12 0.5890625 0.8515625 0.115625 0.0640625
12 0.39375 0.7671875 0.128125 0.059375
12 0.3515625 0.6109375 0.10625 0.0515625
12 0.3734375 0.528125 0.115625 0.0546875
12 0.0328125 0.6265625 0.065625 0.0984375
12 0.8359375 0.2875 0.1109375 0.053125
12 0.703125 0.521875 0.059375 0.071875
12 0.890625 0.2609375 0.0765625 0.09375
12 0.840625 0.14375 0.0625 0.0796875
12 0.8078125 0.5328125 0.084375 0.0765625
12 0.79375 0.46875 0.0796875 0.0578125
12 0.7390625 0.5859375 0.06875 0.1
12 0.934375 0.3453125 0.09375 0.0546875
12 0.928125 0.7 0.11875 0.0578125
12 0.046875 0.2765625 0.0625 0.075
12 0.846875 0.415625 0.0796875 0.0546875
12 0.5828125 0.26875 0.0625 0.071875
12 0.9546875 0.2328125 0.0890625 0.0546875
12 0.5234375 0.4765625 0.0875 0.0421875
12 0.746875 0.44375 0.059375 0.084375
12 0.209375 0.284375 0.053125 0.1
12 0.5703125 0.5359375 0.1125 0.05625
12 0.2625 0.290625 0.059375 0.0953125
12 0.4125 0.1765625 0.0890625 0.0453125
12 0.515625 0.29375 0.0609375 0.078125
12 0.6640625 0.1609375 0.053125 0.0796875
12 0.7953125 0.5953125 0.0546875 0.078125
12 0.6671875 0.4453125 0.0609375 0.0828125
12 0.59375 0.3859375 0.078125 0.0734375
12 0.44375 0.5703125 0.0609375 0.0703125
12 0.4296875 0.6328125 0.05 0.0875
12 0.1390625 0.79375 0.0921875 0.0546875
12 0.86875 0.496875 0.05625 0.0734375
12 0.5796875 0.4453125 0.09375 0.046875
12 0.1484375 0.2484375 0.075 0.05625
12 0.4078125 0.3234375 0.071875 0.05625
12 0.7875 0.3171875 0.0953125 0.05625
12 0.165625 0.3421875 0.1 0.0546875
12 0.3078125 0.1234375 0.0703125 0.0375
12 0.4421875 0.2796875 0.0625 0.090625
12 0.4859375 0.2046875 0.059375 0.084375
12 0.0203125 0.7359375 0.040625 0.0984375
12 0.7125 0.1578125 0.059375 0.0890625
12 0.7140625 0.3921875 0.065625 0.084375
12 0.9796875 0.4109375 0.0390625 0.0859375
12 0.5921875 0.4875 0.0796875 0.0609375
12 0.55 0.3859375 0.0375 0.0890625
12 0.684375 0.3140625 0.0640625 0.0734375
12 0.6140625 0.1359375 0.05625 0.0625
12 0.41875 0.2140625 0.084375 0.0640625
12 0.665625 0.6109375 0.0515625 0.0796875
12 0.7640625 0.134375 0.08125 0.059375
12 0.9703125 0.13125 0.05625 0.053125
12 0.36875 0.134375 0.0640625 0.05625
12 0.0234375 0.3296875 0.046875 0.0578125
12 0.6046875 0.1859375 0.0609375 0.078125
12 0.15 0.16875 0.065625 0.090625
12 0.0671875 0.140625 0.084375 0.0671875
12 0.54375 0.121875 0.1 0.0359375
12 0.69375 0.25 0.05625 0.0765625
12 0.209375 0.1234375 0.0796875 0.0375
12 0.15625 0.125 0.0796875 0.040625
12 0.4828125 0.396875 0.05 0.0765625
12 0.021875 0.521875 0.04375 0.071875
12 0.896875 0.121875 0.0734375 0.034375
12 0.25625 0.3734375 0.0578125 0.0703125
12 0.740625 0.2984375 0.0796875 0.053125
12 0.4484375 0.346875 0.090625 0.0390625
12 0.0953125 0.2640625 0.05 0.0640625
12 0.0890625 0.1125 0.0875 0.0171875
12 0.8609375 0.5421875 0.059375 0.071875
12 0.6421875 0.2640625 0.046875 0.0875
12 0.0359375 0.2203125 0.071875 0.04375
12 0.021875 0.16875 0.04375 0.06875
12 0.4640625 0.3703125 0.0875 0.046875
12 0.5375 0.9859375 0.103125 0.028125
12 0.765625 0.96875 0.09375 0.0625
12 0.31953125 0.028125 0.0734375 0.05625
12 0.23203125 0.0328125 0.0890625 0.065625
12 0.9484375 0.9546875 0.09375 0.090625
12 0.6390625 0.9796875 0.1125 0.040625
12 0.94765625 0.025 0.0953125 0.05
12 0.7859375 0.015625 0.0734375 0.03125
12 0.5890625 0.9359375 0.115625 0.0640625
12 0.840625 0.065625 0.0625 0.0796875
12 0.4125 0.0328125 0.0890625 0.0453125
12 0.6640625 0.0484375 0.053125 0.0796875
12 0.1375 0.9828125 0.0921875 0.034375
12 0.3078125 0.0859375 0.0703125 0.0375
12 0.4859375 0.0234375 0.059375 0.046875
12 0.7125 0.0515625 0.059375 0.0890625
12 0.6140625 0.0734375 0.05625 0.0625
12 0.41875 0.0125 0.084375 0.025
12 0.7640625 0.075 0.08125 0.059375
12 0.9703125 0.078125 0.05625 0.053125
12 0.36875 0.075 0.0640625 0.05625
12 0.603125 0.03125 0.0609375 0.0625
12 0.15 0.0421875 0.065625 0.084375
12 0.0671875 0.06875 0.084375 0.0671875
12 0.54375 0.0875 0.1 0.0359375
12 0.209375 0.0859375 0.0796875 0.0375
12 0.15625 0.084375 0.0796875 0.040625
12 0.896875 0.0875 0.0734375 0.034375
12 0.0890625 0.096875 0.0875 0.0171875
12 0.0359375 0.0046875 0.071875 0.009375
12 0.021875 0.040625 0.04375 0.06875