3 0.5203125 0.328125 0.2984375 0.184375
3 0.234375 0.575 0.45625 0.325
3 0.9 0.634375 0.196875 0.2859375
3 0.28125 0.571875 0.36875 0.3453125
3 0.875 0.3625 0.2484375 0.25625
3 0.4859375 0.5625 0.1890625 0.33125
3 0.6953125 0.5421875 0.1859375 0.253125
3 0.6625 0.61875 0.3046875 0.15625
3 0.51796875 0.046875 0.2984375 0.09375
3 0.234375 0.9625 0.45625 0.0734375
3 0.9 0.9421875 0.196875 0.1140625
3 0.28125 0.959375 0.36875 0.08125
3 0.8734375 0.0484375 0.2484375 0.096875
3 0.6609375 0.9828125 0.3046875 0.0328125