6 0.3625 0.3796875 0.0890625 0.103125
6 0.2140625 0.5078125 0.075 0.096875
6 0.215625 0.43125 0.075 0.0796875
6 0.221875 0.3609375 0.08125 0.0828125
6 0.225 0.2671875 0.2015625 0.0859375
6 0.0609375 0.3234375 0.08125 0.084375
6 0.0890625 0.478125 0.075 0.096875
6 0.1515625 0.6078125 0.0828125 0.0921875
6 0.0453125 0.6984375 0.053125 0.115625
6 0.3640625 0.559375 0.1671875 0.153125
6 0.3046875 0.5515625 0.1171875 0.0671875
6 0.50625 0.5140625 0.128125 0.053125
6 0.5 0.4171875 0.084375 0.05
6 0.4453125 0.3703125 0.0765625 0.0671875
6 0.5078125 0.2921875 0.08125 0.0546875
6 0.4203125 0.2671875 0.075 0.09375
6 0.4609375 0.1953125 0.0671875 0.059375
6 0.3796875 0.2015625 0.09375 0.053125
6 0.425 0.1546875 0.065625 0.059375
6 0.6109375 0.3921875 0.0796875 0.0640625
6 0.671875 0.409375 0.09375 0.140625
6 0.7609375 0.3875 0.08125 0.0765625
6 0.825 0.3484375 0.078125 0.046875
6 0.9 0.328125 0.0875 0.0625
6 0.9453125 0.490625 0.08125 0.0796875
6 0.9 0.5359375 0.1078125 0.078125
6 0.690625 0.7 0.11875 0.1109375
6 0.6328125 0.7453125 0.09375 0.1109375
6 0.6125 0.6109375 0.0875 0.053125
6 0.521875 0.6328125 0.084375 0.06875
6 0.534375 0.7203125 0.078125 0.1
6 0.4390625 0.7 0.09375 0.065625
6 0.4953125 0.7640625 0.09375 0.0796875
6 0.41875 0.7671875 0.075 0.0875
6 0.3328125 0.7265625 0.08125 0.103125
6 0.3390625 0.8046875 0.078125 0.1015625
6 0.2375 0.8203125 0.05 0.1078125
6 0.21875 0.7484375 0.0828125 0.0875
6 0.2359375 0.6515625 0.209375 0.071875
6 0.83125 0.6484375 0.090625 0.190625
6 0.65625 0.515625 0.190625 0.08125
6 0.95625 0.60625 0.0828125 0.0515625
6 0.9296875 0.6375 0.08125 0.053125
6 0.8953125 0.63125 0.04375 0.109375
6 0.96875 0.7265625 0.059375 0.075
6 0.8640625 0.8296875 0.115625 0.0875
6 0.6453125 0.85 0.1234375 0.046875
6 0.7296875 0.7953125 0.1203125 0.0671875
6 0.5625 0.78125 0.0765625 0.1
6 0.4515625 0.834375 0.08125 0.078125
6 0.1421875 0.721875 0.10625 0.075
6 0.2234375 0.0125 0.2015625 0.025
6 0.4203125 0.0140625 0.075 0.028125
6 0.4609375 0.0546875 0.0671875 0.059375
6 0.3796875 0.0484375 0.09375 0.053125
6 0.425 0.0953125 0.065625 0.059375
6 0.6328125 0.9734375 0.09375 0.0515625
6 0.534375 0.9890625 0.078125 0.0203125
6 0.4953125 0.971875 0.09375 0.0546875
6 0.41875 0.96875 0.075 0.0609375
6 0.3328125 0.9859375 0.08125 0.028125
6 0.3390625 0.9453125 0.078125 0.1015625
6 0.2375 0.9296875 0.05 0.1078125
6 0.2171875 0.978125 0.0828125 0.0421875
6 0.8640625 0.9203125 0.115625 0.0875
6 0.6453125 0.9 0.1234375 0.046875
6 0.7296875 0.9546875 0.1203125 0.0671875
6 0.5609375 0.959375 0.0765625 0.08125
6 0.4515625 0.915625 0.08125 0.078125