6 0.6109375 0.5 0.140625 0.1828125
6 0.621875 0.334375 0.2125 0.2125
6 0.56875 0.2375 0.2203125 0.0828125
6 0.5859375 0.140625 0.2328125 0.140625
6 0.3453125 0.390625 0.1890625 0.1875
6 0.4578125 0.4734375 0.1375 0.284375
6 0.25 0.5421875 0.2 0.1421875
6 0.2109375 0.3859375 0.171875 0.125
6 0.31875 0.0875 0.109375 0.175
6 0.375 0.1546875 0.09375 0.1796875
6 0.45625 0.184375 0.109375 0.1109375
6 0.79375 0.1046875 0.090625 0.115625
6 0.6765625 0.5640625 0.1671875 0.234375
6 0.525 0.7703125 0.2375 0.11875
6 0.3828125 0.7546875 0.1921875 0.1140625
6 0.50625 0.9234375 0.2796875 0.1375
6 0.20625 0.875 0.1625 0.1
6 0.7234375 0.6890625 0.1765625 0.18125
6 0.8296875 0.55625 0.0890625 0.2015625
6 0.75 0.4546875 0.0984375 0.1578125
6 0.7921875 0.3546875 0.1640625 0.1453125
6 0.05 0.540625 0.1 0.1421875
6 0.0625 0.3859375 0.125 0.125
6 0.9546875 0.1046875 0.0890625 0.115625
6 0.0625 0.875 0.125 0.1
6 0.96875 0.6890625 0.0625 0.18125
6 0.9203125 0.55625 0.0890625 0.2015625
6 0.975 0.453125 0.05 0.1578125
6 0.9375 0.353125 0.125 0.1453125