6 0.2671875 0.5078125 0.153125 0.13125
6 0.3140625 0.575 0.215625 0.1375
6 0.140625 0.6421875 0.125 0.1578125
6 0.159375 0.5234375 0.1078125 0.0875
6 0.1296875 0.409375 0.0953125 0.1734375
6 0.040625 0.3890625 0.08125 0.1734375
6 0.1203125 0.2390625 0.175 0.1359375
6 0.29375 0.2765625 0.18125 0.165625
6 0.578125 0.1859375 0.240625 0.15625
6 0.56875 0.359375 0.1296875 0.2
6 0.6515625 0.2828125 0.178125 0.096875
6 0.684375 0.3890625 0.153125 0.1375
6 0.7609375 0.2125 0.0546875 0.1703125
6 0.8078125 0.1625 0.134375 0.1265625
6 0.9453125 0.45 0.065625 0.1859375
6 0.8140625 0.459375 0.103125 0.2
6 0.7296875 0.6015625 0.1328125 0.121875
6 0.58125 0.6578125 0.159375 0.1828125
6 0.428125 0.671875 0.190625 0.1140625
6 0.4046875 0.771875 0.1875 0.1390625
6 0.5078125 0.7453125 0.115625 0.1578125
6 0.2765625 0.825 0.1578125 0.121875
6 0.1328125 0.784375 0.1859375 0.1484375
6 0.89375 0.64375 0.128125 0.1375
6 0.9390625 0.321875 0.1203125 0.1765625
6 0.1203125 0.0140625 0.175 0.028125
6 0.578125 0.0453125 0.240625 0.090625
6 0.759375 0.0359375 0.0546875 0.071875
6 0.8078125 0.05 0.134375 0.1
6 0.4046875 0.9765625 0.1875 0.0453125
6 0.275 0.9546875 0.1578125 0.0890625
6 0.13125 0.96875 0.1859375 0.0625