6 0.2734375 0.4171875 0.0890625 0.1421875
6 0.2296875 0.41875 0.075 0.1140625
6 0.053125 0.490625 0.10625 0.0796875
6 0.2203125 0.64375 0.1171875 0.125
6 0.33125 0.5625 0.071875 0.103125
6 0.446875 0.628125 0.1109375 0.1234375
6 0.3796875 0.71875 0.0953125 0.1421875
6 0.2671875 0.7484375 0.071875 0.09375
6 0.196875 0.7609375 0.0859375 0.115625
6 0.5328125 0.484375 0.1140625 0.103125
6 0.621875 0.4546875 0.078125 0.1046875
6 0.7140625 0.5296875 0.146875 0.1296875
6 0.725 0.453125 0.0375 0.046875
6 0.46875 0.209375 0.090625 0.084375
6 0.3296875 0.2796875 0.1015625 0.1625
6 0.425 0.38125 0.1640625 0.0890625
6 0.85 0.60625 0.128125 0.0703125
6 0.8421875 0.675 0.0796875 0.1234375
6 0.9390625 0.6578125 0.078125 0.11875
6 0.9234375 0.534375 0.0984375 0.0765625
6 0.21875 0.978125 0.1171875 0.0421875
6 0.4453125 0.9859375 0.1109375 0.0265625
6 0.378125 0.9359375 0.0953125 0.1265625
6 0.2671875 0.915625 0.071875 0.09375
6 0.196875 0.903125 0.0859375 0.115625
6 0.46875 0.125 0.090625 0.084375
6 0.3265625 0.0671875 0.1015625 0.134375
6 0.840625 0.9625 0.0796875 0.0734375
6 0.9390625 0.9734375 0.078125 0.053125