6 0.5921875 0.628125 0.15 0.103125
6 0.6484375 0.7140625 0.1359375 0.0796875
6 0.3703125 0.79375 0.1375 0.1484375
6 0.159375 0.6390625 0.1125 0.1484375
6 0.0828125 0.4140625 0.140625 0.153125
6 0.121875 0.3140625 0.1453125 0.1109375
6 0.309375 0.1828125 0.1625 0.096875
6 0.4734375 0.1703125 0.1453125 0.090625
6 0.534375 0.2875 0.15 0.1078125
6 0.8125 0.2390625 0.103125 0.1203125
6 0.9578125 0.275 0.0828125 0.0875
6 0.43125 0.41875 0.165625 0.125
6 0.85625 0.578125 0.184375 0.0828125
6 0.3703125 0.940625 0.1375 0.11875
6 0.309375 0.0671875 0.1625 0.096875
6 0.4734375 0.0796875 0.1453125 0.090625
6 0.8125 0.034375 0.103125 0.06875
6 0.95625 0.009375 0.0828125 0.01875