6 0.609375 0.340625 0.0640625 0.084375
6 0.6046875 0.396875 0.05625 0.05625
6 0.540625 0.378125 0.0375 0.0515625
6 0.5421875 0.4171875 0.075 0.0515625
6 0.496875 0.3953125 0.040625 0.053125
6 0.4703125 0.5640625 0.0578125 0.040625
6 0.4421875 0.5234375 0.0609375 0.0359375
6 0.39375 0.503125 0.0453125 0.0734375
6 0.35625 0.478125 0.04375 0.05
6 0.325 0.55 0.05625 0.0671875
6 0.38125 0.6015625 0.05 0.04375
6 0.25625 0.496875 0.06875 0.0453125
6 0.2390625 0.4515625 0.021875 0.071875
6 0.2890625 0.4671875 0.046875 0.0484375
6 0.321875 0.3484375 0.0375 0.0640625
6 0.3296875 0.3984375 0.0609375 0.05625
6 0.25 0.3328125 0.0640625 0.0671875
6 0.29375 0.25 0.04375 0.0453125
6 0.35625 0.2609375 0.0625 0.04375
6 0.3671875 0.2953125 0.0703125 0.0453125
6 0.3421875 0.203125 0.05 0.065625
6 0.30625 0.1546875 0.0765625 0.0671875
6 0.415625 0.15 0.05 0.046875
6 0.4484375 0.1671875 0.0484375 0.0640625
6 0.41875 0.21875 0.065625 0.0546875
6 0.5265625 0.1796875 0.065625 0.0453125
6 0.4859375 0.23125 0.0578125 0.059375
6 0.596875 0.2671875 0.071875 0.053125
6 0.6140625 0.4484375 0.0453125 0.040625
6 0.6578125 0.496875 0.059375 0.0625
6 0.70625 0.4734375 0.084375 0.0828125
6 0.5703125 0.5296875 0.059375 0.0203125
6 0.58125 0.56875 0.0671875 0.0546875
6 0.5515625 0.478125 0.034375 0.065625
6 0.46875 0.478125 0.05625 0.046875
6 0.4203125 0.4515625 0.0328125 0.0578125
6 0.4296875 0.3734375 0.059375 0.03125
6 0.371875 0.365625 0.0296875 0.0703125
6 0.4390625 0.3234375 0.053125 0.040625
6 0.95 0.340625 0.0640625 0.084375
6 0.9546875 0.396875 0.05625 0.05625
6 0.9890625 0.415625 0.0203125 0.0515625
6 0.0125 0.521875 0.025 0.0359375
6 0.04375 0.503125 0.0453125 0.0734375
6 0.08125 0.478125 0.04375 0.05
6 0.1125 0.55 0.05625 0.0671875
6 0.05625 0.6015625 0.05 0.04375
6 0.18125 0.496875 0.06875 0.0453125
6 0.1984375 0.4515625 0.021875 0.071875
6 0.1484375 0.4671875 0.046875 0.0484375
6 0.115625 0.3484375 0.0375 0.0640625
6 0.1078125 0.3984375 0.0609375 0.05625
6 0.1875 0.3328125 0.0640625 0.0671875
6 0.14375 0.25 0.04375 0.0453125
6 0.08125 0.2609375 0.0625 0.04375
6 0.0703125 0.2953125 0.0703125 0.0453125
6 0.0953125 0.203125 0.05 0.065625
6 0.13125 0.1546875 0.0765625 0.0671875
6 0.0234375 0.15 0.046875 0.046875
6 0.00625 0.165625 0.0125 0.0640625
6 0.025 0.215625 0.05 0.0546875
6 0.9625 0.2671875 0.071875 0.053125
6 0.9453125 0.4484375 0.0453125 0.040625
6 0.9015625 0.496875 0.059375 0.0625
6 0.853125 0.4734375 0.084375 0.0828125
6 0.9796875 0.528125 0.040625 0.0203125
6 0.971875 0.5671875 0.05625 0.0546875
6 0.9953125 0.478125 0.009375 0.065625
6 0.0171875 0.4515625 0.0328125 0.0578125
6 0.01875 0.3734375 0.0375 0.03125
6 0.065625 0.365625 0.0296875 0.0703125
6 0.0125 0.3234375 0.025 0.040625