9 0.759375 0.6921875 0.196875 0.146875
9 0.7375 0.575 0.1515625 0.134375
9 0.7484375 0.4609375 0.1390625 0.11875
9 0.81875 0.5453125 0.1859375 0.1234375
9 0.953125 0.5390625 0.0765625 0.1140625
9 0.484375 0.35625 0.171875 0.134375
9 0.6359375 0.3625 0.0953125 0.103125
9 0.515625 0.51875 0.1234375 0.09375
9 0.41875 0.5171875 0.0578125 0.1140625
9 0.3046875 0.6046875 0.1390625 0.0796875
9 0.4703125 0.74375 0.1765625 0.1
9 0.34375 0.4640625 0.1421875 0.10625
9 0.29375 0.3953125 0.1078125 0.0765625
9 0.46875 0.978125 0.1765625 0.04375