6 0.640625 0.465625 0.1 0.1578125
6 0.7515625 0.4515625 0.0890625 0.1609375
6 0.8796875 0.303125 0.14375 0.05625
6 0.93125 0.4828125 0.0984375 0.153125
6 0.89375 0.671875 0.1 0.1734375
6 0.565625 0.709375 0.1625 0.190625
6 0.20625 0.7328125 0.096875 0.1421875
6 0.265625 0.6296875 0.146875 0.103125
6 0.3484375 0.5265625 0.0953125 0.140625
6 0.265625 0.4421875 0.1515625 0.090625
6 0.1453125 0.49375 0.1453125 0.109375
6 0.21875 0.303125 0.109375 0.1328125
6 0.0640625 0.2015625 0.128125 0.109375
6 0.365625 0.2578125 0.15 0.040625
6 0.475 0.3078125 0.1125 0.0953125
6 0.61875 0.278125 0.1078125 0.0734375
6 0.6390625 0.1828125 0.115625 0.1171875
6 0.515625 0.184375 0.1484375 0.0921875
6 0.3703125 0.165625 0.1125 0.0828125
6 0.4734375 0.425 0.1625 0.0796875
6 0.934375 0.190625 0.103125 0.0890625
6 0.7765625 0.153125 0.16875 0.0578125
6 0.9546875 0.2828125 0.0890625 0.08125
6 0.565625 0.971875 0.1625 0.0546875
6 0.20625 0.971875 0.096875 0.0546875
6 0.0640625 0.0515625 0.128125 0.103125
6 0.365625 0.00625 0.15 0.0125
6 0.6390625 0.0671875 0.115625 0.1171875
6 0.515625 0.065625 0.1484375 0.0921875
6 0.3703125 0.084375 0.1125 0.0828125
6 0.934375 0.059375 0.103125 0.0890625
6 0.7765625 0.096875 0.16875 0.0578125