3 0.440625 0.4421875 0.0265625 0.0640625
3 0.4140625 0.428125 0.028125 0.08125
3 0.5046875 0.41875 0.034375 0.040625
3 0.4703125 0.4375 0.0421875 0.0484375
3 0.603125 0.4921875 0.0640625 0.096875
3 0.434375 0.396875 0.028125 0.0328125
3 0.49375 0.3984375 0.025 0.0359375
3 0.690625 0.628125 0.0640625 0.0796875
3 0.5484375 0.465625 0.046875 0.0234375
3 0.5125 0.44375 0.0484375 0.0234375
3 0.7203125 0.709375 0.040625 0.078125
3 0.4625 0.384375 0.0421875 0.028125
3 0.40625 0.3421875 0.0609375 0.053125
3 0.071875 0.4421875 0.0265625 0.0640625
3 0.0984375 0.428125 0.028125 0.08125
3 0.0125 0.41875 0.025 0.040625
3 0.978125 0.41875 0.034375 0.040625
3 0.0421875 0.4375 0.0421875 0.0484375
3 0.9953125 0.4359375 0.009375 0.0484375
3 0.8796875 0.4921875 0.0640625 0.096875
3 0.078125 0.396875 0.028125 0.0328125
3 0.01875 0.3984375 0.025 0.0359375
3 0.9875 0.396875 0.0234375 0.0359375
3 0.7921875 0.628125 0.0640625 0.0796875
3 0.934375 0.465625 0.046875 0.0234375
3 0.0109375 0.44140625 0.021875 0.0234375
3 0.9703125 0.44375 0.0484375 0.0234375
3 0.7625 0.709375 0.040625 0.078125
3 0.05 0.384375 0.0421875 0.028125
3 0.10625 0.3421875 0.0609375 0.053125