2 0.596875 0.4703125 0.0390625 0.028125
2 0.459375 0.5359375 0.053125 0.0234375
2 0.3609375 0.3109375 0.034375 0.028125
2 0.8296875 0.7046875 0.04375 0.0203125
2 0.6578125 0.58125 0.03125 0.01875
2 0.65 0.2375 0.028125 0.0390625
2 0.5046875 0.140625 0.025 0.015625
2 0.815625 0.540625 0.034375 0.0203125
2 0.78125 0.6125 0.0265625 0.03125
2 0.48125 0.3296875 0.03125 0.0171875
2 0.703125 0.528125 0.025 0.0171875
2 0.709375 0.509375 0.021875 0.0234375
2 0.7140625 0.4375 0.0234375 0.034375
2 0.5109375 0.234375 0.028125 0.0140625
2 0.896875 0.4015625 0.0390625 0.01875
2 0.1875 0.3984375 0.0296875 0.0203125
2 0.1125 0.134375 0.028125 0.01875
2 0.278125 0.8546875 0.0359375 0.0375
2 0.0546875 0.3984375 0.0328125 0.0171875
2 0.7625 0.4359375 0.021875 0.0296875
2 0.321875 0.340625 0.0375 0.01875
2 0.6671875 0.5015625 0.0234375 0.0234375
2 0.4578125 0.3171875 0.0234375 0.0203125
2 0.665625 0.521875 0.0390625 0.021875
2 0.821875 0.7328125 0.028125 0.025
2 0.609375 0.54375 0.0328125 0.015625
2 0.3 0.240625 0.0234375 0.0171875
2 0.71875 0.5578125 0.021875 0.0265625
2 0.61875 0.31875 0.015625 0.01875
2 0.7875 0.5359375 0.01875 0.01875
2 0.6203125 0.5046875 0.0171875 0.0171875
2 0.53125 0.4578125 0.0296875 0.0171875
2 0.7328125 0.4828125 0.025 0.0375
2 0.71875 0.4203125 0.028125 0.015625
2 0.3 0.8328125 0.028125 0.0265625
2 0.8578125 0.6265625 0.025 0.021875
2 0.7359375 0.528125 0.021875 0.0171875
2 0.65 0.015625 0.028125 0.03125
2 0.5046875 0.109375 0.025 0.015625
2 0.5109375 0.015625 0.028125 0.0140625
2 0.1125 0.115625 0.028125 0.01875
2 0.278125 0.8953125 0.0359375 0.0375
2 0.3 0.009375 0.0234375 0.0171875
2 0.3 0.9171875 0.028125 0.0265625