2 0.70625 0.4828125 0.13125 0.221875
2 0.38125 0.2453125 0.2046875 0.18125
2 0.4765625 0.4171875 0.121875 0.1796875
2 0.65625 0.1359375 0.078125 0.165625
2 0.275 0.8390625 0.0859375 0.071875
2 0.640625 0.321875 0.0859375 0.19375
2 0.5921875 0.628125 0.1078125 0.2015625
2 0.5828125 0.3015625 0.0609375 0.0953125
2 0.7421875 0.19375 0.0671875 0.075
2 0.85625 0.4828125 0.13125 0.221875
2 0.078125 0.2453125 0.15625 0.18125
2 0.90625 0.1359375 0.078125 0.165625
2 0.1625 0.8390625 0.0859375 0.071875
2 0.921875 0.321875 0.0859375 0.19375
2 0.9578125 0.6265625 0.084375 0.2015625
2 0.9734375 0.3 0.0515625 0.0953125
2 0.8203125 0.19375 0.0671875 0.075