10 0.378125 0.3921875 0.1 0.13125
10 0.484375 0.4703125 0.0421875 0.0921875
10 0.421875 0.4953125 0.065625 0.053125
10 0.2203125 0.665625 0.115625 0.078125
10 0.2203125 0.725 0.075 0.053125
10 0.1421875 0.353125 0.0671875 0.04375
10 0.8765625 0.4078125 0.0859375 0.053125
10 0.884375 0.453125 0.1 0.0578125
10 0.640625 0.3859375 0.06875 0.05625
10 0.5609375 0.4578125 0.0390625 0.0875
10 0.5265625 0.5265625 0.0328125 0.0859375
10 0.5671875 0.5859375 0.0765625 0.028125
10 0.5734375 0.5359375 0.0390625 0.071875
10 0.5 0.528125 0.0578125 0.0703125
10 0.44375 0.5375 0.103125 0.0625
10 0.45 0.56875 0.0640625 0.021875
10 0.515625 0.6125 0.1375 0.0359375
10 0.125 0.409375 0.096875 0.0484375
10 0.0515625 0.4375 0.078125 0.0171875
10 0.2203125 0.9796875 0.115625 0.040625
10 0.2203125 0.9390625 0.075 0.053125