2 0.5421875 0.371875 0.134375 0.0875
2 0.8203125 0.5140625 0.1703125 0.0953125
2 0.8859375 0.60625 0.159375 0.0671875
2 0.5078125 0.5109375 0.1046875 0.0859375
2 0.925 0.3375 0.1390625 0.1234375
2 0.7015625 0.4 0.1703125 0.128125
2 0.409375 0.51875 0.109375 0.1046875
2 0.59375 0.2703125 0.109375 0.0921875
2 0.75 0.2109375 0.1 0.090625
2 0.4109375 0.2953125 0.065625 0.096875
2 0.6046875 0.1828125 0.0828125 0.0359375
2 0.659375 0.6015625 0.1328125 0.1109375
2 0.92265625 0.0265625 0.1390625 0.053125
2 0.59375 0.0609375 0.109375 0.0921875
2 0.75 0.1203125 0.1 0.090625
2 0.4109375 0.0421875 0.065625 0.084375
2 0.6046875 0.1484375 0.0828125 0.0359375