2 0.4234375 0.4015625 0.0375 0.0296875
2 0.4515625 0.340625 0.025 0.05
2 0.459375 0.4 0.0234375 0.0484375
2 0.51875 0.3953125 0.0234375 0.053125
2 0.4953125 0.434375 0.046875 0.03125
2 0.5875 0.384375 0.040625 0.0265625
2 0.534375 0.4671875 0.059375 0.0359375
2 0.3453125 0.815625 0.046875 0.0546875
2 0.3 0.8875 0.034375 0.0453125
2 0.346875 0.8765625 0.04375 0.053125
2 0.45 0.8390625 0.05 0.053125
2 0.50625 0.971875 0.0359375 0.053125
2 0.290625 0.9875 0.0515625 0.021875
2 0.240625 0.5796875 0.0328125 0.0578125
2 0.815625 0.7875 0.03125 0.0453125
2 0.7609375 0.7328125 0.04375 0.0265625
2 0.5578125 0.8578125 0.05 0.040625
2 0.6234375 0.81875 0.040625 0.0375
2 0.684375 0.75625 0.03125 0.040625
2 0.8671875 0.7703125 0.0125 0.0359375
2 0.0125 0.578125 0.025 0.0578125
2 0.934375 0.7875 0.03125 0.0453125
2 0.9828125 0.73125 0.0328125 0.0265625
2 0.8828125 0.7703125 0.0125 0.0359375