3 0.4609375 0.678125 0.178125 0.121875
3 0.1171875 0.7390625 0.1578125 0.16875
3 0.1078125 0.2203125 0.16875 0.109375
3 0.2125 0.290625 0.1296875 0.14375
3 0.5515625 0.2203125 0.1390625 0.1015625
3 0.58125 0.3515625 0.1421875 0.1203125
3 0.2953125 0.465625 0.1671875 0.140625
3 0.44375 0.796875 0.2046875 0.0671875
3 0.165625 0.41875 0.134375 0.1109375
3 0.0828125 0.403125 0.115625 0.1171875
3 0.8625 0.5015625 0.1125 0.1046875
3 0.7140625 0.521875 0.125 0.1125
3 0.465625 0.4796875 0.1296875 0.196875
3 0.2671875 0.328125 0.1109375 0.1390625
3 0.053125 0.3015625 0.09375 0.053125
3 0.4609375 0.9625 0.178125 0.075
3 0.115625 0.9203125 0.1578125 0.159375
3 0.1078125 0.1109375 0.16875 0.109375
3 0.2109375 0.05625 0.1296875 0.1125
3 0.5515625 0.1109375 0.1390625 0.1015625
3 0.57890625 0.01875 0.1421875 0.0375
3 0.44375 0.8671875 0.2046875 0.0671875
3 0.265625 0.0359375 0.1109375 0.071875
3 0.053125 0.0296875 0.09375 0.053125