9 0.20625 0.4828125 0.0796875 0.153125
9 0.41875 0.6625 0.1671875 0.2
9 0.6296875 0.609375 0.1078125 0.1671875
9 0.753125 0.6609375 0.1375 0.1046875
9 0.7546875 0.490625 0.128125 0.0828125
9 0.74375 0.565625 0.121875 0.0953125
9 0.675 0.490625 0.125 0.128125
9 0.8921875 0.3578125 0.153125 0.0953125
9 0.8421875 0.434375 0.08125 0.06875
9 0.853125 0.2578125 0.14375 0.0984375
9 0.7765625 0.1546875 0.1453125 0.1078125
9 0.69375 0.0828125 0.165625 0.1078125
9 0.553125 0.159375 0.1234375 0.0984375
9 0.6296875 0.1828125 0.1515625 0.071875
9 0.6171875 0.3734375 0.1234375 0.09375
9 0.6734375 0.23125 0.0796875 0.1
9 0.5390625 0.321875 0.0921875 0.0640625
9 0.528125 0.2640625 0.08125 0.1109375
9 0.3953125 0.303125 0.1125 0.1375
9 0.2953125 0.3125 0.10625 0.134375
9 0.3109375 0.4390625 0.0765625 0.0859375
9 0.353125 0.4671875 0.109375 0.15
9 0.4640625 0.528125 0.128125 0.1078125
9 0.465625 0.4390625 0.096875 0.1125
9 0.459375 0.378125 0.0875 0.0640625
9 0.5046875 0.35 0.1125 0.065625
9 0.2125 0.9078125 0.1859375 0.18125
9 0.7546875 0.3609375 0.084375 0.153125
9 0.6 0.2890625 0.0796875 0.096875