9 0.3703125 0.4984375 0.1828125 0.2296875
9 0.4671875 0.35 0.1984375 0.2
9 0.765625 0.2859375 0.24375 0.1515625
9 0.63125 0.49375 0.15625 0.196875
9 0.540625 0.59375 0.1640625 0.096875
9 0.75625 0.653125 0.1734375 0.1296875
9 0.446875 0.734375 0.134375 0.1359375
9 0.2453125 0.6046875 0.2015625 0.1390625
9 0.14375 0.459375 0.1140625 0.24375
9 0.046875 0.565625 0.09375 0.1859375
9 0.884375 0.4515625 0.23125 0.109375
9 0.8953125 0.696875 0.190625 0.178125
9 0.66875 0.7640625 0.175 0.0734375
9 0.521875 0.6875 0.20625 0.09375
9 0.303125 0.2875 0.15625 0.184375
9 0.3828125 0.2171875 0.0890625 0.04375
9 0.465625 0.0703125 0.1984375 0.140625
9 0.765625 0.1046875 0.24375 0.1515625
9 0.5390625 0.98125 0.1640625 0.0375
9 0.7546875 0.9421875 0.1734375 0.1140625
9 0.446875 0.8703125 0.134375 0.1359375
9 0.24375 0.9640625 0.2015625 0.0703125
9 0.1421875 0.0265625 0.1140625 0.053125
9 0.046875 0.971875 0.09375 0.05625
9 0.8953125 0.9078125 0.190625 0.178125
9 0.66875 0.840625 0.175 0.0734375
9 0.521875 0.9171875 0.20625 0.09375
9 0.303125 0.103125 0.15625 0.184375
9 0.3828125 0.1734375 0.0890625 0.04375