9 0.11875 0.615625 0.20625 0.125
9 0.6 0.240625 0.190625 0.0765625
9 0.0734375 0.3328125 0.146875 0.1875
9 0.45625 0.290625 0.215625 0.11875
9 0.125 0.7421875 0.228125 0.1
9 0.3890625 0.5859375 0.1875 0.1609375
9 0.3390625 0.746875 0.20625 0.09375
9 0.7640625 0.265625 0.1484375 0.125
9 0.1375 0.471875 0.13125 0.1609375
9 0.9140625 0.603125 0.1640625 0.0671875
9 0.1859375 0.240625 0.1859375 0.0703125
9 0.5625 0.4125 0.1390625 0.18125
9 0.2515625 0.39375 0.1609375 0.128125
9 0.8953125 0.3640625 0.1984375 0.0734375
9 0.3734375 0.35 0.1578125 0.1328125
9 0.71875 0.6703125 0.1640625 0.153125
9 0.3765625 0.40625 0.1375 0.14375
9 0.7125 0.45625 0.178125 0.14375
9 0.6671875 0.359375 0.1296875 0.1296875
9 0.7140625 0.7640625 0.16875 0.059375
9 0.93125 0.521875 0.1265625 0.10625
9 0.8875 0.7125 0.1578125 0.165625
9 0.8671875 0.46875 0.1390625 0.14375
9 0.040625 0.490625 0.08125 0.096875
9 0.60625 0.63125 0.15 0.125
9 0.96875 0.75625 0.059375 0.0765625
9 0.2390625 0.48125 0.103125 0.1609375
9 0.946875 0.240625 0.1046875 0.075
9 0.7796875 0.5359375 0.0953125 0.159375
9 0.028125 0.646875 0.05625 0.1421875
9 0.46875 0.7765625 0.128125 0.0375
9 0.965625 0.459375 0.065625 0.1046875
9 0.5390625 0.5984375 0.184375 0.084375
9 0.9421875 0.303125 0.1125 0.109375
9 0.11875 0.95625 0.20625 0.0859375
9 0.6 0.165625 0.190625 0.0765625
9 0.0734375 0.0828125 0.146875 0.165625
9 0.45625 0.115625 0.215625 0.11875
9 0.125 0.85 0.228125 0.1
9 0.3890625 0.9625 0.1875 0.075
9 0.3390625 0.8453125 0.20625 0.09375
9 0.7640625 0.140625 0.1484375 0.125
9 0.9125 0.9765625 0.1640625 0.0453125
9 0.1859375 0.165625 0.1859375 0.0703125
9 0.5609375 0.0421875 0.1390625 0.084375
9 0.24921875 0.0375 0.1609375 0.075
9 0.8953125 0.0421875 0.1984375 0.0734375
9 0.371875 0.0609375 0.1578125 0.121875
9 0.71875 0.921875 0.1640625 0.153125
9 0.3765625 0.0359375 0.1375 0.071875
9 0.66484375 0.0546875 0.1296875 0.109375
9 0.7140625 0.828125 0.16875 0.059375
9 0.8875 0.8796875 0.1578125 0.165625
9 0.60625 0.9484375 0.15 0.1015625
9 0.96875 0.8359375 0.059375 0.0765625
9 0.946875 0.165625 0.1046875 0.075
9 0.028125 0.9359375 0.05625 0.1265625
9 0.46875 0.815625 0.128125 0.0375
9 0.5390625 0.975 0.184375 0.0484375
9 0.9421875 0.103125 0.1125 0.109375