9 0.55625 0.240625 0.0875 0.0828125
9 0.3265625 0.7484375 0.0796875 0.046875
9 0.8703125 0.2859375 0.1078125 0.06875
9 0.7890625 0.803125 0.109375 0.0703125
9 0.7171875 0.3515625 0.1046875 0.0484375
9 0.5671875 0.16875 0.08125 0.0796875
9 0.3703125 0.2734375 0.084375 0.05625
9 0.271875 0.159375 0.084375 0.06875
9 0.240625 0.24375 0.0890625 0.096875
9 0.8125 0.3640625 0.08125 0.103125
9 0.9421875 0.4046875 0.0984375 0.084375
9 0.375 0.31875 0.1171875 0.046875
9 0.6328125 0.246875 0.096875 0.05625
9 0.23125 0.35625 0.084375 0.0578125
9 0.609375 0.8109375 0.071875 0.0703125
9 0.2046875 0.4421875 0.1109375 0.05
9 0.09375 0.5640625 0.071875 0.0734375
9 0.078125 0.825 0.071875 0.0546875
9 0.475 0.4890625 0.0875 0.0859375
9 0.259375 0.525 0.0734375 0.0703125
9 0.7203125 0.5453125 0.06875 0.071875
9 0.2109375 0.7296875 0.115625 0.05
9 0.0921875 0.5 0.06875 0.06875
9 0.2515625 0.603125 0.078125 0.065625
9 0.8765625 0.496875 0.0875 0.0625
9 0.7890625 0.703125 0.0734375 0.065625
9 0.5296875 0.6109375 0.06875 0.08125
9 0.1046875 0.284375 0.0625 0.071875
9 0.44375 0.6859375 0.0953125 0.040625
9 0.490625 0.353125 0.078125 0.0671875
9 0.1703125 0.7625 0.08125 0.0578125
9 0.7875 0.634375 0.075 0.0828125
9 0.36875 0.640625 0.059375 0.084375
9 0.74375 0.1765625 0.0703125 0.0921875
9 0.4671875 0.7921875 0.078125 0.071875
9 0.334375 0.375 0.1 0.0421875
9 0.2171875 0.8328125 0.0515625 0.08125
9 0.65 0.525 0.0671875 0.096875
9 0.9625 0.7625 0.071875 0.04375
9 0.3546875 0.4875 0.1015625 0.0421875
9 0.2734375 0.690625 0.078125 0.0609375
9 0.9453125 0.63125 0.08125 0.065625
9 0.609375 0.75625 0.1234375 0.0484375
9 0.046875 0.1671875 0.09375 0.046875
9 0.1296875 0.203125 0.084375 0.084375
9 0.7625 0.5015625 0.0671875 0.065625
9 0.425 0.1625 0.0578125 0.075
9 0.7296875 0.6765625 0.0578125 0.103125
9 0.46875 0.5515625 0.0984375 0.0390625
9 0.875 0.215625 0.0875 0.04375
9 0.1234375 0.8015625 0.059375 0.078125
9 0.7671875 0.2703125 0.06875 0.0734375
9 0.475 0.40625 0.0515625 0.090625
9 0.85 0.5578125 0.1 0.040625
9 0.88125 0.8484375 0.0875 0.05
9 0.809375 0.2265625 0.0734375 0.0921875
9 0.64375 0.671875 0.0578125 0.1171875
9 0.5296875 0.6921875 0.0484375 0.0859375
9 0.421875 0.825 0.046875 0.0640625
9 0.165625 0.1640625 0.065625 0.078125
9 0.0296875 0.4390625 0.053125 0.075
9 0.378125 0.809375 0.078125 0.0390625
9 0.628125 0.1453125 0.096875 0.0421875
9 0.0375 0.3234375 0.075 0.053125
9 0.1453125 0.55 0.05 0.078125
9 0.4515625 0.2234375 0.065625 0.115625
9 0.025 0.5640625 0.05 0.071875
9 0.046875 0.675 0.046875 0.084375
9 0.5390625 0.7953125 0.0609375 0.08125
9 0.284375 0.428125 0.0953125 0.0421875
9 0.4078125 0.5875 0.053125 0.078125
9 0.465625 0.65625 0.0875 0.0390625
9 0.1484375 0.4921875 0.0546875 0.0734375
9 0.4109375 0.421875 0.075 0.0734375
9 0.3 0.803125 0.0921875 0.0359375
9 0.86875 0.66875 0.0578125 0.0875
9 0.221875 0.4921875 0.0765625 0.04375
9 0.3515625 0.540625 0.053125 0.0703125
9 0.903125 0.5671875 0.065625 0.075
9 0.0359375 0.240625 0.0609375 0.0921875
9 0.9609375 0.809375 0.075 0.0609375
9 0.1578125 0.859375 0.0859375 0.028125
9 0.2875 0.5609375 0.0953125 0.04375
9 0.9734375 0.565625 0.05 0.0796875
9 0.8328125 0.478125 0.071875 0.059375
9 0.9125 0.6875 0.0828125 0.0578125
9 0.096875 0.690625 0.0703125 0.0796875
9 0.584375 0.6734375 0.0609375 0.1
9 0.9671875 0.5015625 0.0625 0.0703125
9 0.1046875 0.41875 0.05 0.08125
9 0.01875 0.79375 0.0375 0.0703125
9 0.3625 0.8578125 0.0765625 0.0328125
9 0.346875 0.70625 0.0515625 0.0734375
9 0.5328125 0.8578125 0.0953125 0.03125
9 0.725 0.453125 0.0640625 0.0921875
9 0.734375 0.3078125 0.059375 0.05
9 0.85625 0.1375 0.0875 0.025
9 0.0203125 0.4796875 0.040625 0.0625
9 0.71875 0.2484375 0.0640625 0.046875
9 0.7109375 0.3859375 0.071875 0.0515625
9 0.15625 0.39375 0.046875 0.0359375
9 0.2828125 0.8484375 0.0671875 0.05
9 0.01875 0.1421875 0.0375 0.034375
9 0.9859375 0.246875 0.0265625 0.059375
9 0.4265625 0.51875 0.1046875 0.040625
9 0.3515625 0.2046875 0.059375 0.0484375
9 0.9671875 0.1359375 0.0640625 0.021875
9 0.3640625 0.440625 0.0703125 0.0390625
9 0.0375 0.75 0.075 0.0640625
9 0.7671875 0.5390625 0.0421875 0.0609375
9 0.0578125 0.6171875 0.0765625 0.053125
9 0.009375 0.2453125 0.01875 0.0765625
9 0.3765625 0.728125 0.059375 0.059375
9 0.0984375 0.4421875 0.0578125 0.040625
9 0.1359375 0.65625 0.05625 0.071875
9 0.090625 0.659375 0.0359375 0.0765625
9 0.55625 0.025 0.0875 0.05
9 0.325 0.9890625 0.0796875 0.021875
9 0.7890625 0.946875 0.109375 0.0703125
9 0.5671875 0.08125 0.08125 0.0796875
9 0.271875 0.090625 0.084375 0.06875
9 0.23828125 0.0265625 0.0890625 0.053125
9 0.6328125 0.015625 0.096875 0.03125
9 0.609375 0.9390625 0.071875 0.0703125
9 0.078125 0.925 0.071875 0.0546875
9 0.1703125 0.978125 0.08125 0.0421875
9 0.74375 0.0734375 0.0703125 0.0921875
9 0.4671875 0.9578125 0.078125 0.071875
9 0.2171875 0.9171875 0.0515625 0.08125
9 0.9625 0.9828125 0.071875 0.034375
9 0.6078125 0.984375 0.1234375 0.03125
9 0.046875 0.0828125 0.09375 0.046875
9 0.1296875 0.046875 0.084375 0.084375
9 0.425 0.0875 0.0578125 0.075
9 0.875 0.034375 0.0875 0.04375
9 0.1234375 0.9484375 0.059375 0.078125
9 0.7671875 0.0078125 0.06875 0.015625
9 0.88125 0.9015625 0.0875 0.05
9 0.8078125 0.034375 0.0734375 0.06875
9 0.421875 0.925 0.046875 0.0640625
9 0.165625 0.0859375 0.065625 0.078125
9 0.378125 0.940625 0.078125 0.0390625
9 0.628125 0.1046875 0.096875 0.0421875
9 0.4515625 0.0421875 0.065625 0.084375
9 0.5390625 0.9546875 0.0609375 0.08125
9 0.3 0.946875 0.0921875 0.0359375
9 0.03359375 0.0265625 0.0609375 0.053125
9 0.9609375 0.940625 0.075 0.0609375
9 0.1578125 0.890625 0.0859375 0.028125
9 0.01875 0.953125 0.0375 0.0703125
9 0.3625 0.8921875 0.0765625 0.0328125
9 0.5328125 0.8921875 0.0953125 0.03125
9 0.85625 0.1125 0.0875 0.025
9 0.7171875 0.0125 0.0640625 0.025
9 0.2828125 0.9015625 0.0671875 0.05
9 0.01875 0.1078125 0.0375 0.034375
9 0.98359375 0.015625 0.0265625 0.03125
9 0.3515625 0.0453125 0.059375 0.0484375
9 0.9671875 0.1140625 0.0640625 0.021875
9 0.0375 0.9828125 0.075 0.034375
9 0.009375 0.0203125 0.01875 0.040625