9 0.796875 0.75625 0.2171875 0.1140625
9 0.421875 0.3609375 0.1515625 0.109375
9 0.2125 0.4796875 0.1078125 0.1546875
9 0.3484375 0.559375 0.115625 0.134375
9 0.3484375 0.26875 0.125 0.1390625
9 0.075 0.4765625 0.0921875 0.1453125
9 0.4671875 0.6546875 0.1 0.1484375
9 0.2078125 0.3140625 0.1140625 0.1359375
9 0.81875 0.2546875 0.090625 0.125
9 0.6484375 0.5078125 0.1296875 0.0640625
9 0.1375 0.3890625 0.1421875 0.090625
9 0.7171875 0.528125 0.0984375 0.109375
9 0.71875 0.4171875 0.0875 0.1140625
9 0.2984375 0.815625 0.103125 0.1078125
9 0.7375 0.346875 0.084375 0.1171875
9 0.0359375 0.434375 0.071875 0.0515625
9 0.5265625 0.3609375 0.103125 0.0921875
9 0.6234375 0.3328125 0.1015625 0.0796875
9 0.425 0.6125 0.05625 0.1375
9 0.7734375 0.5328125 0.0796875 0.0859375
9 0.96875 0.1859375 0.0609375 0.1234375
9 0.11875 0.2984375 0.0875 0.1015625
9 0.51875 0.540625 0.1234375 0.1078125
9 0.625 0.5953125 0.090625 0.1109375
9 0.4765625 0.7640625 0.1296875 0.078125
9 0.525 0.7203125 0.1265625 0.071875
9 0.4578125 0.4265625 0.0921875 0.075
9 0.625 0.20625 0.0953125 0.125
9 0.440625 0.2359375 0.059375 0.0390625
9 0.6265625 0.675 0.1171875 0.1234375
9 0.703125 0.6515625 0.08125 0.0921875
9 0.5453125 0.6390625 0.1140625 0.1171875
9 0.3421875 0.48125 0.0890625 0.059375
9 0.4125 0.4671875 0.0703125 0.0890625
9 0.7953125 0.9671875 0.2171875 0.0640625
9 0.3484375 0.025 0.125 0.05
9 0.81875 0.028125 0.090625 0.05625
9 0.2984375 0.934375 0.103125 0.1078125
9 0.96875 0.0640625 0.0609375 0.1234375
9 0.475 0.9734375 0.1296875 0.053125
9 0.6234375 0.053125 0.0953125 0.10625
9 0.440625 0.015625 0.059375 0.03125