2 0.86875 0.4296875 0.215625 0.1734375
2 0.10625 0.7875 0.2046875 0.140625
2 0.9140625 0.6921875 0.165625 0.1640625
2 0.29375 0.2453125 0.1578125 0.0859375
2 0.3484375 0.353125 0.16875 0.1453125
2 0.7328125 0.671875 0.1828125 0.1125
2 0.4234375 0.6046875 0.15 0.1859375
2 0.5046875 0.275 0.1984375 0.15
2 0.5703125 0.4328125 0.190625 0.128125
2 0.4453125 0.6984375 0.15 0.1484375
2 0.31875 0.634375 0.0796875 0.1421875
2 0.153125 0.675 0.1859375 0.0984375
2 0.384375 0.546875 0.1953125 0.140625
2 0.096875 0.3921875 0.1203125 0.0890625
2 0.1046875 0.9453125 0.2046875 0.1078125
2 0.2921875 0.0234375 0.1578125 0.046875
2 0.503125 0.025 0.1984375 0.05