4 0.48125 0.521875 0.0890625 0.0515625
4 0.315625 0.490625 0.0765625 0.0578125
4 0.234375 0.4921875 0.065625 0.0546875
4 0.1265625 0.4609375 0.0703125 0.0453125
4 0.846875 0.48125 0.1015625 0.0578125
4 0.48125 0.196875 0.0890625 0.0515625
4 0.48125 0.7546875 0.0890625 0.0515625
4 0.315625 0.228125 0.0765625 0.0578125
4 0.315625 0.7859375 0.0765625 0.0578125
4 0.234375 0.2265625 0.065625 0.0546875
4 0.234375 0.784375 0.065625 0.0546875
4 0.1265625 0.2578125 0.0703125 0.0453125
4 0.1265625 0.815625 0.0703125 0.0453125
4 0.846875 0.2375 0.1015625 0.0578125
4 0.846875 0.7953125 0.1015625 0.0578125