0 0.51875 0.4484375 0.128125 0.0578125
0 0.4609375 0.3640625 0.090625 0.0875
0 0.484375 0.2765625 0.0890625 0.0734375
0 0.2921875 0.6890625 0.121875 0.090625
0 0.3828125 0.5203125 0.1078125 0.0828125
0 0.1734375 0.4015625 0.084375 0.0796875
0 0.4796875 0.546875 0.0765625 0.084375
0 0.3640625 0.846875 0.0875 0.0859375
0 0.5203125 0.7671875 0.0890625 0.0765625
0 0.315625 0.3921875 0.109375 0.0703125
0 0.6625 0.39375 0.1171875 0.090625
0 0.2078125 0.5421875 0.075 0.0796875
0 0.878125 0.6390625 0.065625 0.0484375
0 0.1109375 0.184375 0.0890625 0.1
0 0.0703125 0.48125 0.13125 0.0796875
0 0.9375 0.253125 0.1234375 0.109375
0 0.64375 0.5359375 0.0609375 0.1046875
0 0.6375 0.3109375 0.084375 0.0625
0 0.13125 0.678125 0.103125 0.084375
0 0.7 0.8125 0.10625 0.0484375
0 0.584375 0.3015625 0.059375 0.0921875
0 0.9546875 0.125 0.0890625 0.0703125
0 0.9171875 0.721875 0.05625 0.0515625
0 0.3015625 0.346875 0.071875 0.053125
0 0.046875 0.3984375 0.09375 0.0796875
0 0.0953125 0.5640625 0.0734375 0.1
0 0.46875 0.684375 0.090625 0.06875
0 0.85 0.765625 0.040625 0.0453125
0 0.7546875 0.703125 0.0625 0.05
0 0.13125 0.2625 0.0703125 0.0484375
0 0.10625 0.3125 0.06875 0.0359375
0 0.3640625 0.9625 0.0875 0.075
0 0.109375 0.0234375 0.0890625 0.046875
0 0.7 0.9890625 0.10625 0.021875
0 0.9546875 0.05625 0.0890625 0.0703125