1 0.8046875 0.209375 0.0984375 0.1390625
1 0.4390625 0.3328125 0.0875 0.071875
1 0.7359375 0.246875 0.078125 0.0703125
1 0.684375 0.4953125 0.059375 0.0703125
1 0.540625 0.5578125 0.0609375 0.06875
1 0.4953125 0.5171875 0.0390625 0.15625
1 0.4484375 0.5703125 0.065625 0.071875
1 0.3859375 0.465625 0.046875 0.0828125
1 0.3375 0.4515625 0.05 0.05
1 0.0609375 0.39375 0.1109375 0.0453125
1 0.221875 0.19375 0.046875 0.125
1 0.28125 0.1828125 0.053125 0.071875
1 0.803125 0.0546875 0.0984375 0.109375
1 0.7359375 0.01875 0.078125 0.0375
1 0.221875 0.059375 0.046875 0.11875
1 0.28125 0.0671875 0.053125 0.071875