4 0.7734375 0.6671875 0.0671875 0.0765625
4 0.8453125 0.5828125 0.05625 0.065625
4 0.696875 0.5296875 0.0734375 0.0828125
4 0.6875 0.4203125 0.0859375 0.0515625
4 0.7390625 0.378125 0.084375 0.0609375
4 0.7359375 0.4546875 0.0671875 0.0828125
4 0.596875 0.4515625 0.0375 0.0703125
4 0.5984375 0.48125 0.078125 0.034375
4 0.61875 0.540625 0.08125 0.0484375
4 0.5625 0.5375 0.04375 0.065625
4 0.521875 0.515625 0.0390625 0.078125
4 0.4625 0.51875 0.0703125 0.0640625
4 0.5203125 0.5859375 0.0625 0.0859375
4 0.534375 0.7640625 0.0671875 0.09375
4 0.6359375 0.7265625 0.0671875 0.084375
4 0.6609375 0.790625 0.0734375 0.084375
4 0.7515625 0.8328125 0.103125 0.0546875
4 0.396875 0.8875 0.0859375 0.1015625
4 0.3671875 0.515625 0.0640625 0.0484375
4 0.4046875 0.4765625 0.065625 0.0734375
4 0.48125 0.45 0.065625 0.090625
4 0.5578125 0.4265625 0.05625 0.0640625
4 0.5125 0.2828125 0.053125 0.0765625
4 0.603125 0.34375 0.0625 0.0984375
4 0.4953125 0.353125 0.0875 0.0703125
4 0.50625 0.196875 0.053125 0.0640625
4 0.425 0.15625 0.0765625 0.0453125
4 0.6421875 0.0640625 0.046875 0.071875
4 0.4421875 0.5875 0.06875 0.084375
4 0.375 0.578125 0.078125 0.0859375
4 0.97109375 0.66640625 0.0578125 0.0765625
4 0.9046875 0.5828125 0.05625 0.065625
4 0.984375 0.37734375 0.03125 0.0609375
4 0.98984375 0.45390625 0.0203125 0.0828125
4 0.9734375 0.83203125 0.053125 0.0546875