9 0.409375 0.303125 0.0921875 0.1359375
9 0.5125 0.3390625 0.1046875 0.15625
9 0.31875 0.1578125 0.0640625 0.1328125
9 0.2984375 0.35625 0.065625 0.1625
9 0.3109375 0.0546875 0.0703125 0.103125
9 0.634375 0.109375 0.0609375 0.134375
9 0.3921875 0.1890625 0.06875 0.13125
9 0.5828125 0.4171875 0.134375 0.1234375
9 0.5515625 0.1984375 0.0640625 0.1328125
9 0.5125 0.0921875 0.0890625 0.1265625
9 0.7234375 0.1203125 0.1109375 0.1015625
9 0.4265625 0.0796875 0.1046875 0.0921875
9 0.4296875 0.1453125 0.096875 0.0734375
9 0.471875 0.1953125 0.0625 0.13125
9 0.7140625 0.24375 0.084375 0.1390625
9 0.240625 0.0921875 0.04375 0.125
9 0.54375 0.8109375 0.1296875 0.1375
9 0.7375 0.040625 0.0859375 0.08125
9 0.603125 0.04375 0.0515625 0.0875
9 0.6125 0.0265625 0.103125 0.053125
9 0.0359375 0.30078125 0.071875 0.1359375
9 0.11875 0.1578125 0.0640625 0.1328125
9 0.1390625 0.35625 0.065625 0.1625
9 0.1265625 0.0546875 0.0703125 0.103125
9 0.9265625 0.109375 0.0609375 0.134375
9 0.0453125 0.1890625 0.06875 0.13125
9 0.9546875 0.415625 0.0890625 0.1234375
9 0.9875 0.196875 0.0234375 0.1328125
9 0.8375 0.1203125 0.1109375 0.1015625
9 0.03125 0.078125 0.0625 0.0921875
9 0.028125 0.14375 0.05625 0.0734375
9 0.846875 0.24375 0.084375 0.1390625
9 0.196875 0.0921875 0.04375 0.125
9 0.975 0.8109375 0.0484375 0.1375
9 0.8234375 0.040625 0.0859375 0.08125
9 0.9578125 0.04375 0.0515625 0.0875
9 0.9484375 0.0265625 0.103125 0.053125