0 0.6546875 0.75 0.25 0.1046875
0 0.5484375 0.6390625 0.2328125 0.0953125
0 0.8859375 0.328125 0.225 0.21875
0 0.3234375 0.6421875 0.25625 0.16875
0 0.790625 0.6734375 0.1265625 0.14375
0 0.734375 0.5453125 0.284375 0.1375
0 0.3796875 0.5 0.2390625 0.153125
0 0.75 0.4515625 0.209375 0.1609375
0 0.34375 0.4015625 0.190625 0.13125
0 0.096875 0.76875 0.19375 0.125
0 0.1875 0.5078125 0.203125 0.1734375
0 0.525 0.4609375 0.228125 0.228125
0 0.396875 0.2671875 0.2015625 0.121875
0 0.2125 0.2765625 0.14375 0.1109375
0 0.3109375 0.8078125 0.1875 0.0453125
0 0.8828125 0.2140625 0.2328125 0.0984375
0 0.4984375 0.3265625 0.115625 0.11875
0 0.2234375 0.6953125 0.234375 0.15625
0 0.0515625 0.6359375 0.103125 0.1203125
0 0.0359375 0.5125 0.071875 0.14375
0 0.06875 0.2140625 0.084375 0.096875
0 0.6078125 0.2 0.184375 0.0703125
0 0.3 0.2109375 0.153125 0.0921875
0 0.6546875 0.9140625 0.25 0.1046875
0 0.546875 0.9875 0.2328125 0.0234375
0 0.8859375 0.05625 0.225 0.1125
0 0.3234375 0.96875 0.25625 0.0625
0 0.7890625 0.959375 0.1265625 0.08125
0 0.096875 0.8953125 0.19375 0.125
0 0.396875 0.0640625 0.2015625 0.121875
0 0.2125 0.0546875 0.14375 0.109375
0 0.3109375 0.85625 0.1875 0.0453125
0 0.8828125 0.1171875 0.2328125 0.0984375
0 0.4984375 0.03125 0.115625 0.0625
0 0.2234375 0.9453125 0.234375 0.109375
0 0.0515625 0.9828125 0.103125 0.034375
0 0.06875 0.1171875 0.084375 0.096875
0 0.6078125 0.13125 0.184375 0.0703125
0 0.3 0.1203125 0.153125 0.0921875