1 0.7234375 0.296875 0.0953125 0.0859375
1 0.80625 0.2390625 0.0890625 0.0765625
1 0.6109375 0.20625 0.078125 0.08125
1 0.578125 0.28125 0.15 0.0875
1 0.65625 0.3671875 0.084375 0.1234375
1 0.6953125 0.45625 0.10625 0.0671875
1 0.7109375 0.53125 0.0859375 0.103125
1 0.84375 0.5078125 0.0640625 0.0984375
1 0.85 0.63125 0.090625 0.09375
1 0.7421875 0.678125 0.1109375 0.0640625
1 0.678125 0.7359375 0.1140625 0.065625
1 0.5828125 0.5265625 0.0703125 0.115625
1 0.6 0.6609375 0.0796875 0.0875
1 0.48125 0.6359375 0.0734375 0.103125
1 0.7703125 0.5375 0.08125 0.0734375
1 0.3421875 0.325 0.090625 0.1140625
1 0.4015625 0.425 0.0671875 0.10625
1 0.72109375 0.0375 0.0953125 0.075
1 0.80625 0.0921875 0.0890625 0.0765625
1 0.6109375 0.125 0.078125 0.08125
1 0.578125 0.05 0.15 0.0875
1 0.65625 0.0125 0.084375 0.025
1 0.740625 0.9765625 0.1109375 0.046875
1 0.678125 0.928125 0.1140625 0.065625
1 0.5984375 0.9796875 0.0796875 0.040625
1 0.4796875 0.9875 0.0734375 0.0234375
1 0.3421875 0.03125 0.090625 0.0625