4 0.2796875 0.15 0.065625 0.0390625
4 0.6671875 0.3 0.040625 0.0890625
4 0.7671875 0.3078125 0.0875 0.071875
4 0.959375 0.23125 0.0796875 0.0515625
4 0.9625 0.171875 0.0546875 0.05
4 0.4921875 0.3625 0.06875 0.0546875
4 0.371875 0.384375 0.084375 0.0625
4 0.409375 0.3625 0.0515625 0.0609375
4 0.609375 0.3734375 0.046875 0.0609375
4 0.646875 0.396875 0.0421875 0.0671875
4 0.6171875 0.475 0.0421875 0.08125
4 0.571875 0.4546875 0.05 0.065625
4 0.409375 0.5046875 0.0515625 0.0796875
4 0.36875 0.4859375 0.06875 0.05625
4 0.1640625 0.553125 0.05625 0.084375
4 0.0875 0.5875 0.046875 0.084375
4 0.5828125 0.7 0.059375 0.0546875
4 0.35625 0.8171875 0.040625 0.075
4 0.265625 0.8203125 0.06875 0.0703125
4 0.2640625 0.925 0.040625 0.0875
4 0.5046875 0.9671875 0.06875 0.0625
4 0.43125 0.971875 0.05625 0.0546875
4 0.9609375 0.9625 0.075 0.0546875
4 0.8828125 0.8453125 0.075 0.1078125
4 0.65 0.79375 0.04375 0.084375
4 0.64375 0.553125 0.078125 0.059375