1 0.5140625 0.590625 0.2828125 0.228125
1 0.71875 0.446875 0.225 0.234375
1 0.4953125 0.35 0.3203125 0.146875
1 0.6125 0.265625 0.2859375 0.2296875
1 0.7125 0.14375 0.203125 0.2359375
1 0.4515625 0.0703125 0.178125 0.140625
1 0.2515625 0.0546875 0.171875 0.109375
1 0.2171875 0.290625 0.1046875 0.1953125
1 0.4078125 0.7859375 0.1640625 0.2625
1 0.2859375 0.8953125 0.1796875 0.2078125
1 0.196875 0.903125 0.0625 0.1921875
1 0.2109375 0.5578125 0.090625 0.19375
1 0.915625 0.446875 0.1671875 0.234375
1 0.953125 0.2640625 0.0921875 0.2296875
1 0.925 0.1421875 0.15 0.2359375
1 0.0828125 0.0546875 0.165625 0.109375
1 0.1140625 0.290625 0.1046875 0.1953125
1 0.0671875 0.89375 0.134375 0.2078125
1 0.134375 0.903125 0.0625 0.1921875
1 0.1203125 0.5578125 0.090625 0.19375