4 0.634375 0.4296875 0.0875 0.1703125
4 0.528125 0.4734375 0.1265625 0.128125
4 0.4859375 0.4125 0.13125 0.1296875
4 0.403125 0.334375 0.1 0.18125
4 0.290625 0.353125 0.10625 0.153125
4 0.284375 0.43125 0.15625 0.134375
4 0.1265625 0.2546875 0.228125 0.128125
4 0.765625 0.2078125 0.178125 0.165625
4 0.8796875 0.6953125 0.1703125 0.140625
4 0.7046875 0.5421875 0.1921875 0.1890625
4 0.515625 0.646875 0.19375 0.1171875
4 0.3546875 0.6671875 0.159375 0.1953125
4 0.2890625 0.5640625 0.1546875 0.13125
4 0.6078125 0.753125 0.20625 0.190625
4 0.7421875 0.796875 0.1921875 0.1234375
4 0.8609375 0.83125 0.134375 0.084375
4 0.1265625 0.0296875 0.228125 0.059375
4 0.765625 0.0625 0.178125 0.125
4 0.6078125 0.95078125 0.20625 0.0984375
4 0.74140625 0.9453125 0.1921875 0.109375
4 0.8609375 0.91875 0.134375 0.084375