4 0.4640625 0.39375 0.05 0.0421875
4 0.5296875 0.565625 0.0234375 0.04375
4 0.55625 0.546875 0.0390625 0.04375
4 0.5984375 0.65 0.0390625 0.0296875
4 0.478125 0.634375 0.0296875 0.0484375
4 0.484375 0.6953125 0.0546875 0.0390625
4 0.46875 0.7359375 0.05 0.0296875
4 0.459375 0.7890625 0.05 0.028125
4 0.484375 0.453125 0.0328125 0.0578125
4 0.509375 0.471875 0.0421875 0.046875
4 0.36875 0.3859375 0.05 0.0609375
4 0.678125 0.30625 0.0390625 0.0515625
4 0.6875 0.1453125 0.0328125 0.0484375
4 0.7875 0.071875 0.0515625 0.0453125
4 0.8265625 0.0875 0.040625 0.0546875
4 0.85 0.04375 0.046875 0.03125
4 0.390625 0.0578125 0.0484375 0.0546875
4 0.4171875 0.69375 0.040625 0.0625
4 0.9625 0.071875 0.0515625 0.0453125
4 0.9234375 0.0875 0.040625 0.0546875
4 0.9 0.04375 0.046875 0.03125