12 0.259375 0.54375 0.115625 0.103125
12 0.9328125 0.559375 0.128125 0.0484375
12 0.7046875 0.5125 0.078125 0.0828125
12 0.50625 0.3859375 0.121875 0.0625
12 0.253125 0.625 0.1015625 0.0875
12 0.5234375 0.5 0.1109375 0.0734375
12 0.6640625 0.784375 0.090625 0.084375
12 0.7515625 0.634375 0.121875 0.0734375
12 0.925 0.60625 0.11875 0.046875
12 0.7609375 0.5578125 0.090625 0.0671875
12 0.86875 0.7046875 0.084375 0.09375
12 0.5421875 0.5609375 0.0828125 0.0515625
12 0.6640625 0.8796875 0.090625 0.084375
12 0.86875 0.95625 0.084375 0.0875