4 0.3890625 0.6234375 0.034375 0.0234375
4 0.4578125 0.5296875 0.0234375 0.0390625
4 0.5015625 0.5453125 0.0234375 0.021875
4 0.4875 0.5765625 0.0234375 0.0390625
4 0.4671875 0.56875 0.0234375 0.015625
4 0.5390625 0.55 0.028125 0.021875
4 0.7296875 0.3984375 0.03125 0.034375
4 0.765625 0.3671875 0.0234375 0.028125
4 0.1203125 0.8015625 0.0359375 0.0375
4 0.190625 0.7640625 0.0453125 0.01875
4 0.3140625 0.6875 0.0265625 0.0234375
4 0.1203125 0.9484375 0.0359375 0.0375
4 0.190625 0.9859375 0.0453125 0.01875