9 0.4140625 0.8234375 0.065625 0.0453125
9 0.8078125 0.4828125 0.0609375 0.078125
9 0.321875 0.8046875 0.0953125 0.071875
9 0.803125 0.5359375 0.078125 0.04375
9 0.2921875 0.5328125 0.134375 0.053125
9 0.375 0.734375 0.09375 0.04375
9 0.921875 0.471875 0.0890625 0.06875
9 0.7109375 0.603125 0.0671875 0.0453125
9 0.4109375 0.784375 0.0671875 0.04375
9 0.4703125 0.8125 0.0671875 0.071875
9 0.5859375 0.70625 0.0640625 0.08125
9 0.428125 0.55 0.0765625 0.0390625
9 0.5 0.3609375 0.065625 0.0453125
9 0.8515625 0.55625 0.0828125 0.04375
9 0.6890625 0.653125 0.06875 0.0453125
9 0.35625 0.4890625 0.0796875 0.0578125
9 0.715625 0.4953125 0.040625 0.0609375
9 0.228125 0.3671875 0.0828125 0.0421875
9 0.4875 0.609375 0.059375 0.0765625
9 0.5359375 0.7296875 0.0546875 0.084375
9 0.43125 0.6875 0.0671875 0.0640625
9 0.3703125 0.7703125 0.0625 0.0515625
9 0.0578125 0.665625 0.0890625 0.046875
9 0.53125 0.4921875 0.078125 0.034375
9 0.4734375 0.7125 0.0703125 0.0359375
9 0.4625 0.7453125 0.06875 0.0296875
9 0.75625 0.4984375 0.053125 0.06875
9 0.68125 0.6921875 0.0703125 0.0421875
9 0.6953125 0.4421875 0.0703125 0.0734375
9 0.159375 0.7734375 0.071875 0.06875
9 0.3 0.3265625 0.05 0.04375
9 0.4015625 0.85625 0.090625 0.0359375
9 0.30625 0.3984375 0.0640625 0.0453125
9 0.446875 0.334375 0.05 0.071875
9 0.534375 0.8140625 0.0625 0.0453125
9 0.2609375 0.39375 0.046875 0.075
9 0.6484375 0.615625 0.0484375 0.05625
9 0.7171875 0.340625 0.0515625 0.0609375
9 0.221875 0.49375 0.0609375 0.0375
9 0.6890625 0.54375 0.0578125 0.0390625
9 0.678125 0.3296875 0.0453125 0.0640625
9 0.6640625 0.49375 0.053125 0.0625
9 0.625 0.4078125 0.0734375 0.0421875
9 0.5953125 0.471875 0.0828125 0.0375
9 0.5203125 0.4578125 0.0609375 0.0484375
9 0.375 0.44375 0.06875 0.0515625
9 0.4640625 0.4734375 0.040625 0.0578125
9 0.634375 0.671875 0.046875 0.0328125
9 0.1984375 0.4125 0.0484375 0.0515625
9 0.36875 0.3625 0.0578125 0.05625
9 0.29375 0.4875 0.053125 0.0328125
9 0.4046875 0.4921875 0.0640625 0.0296875
9 0.43125 0.4734375 0.0265625 0.034375
9 0.4234375 0.4484375 0.046875 0.0671875
9 0.396875 0.409375 0.046875 0.0671875
9 0.39375 0.353125 0.059375 0.0625
9 0.465625 0.3875 0.075 0.03125
9 0.5328125 0.3921875 0.06875 0.05625
9 0.5421875 0.3484375 0.0359375 0.053125
9 0.559375 0.3234375 0.025 0.0625
9 0.565625 0.284375 0.0359375 0.0578125
9 0.6125 0.2875 0.05625 0.040625
9 0.6046875 0.3265625 0.05625 0.0578125
9 0.6359375 0.3734375 0.065625 0.03125
9 0.5890625 0.5546875 0.05625 0.078125
9 0.6578125 0.575 0.0453125 0.0375
9 0.1453125 0.5484375 0.0828125 0.04375
9 0.50625 0.7890625 0.0359375 0.06875
9 0.8265625 0.7171875 0.05625 0.028125
9 0.4875 0.3171875 0.0265625 0.0546875
9 0.4515625 0.2921875 0.05 0.0390625
9 0.2234375 0.446875 0.0625 0.0359375
9 0.4484375 0.5953125 0.0515625 0.05625
9 0.453125 0.6484375 0.0390625 0.059375
9 0.4140625 0.9265625 0.065625 0.0453125
9 0.321875 0.9453125 0.0953125 0.071875
9 0.4109375 0.965625 0.0671875 0.04375
9 0.4703125 0.9375 0.0671875 0.071875
9 0.534375 0.9890625 0.0546875 0.021875
9 0.3703125 0.9765625 0.0625 0.046875
9 0.4625 0.99375 0.06875 0.0109375
9 0.159375 0.9703125 0.071875 0.0578125
9 0.4015625 0.89375 0.090625 0.0359375
9 0.534375 0.9359375 0.0625 0.0453125
9 0.50625 0.9609375 0.0359375 0.06875