0 0.3234375 0.328125 0.0328125 0.01875
0 0.03125 0.3265625 0.028125 0.028125
0 0.4953125 0.6078125 0.0359375 0.021875
0 0.415625 0.65 0.0359375 0.01875
0 0.4796875 0.5828125 0.03125 0.03125
0 0.7515625 0.6890625 0.0375 0.0203125
0 0.365625 0.5875 0.034375 0.0203125
0 0.4390625 0.71875 0.0375 0.0296875
0 0.575 0.2625 0.0390625 0.0171875
0 0.55625 0.4984375 0.0359375 0.0234375
0 0.5625 0.5359375 0.034375 0.021875
0 0.3171875 0.653125 0.03125 0.0234375
0 0.51875 0.7078125 0.0265625 0.028125
0 0.5890625 0.74375 0.040625 0.01875
0 0.678125 0.7015625 0.03125 0.021875
0 0.771875 0.6625 0.03125 0.0296875
0 0.65625 0.690625 0.034375 0.021875
0 0.5375 0.653125 0.04375 0.0203125
0 0.7046875 0.6625 0.0375 0.0203125
0 0.471875 0.690625 0.034375 0.028125
0 0.78125 0.6296875 0.040625 0.01875
0 0.1296875 0.4015625 0.0359375 0.0171875
0 0.703125 0.4734375 0.0390625 0.0171875
0 0.334375 0.36875 0.028125 0.03125
0 0.765625 0.5546875 0.03125 0.0203125
0 0.3265625 0.5890625 0.0265625 0.028125
0 0.3484375 0.60625 0.034375 0.0171875
0 0.6984375 0.584375 0.03125 0.0296875
0 0.7265625 0.528125 0.0390625 0.0203125
0 0.44375 0.2921875 0.025 0.03125
0 0.1765625 0.665625 0.0390625 0.021875
0 0.36875 0.315625 0.0296875 0.021875
0 0.3015625 0.7109375 0.034375 0.0171875
0 0.4390625 0.228125 0.025 0.034375
0 0.971875 0.4859375 0.0296875 0.0234375
0 0.1953125 0.509375 0.03125 0.0328125
0 0.7328125 0.5546875 0.0359375 0.0171875
0 0.8546875 0.4890625 0.0421875 0.0203125
0 0.725 0.5984375 0.0234375 0.03125
0 0.503125 0.409375 0.0359375 0.0171875
0 0.434375 0.5703125 0.0375 0.0234375
0 0.3296875 0.478125 0.034375 0.021875
0 0.3875 0.46875 0.028125 0.0234375
0 0.31875 0.740625 0.0375 0.0171875
0 0.4703125 0.5265625 0.0234375 0.0359375
0 0.45625 0.4890625 0.0359375 0.0171875
0 0.5734375 0.4828125 0.0359375 0.0171875
0 0.4 0.1671875 0.0296875 0.025
0 0.140625 0.4671875 0.03125 0.0171875
0 0.484375 0.228125 0.028125 0.0359375
0 0.325 0.446875 0.021875 0.03125
0 0.5796875 0.559375 0.0359375 0.025
0 0.8265625 0.53125 0.0359375 0.0234375
0 0.41875 0.465625 0.0265625 0.0265625
0 0.253125 0.7765625 0.028125 0.0390625
0 0.1953125 0.625 0.03125 0.03125
0 0.25625 0.6109375 0.03125 0.015625
0 0.56875 0.2359375 0.0328125 0.025
0 0.4 0.5484375 0.0234375 0.0328125
0 0.34375 0.5390625 0.021875 0.0328125
0 0.25625 0.71875 0.0296875 0.034375
0 0.240625 0.5125 0.028125 0.0359375
0 0.928125 0.4796875 0.0265625 0.0328125
0 0.2421875 0.6546875 0.03125 0.0203125
0 0.54375 0.4609375 0.025 0.0328125
0 0.3609375 0.4671875 0.0265625 0.021875
0 0.403125 0.325 0.021875 0.021875
0 0.28125 0.5796875 0.021875 0.0296875
0 0.290625 0.771875 0.0265625 0.0375
0 0.5734375 0.865625 0.025 0.0171875
0 0.3796875 0.4375 0.034375 0.01875
0 0.9078125 0.3265625 0.0234375 0.0328125
0 0.28125 0.64375 0.0328125 0.015625
0 0.73125 0.4421875 0.0359375 0.021875
0 0.2640625 0.5921875 0.03125 0.01875
0 0.4484375 0.3921875 0.025 0.0296875
0 0.8140625 0.3328125 0.0359375 0.0203125
0 0.3046875 0.6234375 0.0328125 0.015625
0 0.2296875 0.290625 0.0265625 0.0171875
0 0.3984375 0.3953125 0.025 0.0328125
0 0.43125 0.5375 0.0375 0.0203125
0 0.2265625 0.603125 0.025 0.0328125
0 0.928125 0.440625 0.025 0.028125
0 0.390625 0.628125 0.021875 0.03125
0 0.2796875 0.61875 0.025 0.0234375
0 0.9765625 0.509375 0.025 0.025
0 0.63125 0.5578125 0.03125 0.028125
0 0.45 0.5515625 0.0203125 0.028125
0 0.7421875 0.4125 0.0421875 0.0203125
0 0.7203125 0.353125 0.025 0.028125
0 0.128125 0.565625 0.0234375 0.03125
0 0.81875 0.4203125 0.025 0.028125
0 0.3515625 0.4375 0.021875 0.03125
0 0.153125 0.1828125 0.01875 0.0234375
0 0.43125 0.3328125 0.025 0.01875
0 0.2125 0.809375 0.0296875 0.0234375
0 0.659375 0.3546875 0.0265625 0.028125
0 0.8546875 0.425 0.025 0.0328125
0 0.428125 0.35 0.0203125 0.0171875
0 0.6203125 0.4734375 0.03125 0.025
0 0.365625 0.2796875 0.0203125 0.03125
0 0.6828125 0.425 0.0390625 0.0171875
0 0.321875 0.61875 0.0234375 0.021875
0 0.8734375 0.3125 0.0359375 0.0203125
0 0.671875 0.45 0.0375 0.0171875
0 0.934375 0.3453125 0.021875 0.0296875
0 0.803125 0.3953125 0.0234375 0.03125
0 0.3171875 0.2390625 0.025 0.03125
0 0.3203125 0.2515625 0.028125 0.025
0 0.325 0.2953125 0.0265625 0.0125
0 0.3375 0.30625 0.021875 0.015625
0 0.35625 0.290625 0.025 0.0171875
0 0.378125 0.3265625 0.021875 0.021875
0 0.4015625 0.359375 0.028125 0.0125
0 0.409375 0.3421875 0.01875 0.0203125
0 0.396875 0.340625 0.0125 0.01875
0 0.39375 0.340625 0.021875 0.0109375
0 0.6015625 0.44375 0.025 0.0328125
0 0.4390625 0.778125 0.0296875 0.025
0 0.46875 0.8671875 0.0390625 0.0125
0 0.259375 0.8546875 0.021875 0.0203125
0 0.990625 0.59375 0.015625 0.028125
0 0.959375 0.5296875 0.028125 0.01875
0 0.9328125 0.26875 0.0265625 0.025
0 0.9421875 0.24375 0.0234375 0.0109375
0 0.8265625 0.3171875 0.0328125 0.015625
0 0.6921875 0.3578125 0.0359375 0.021875
0 0.6625 0.35 0.0171875 0.01875
0 0.5125 0.378125 0.0359375 0.01875
0 0.4390625 0.021875 0.025 0.034375
0 0.4 0.0828125 0.0296875 0.025
0 0.484375 0.021875 0.028125 0.0359375
0 0.253125 0.9734375 0.028125 0.0390625
0 0.56875 0.0140625 0.0328125 0.025
0 0.290625 0.978125 0.0265625 0.0375
0 0.5734375 0.884375 0.025 0.0171875
0 0.153125 0.0671875 0.01875 0.0234375
0 0.2125 0.940625 0.0296875 0.0234375
0 0.3171875 0.0125 0.025 0.025
0 0.3203125 0.0046875 0.028125 0.009375
0 0.4390625 0.971875 0.0296875 0.025
0 0.46875 0.8828125 0.0390625 0.0125
0 0.259375 0.8953125 0.021875 0.0203125
0 0.9421875 0.00625 0.0234375 0.0109375