4 0.625 0.69375 0.3546875 0.2734375
4 0.1734375 0.440625 0.346875 0.2125
4 0.3984375 0.3140625 0.590625 0.2625
4 0.6015625 0.3921875 0.24375 0.4546875
4 0.778125 0.284375 0.4421875 0.2390625
4 0.890625 0.5890625 0.21875 0.34375
4 0.125 0.68984375 0.25 0.1421875
4 0.62421875 0.91640625 0.3546875 0.1671875
4 0.3984375 0.07421875 0.590625 0.1484375
4 0.6015625 0.0828125 0.24375 0.165625
4 0.77734375 0.0828125 0.4421875 0.165625
4 0.890625 0.9515625 0.21875 0.096875
4 0.125 0.95078125 0.25 0.0984375