4 0.5265625 0.45625 0.84375 0.26875
4 0.46875 0.3078125 0.2828125 0.2046875
4 0.69375 0.3015625 0.1484375 0.2515625
4 0.234375 0.21875 0.24375 0.10625
4 0.8296875 0.7 0.1734375 0.2640625
4 0.4203125 0.70625 0.2609375 0.1953125
4 0.0671875 0.7140625 0.134375 0.234375
4 0.46796875 0.0625 0.2828125 0.125
4 0.69296875 0.07734375 0.1484375 0.1546875
4 0.234375 0.1125 0.24375 0.10625
4 0.82890625 0.915625 0.1734375 0.16875
4 0.41953125 0.9296875 0.2609375 0.140625
4 0.0671875 0.91640625 0.134375 0.1671875