1 0.6703125 0.4140625 0.1171875 0.0921875
1 0.79375 0.4734375 0.103125 0.1046875
1 0.8765625 0.3703125 0.06875 0.078125
1 0.9703125 0.246875 0.05625 0.065625
1 0.2671875 0.190625 0.0609375 0.1046875
1 0.275 0.1515625 0.1609375 0.0546875
1 0.3328125 0.5625 0.065625 0.0828125
1 0.584375 0.603125 0.08125 0.10625
1 0.5390625 0.69375 0.075 0.1046875
1 0.459375 0.721875 0.109375 0.06875
1 0.325 0.7421875 0.0390625 0.0671875
1 0.303125 0.790625 0.075 0.04375
1 0.2640625 0.746875 0.071875 0.0546875
1 0.2453125 0.653125 0.0578125 0.1046875
1 0.2109375 0.471875 0.075 0.046875
1 0.1515625 0.6046875 0.078125 0.046875
1 0.171875 0.6796875 0.0734375 0.096875
1 0.6671875 0.7875 0.05 0.0703125
1 0.66875 0.821875 0.0546875 0.053125
1 0.715625 0.7515625 0.04375 0.0703125
1 0.7984375 0.7046875 0.0609375 0.084375
1 0.8703125 0.5375 0.0625 0.0640625
1 0.9484375 0.65625 0.05 0.065625
1 0.9703125 0.0171875 0.05625 0.034375
1 0.2671875 0.059375 0.0609375 0.1046875
1 0.275 0.0984375 0.1609375 0.0546875
1 0.3234375 0.9859375 0.0390625 0.0265625
1 0.303125 0.959375 0.075 0.04375
1 0.2640625 0.9875 0.071875 0.025
1 0.6671875 0.9625 0.05 0.0703125
1 0.66875 0.928125 0.0546875 0.053125
1 0.715625 0.98125 0.04375 0.0375