4 0.571875 0.4921875 0.1109375 0.10625
4 0.453125 0.4421875 0.103125 0.084375
4 0.709375 0.5390625 0.0625 0.046875
4 0.4890625 0.3765625 0.1078125 0.0828125
4 0.446875 0.303125 0.0609375 0.0359375
4 0.609375 0.3296875 0.0265625 0.0421875
4 0.5765625 0.3484375 0.04375 0.0390625
4 0.5 0.3234375 0.046875 0.0296875
4 0.61875 0.4015625 0.04375 0.034375
4 0.6859375 0.4203125 0.0515625 0.025
4 0.6359375 0.43125 0.0421875 0.0390625
4 0.58125 0.440625 0.0453125 0.0234375
4 0.4515625 0.490625 0.046875 0.0515625
4 0.396875 0.49375 0.0296875 0.0421875
4 0.3515625 0.4796875 0.0625 0.0234375
4 0.3328125 0.440625 0.0390625 0.0390625
4 0.3765625 0.4296875 0.034375 0.0453125
4 0.275 0.4046875 0.0390625 0.0390625
4 0.28125 0.503125 0.0515625 0.046875
4 0.334375 0.5296875 0.0359375 0.046875
4 0.3828125 0.5234375 0.0484375 0.0234375
4 0.4296875 0.5390625 0.0390625 0.04375
4 0.3859375 0.5765625 0.0578125 0.0390625
4 0.49375 0.575 0.05625 0.040625
4 0.5734375 0.559375 0.0515625 0.04375
4 0.615625 0.5171875 0.059375 0.0296875
4 0.659375 0.484375 0.0453125 0.0328125
4 0.6890625 0.4703125 0.0328125 0.0359375
4 0.7 0.4921875 0.0515625 0.0375
4 0.64375 0.6046875 0.0484375 0.0453125
4 0.578125 0.5984375 0.0515625 0.03125
4 0.590625 0.646875 0.059375 0.0375
4 0.46875 0.628125 0.05625 0.0375
4 0.725 0.6078125 0.0328125 0.034375
4 0.725 0.39375 0.03125 0.0421875
4 0.703125 0.309375 0.065625 0.0296875
4 0.2890625 0.7078125 0.0671875 0.0484375
4 0.3453125 0.778125 0.0578125 0.05
4 0.5109375 0.7671875 0.0546875 0.03125
4 0.525 0.8171875 0.040625 0.0734375
4 0.4046875 0.953125 0.053125 0.046875
4 0.7 0.2375 0.0375 0.0234375
4 0.3828125 0.2171875 0.028125 0.015625
4 0.9109375 0.4921875 0.1109375 0.10625
4 0.059375 0.4421875 0.103125 0.084375
4 0.9890625 0.4421875 0.021875 0.084375
4 0.7734375 0.5390625 0.0625 0.046875
4 0.03828125 0.37578125 0.0765625 0.0828125
4 0.96953125 0.37578125 0.0609375 0.0828125
4 0.065625 0.303125 0.0609375 0.0359375
4 0.8734375 0.3296875 0.0265625 0.0421875
4 0.90625 0.3484375 0.04375 0.0390625
4 0.01796875 0.32265625 0.0359375 0.0296875
4 0.9796875 0.32265625 0.040625 0.0296875
4 0.8640625 0.4015625 0.04375 0.034375
4 0.796875 0.4203125 0.0515625 0.025
4 0.846875 0.43125 0.0421875 0.0390625
4 0.9015625 0.440625 0.0453125 0.0234375
4 0.0609375 0.490625 0.046875 0.0515625
4 0.115625 0.49375 0.0296875 0.0421875
4 0.1609375 0.4796875 0.0625 0.0234375
4 0.1796875 0.440625 0.0390625 0.0390625
4 0.1359375 0.4296875 0.034375 0.0453125
4 0.2375 0.4046875 0.0390625 0.0390625
4 0.23125 0.503125 0.0515625 0.046875
4 0.178125 0.5296875 0.0359375 0.046875
4 0.1296875 0.5234375 0.0484375 0.0234375
4 0.0828125 0.5390625 0.0390625 0.04375
4 0.1265625 0.5765625 0.0578125 0.0390625
4 0.0234375 0.575 0.046875 0.040625
4 0.98046875 0.575 0.0390625 0.040625
4 0.909375 0.559375 0.0515625 0.04375
4 0.8671875 0.5171875 0.059375 0.0296875
4 0.8234375 0.484375 0.0453125 0.0328125
4 0.79375 0.4703125 0.0328125 0.0359375
4 0.7828125 0.4921875 0.0515625 0.0375
4 0.8390625 0.6046875 0.0484375 0.0453125
4 0.9046875 0.5984375 0.0515625 0.03125
4 0.8921875 0.646875 0.059375 0.0375
4 0.04375 0.628125 0.05625 0.0375
4 0.99296875 0.628125 0.0140625 0.0375
4 0.7578125 0.6078125 0.0328125 0.034375
4 0.7578125 0.39375 0.03125 0.0421875
4 0.7796875 0.309375 0.065625 0.0296875
4 0.2234375 0.7078125 0.0671875 0.0484375
4 0.1671875 0.778125 0.0578125 0.05
4 0.0140625 0.7671875 0.028125 0.03125
4 0.971875 0.7671875 0.0546875 0.03125
4 0.9578125 0.8171875 0.040625 0.0734375
4 0.1078125 0.953125 0.053125 0.046875
4 0.7828125 0.2375 0.0375 0.0234375
4 0.1296875 0.2171875 0.028125 0.015625