9 0.146875 0.3609375 0.21875 0.3609375
9 0.8671875 0.7140625 0.2625 0.221875
9 0.640625 0.26875 0.309375 0.353125
9 0.34375 0.384375 0.221875 0.3984375
9 0.6015625 0.628125 0.271875 0.340625
9 0.2484375 0.6703125 0.3796875 0.1796875
9 0.1109375 0.8578125 0.221875 0.171875
9 0.7984375 0.453125 0.2078125 0.40625
9 0.4390625 0.8546875 0.2421875 0.1796875
9 0.69375 0.8859375 0.2859375 0.1078125
9 0.9109375 0.86875 0.1734375 0.15
9 0.0875 0.5234375 0.175 0.15625
9 0.8984375 0.2296875 0.196875 0.15625
9 0.528125 0.6203125 0.25625 0.1921875
9 0.1109375 0.971875 0.221875 0.0546875
9 0.4375 0.971875 0.2421875 0.05625
9 0.6921875 0.9734375 0.2859375 0.0515625
9 0.909375 0.971875 0.1734375 0.0546875