12 0.7625 0.49375 0.11875 0.14375
12 0.66875 0.6171875 0.084375 0.1625
12 0.7109375 0.58125 0.125 0.096875
12 0.625 0.5203125 0.1109375 0.121875
12 0.65625 0.4796875 0.121875 0.0828125
12 0.853125 0.4359375 0.1 0.1171875
12 0.7953125 0.3046875 0.15625 0.078125
12 0.6453125 0.3890625 0.1390625 0.0609375
12 0.546875 0.3453125 0.1109375 0.071875
12 0.525 0.4125 0.1171875 0.0609375
12 0.415625 0.40625 0.1375 0.075
12 0.4234375 0.3375 0.13125 0.0828125
12 0.41875 0.2375 0.1015625 0.1296875
12 0.6203125 0.2640625 0.121875 0.0609375
12 0.5109375 0.1625 0.1265625 0.06875
12 0.6546875 0.16875 0.0859375 0.0890625
12 0.2734375 0.2640625 0.071875 0.1171875
12 0.3375 0.3125 0.096875 0.1046875
12 0.30625 0.45 0.13125 0.1171875
12 0.1859375 0.5265625 0.1234375 0.0546875
12 0.30625 0.5921875 0.10625 0.0609375
12 0.421875 0.6546875 0.1109375 0.153125
12 0.3625 0.75625 0.1125 0.178125
12 0.2625 0.6796875 0.0546875 0.1078125
12 0.2171875 0.6890625 0.0546875 0.1140625
12 0.171875 0.678125 0.065625 0.128125
12 0.2171875 0.78125 0.0828125 0.0765625
12 0.1546875 0.784375 0.0828125 0.065625
12 0.05 0.7609375 0.1 0.109375
12 0.0890625 0.65625 0.1046875 0.103125
12 0.065625 0.528125 0.0703125 0.121875
12 0.5890625 0.6015625 0.0828125 0.159375
12 0.41640625 0.0375 0.1015625 0.075
12 0.6203125 0.0078125 0.121875 0.015625
12 0.5109375 0.0875 0.1265625 0.06875
12 0.6546875 0.08125 0.0859375 0.0890625
12 0.2734375 0.021875 0.071875 0.04375
12 0.3625 0.9515625 0.1125 0.0953125
12 0.215625 0.9640625 0.0828125 0.0703125
12 0.1546875 0.965625 0.0828125 0.065625
12 0.05 0.9671875 0.1 0.065625