8 0.3859375 0.75625 0.0640625 0.05625
8 0.3265625 0.6625 0.078125 0.05625
8 0.5609375 0.3015625 0.0484375 0.0734375
8 0.5734375 0.36875 0.0640625 0.0703125
8 0.446875 0.3359375 0.0671875 0.0578125
8 0.371875 0.3640625 0.0359375 0.0671875
8 0.271875 0.2109375 0.0703125 0.0625
8 0.2375 0.159375 0.046875 0.053125
8 0.2796875 0.4859375 0.065625 0.0640625
8 0.440625 0.425 0.0390625 0.05625
8 0.1421875 0.9046875 0.034375 0.0484375
8 0.20625 0.9546875 0.06875 0.0515625
8 0.565625 0.08125 0.0546875 0.0421875
8 0.484375 0.078125 0.059375 0.0625
8 0.6984375 0.115625 0.046875 0.071875
8 0.7390625 0.2328125 0.0421875 0.059375
8 0.01796875 0.159375 0.0359375 0.053125
8 0.1078125 0.9046875 0.034375 0.0484375
8 0.04375 0.9546875 0.06875 0.0515625
8 0.99453125 0.2328125 0.0109375 0.059375