8 0.3484375 0.28125 0.1125 0.1234375
8 0.3484375 0.20625 0.115625 0.0828125
8 0.2640625 0.21875 0.0625 0.10625
8 0.215625 0.2296875 0.075 0.1109375
8 0.240625 0.346875 0.0765625 0.115625
8 0.10625 0.4140625 0.109375 0.096875
8 0.0765625 0.3421875 0.078125 0.071875
8 0.015625 0.3875 0.03125 0.1484375
8 0.1203125 0.5703125 0.0921875 0.1015625
8 0.184375 0.73125 0.0703125 0.059375
8 0.2515625 0.6125 0.071875 0.0640625
8 0.3234375 0.5984375 0.0390625 0.103125
8 0.35 0.540625 0.0625 0.109375
8 0.440625 0.521875 0.1203125 0.1125
8 0.346875 0.653125 0.078125 0.0671875
8 0.384375 0.78125 0.0625 0.1
8 0.3515625 0.765625 0.0546875 0.0953125
8 0.2328125 0.8109375 0.1140625 0.040625
8 0.6671875 0.6265625 0.0921875 0.1375
8 0.6015625 0.6203125 0.0765625 0.0859375
8 0.8046875 0.5671875 0.0625 0.103125
8 0.8109375 0.7984375 0.0890625 0.065625
8 0.9328125 0.778125 0.04375 0.0921875
8 0.921875 0.5171875 0.05 0.140625
8 0.9765625 0.509375 0.04375 0.140625
8 0.834375 0.446875 0.1 0.065625
8 0.878125 0.3171875 0.0703125 0.13125
8 0.58125 0.403125 0.0859375 0.0703125
8 0.5671875 0.290625 0.05 0.096875
8 0.9828125 0.8015625 0.03125 0.059375
8 0.3484375 0.05546875 0.1125 0.1109375
8 0.3484375 0.125 0.115625 0.0828125
8 0.2640625 0.1125 0.0625 0.10625
8 0.215625 0.1015625 0.075 0.1109375
8 0.23984375 0.02109375 0.0765625 0.0421875
8 0.0765625 0.0125 0.078125 0.025
8 0.184375 0.9328125 0.0703125 0.059375
8 0.346875 0.98828125 0.078125 0.0234375
8 0.384375 0.8828125 0.0625 0.1
8 0.3515625 0.8984375 0.0546875 0.0953125
8 0.2328125 0.853125 0.1140625 0.040625
8 0.66640625 0.984375 0.0921875 0.03125
8 0.8109375 0.865625 0.0890625 0.065625
8 0.9328125 0.8859375 0.04375 0.0921875
8 0.87734375 0.03984375 0.0703125 0.0796875
8 0.5671875 0.04453125 0.05 0.0890625
8 0.9828125 0.8625 0.03125 0.059375