8 0.4109375 0.4765625 0.0265625 0.034375
8 0.396875 0.5125 0.0296875 0.0453125
8 0.446875 0.55 0.025 0.0375
8 0.440625 0.603125 0.034375 0.021875
8 0.43125 0.6671875 0.0265625 0.040625
8 0.5015625 0.58125 0.0390625 0.0265625
8 0.4828125 0.5484375 0.0359375 0.0265625
8 0.5 0.534375 0.021875 0.040625
8 0.4921875 0.4796875 0.021875 0.0390625
8 0.4625 0.478125 0.0296875 0.0453125
8 0.4890625 0.3890625 0.0234375 0.0453125
8 0.3015625 0.3328125 0.01875 0.0421875
8 0.284375 0.45 0.034375 0.03125
8 0.25625 0.5234375 0.03125 0.028125
8 0.2859375 0.5125 0.0328125 0.028125
8 0.2421875 0.2671875 0.021875 0.034375
8 0.51875 0.2015625 0.025 0.0359375
8 0.571875 0.165625 0.028125 0.046875
8 0.6625 0.3875 0.028125 0.04375
8 0.5828125 0.4359375 0.0265625 0.0390625
8 0.5578125 0.4578125 0.040625 0.0296875
8 0.5390625 0.4984375 0.025 0.034375
8 0.528125 0.5984375 0.0234375 0.034375
8 0.540625 0.6078125 0.03125 0.028125
8 0.5578125 0.584375 0.021875 0.0171875
8 0.546875 0.653125 0.025 0.0265625
8 0.7328125 0.4390625 0.0296875 0.0296875
8 0.8171875 0.4453125 0.025 0.0375
8 0.9 0.3640625 0.0203125 0.0375
8 0.1921875 0.55 0.0296875 0.0390625
8 0.140625 0.6234375 0.046875 0.0359375
8 0.0734375 0.6125 0.0421875 0.0546875
8 0.2796875 0.6015625 0.0296875 0.025
8 0.51875 0.0453125 0.025 0.0359375
8 0.571875 0.08125 0.028125 0.046875