8 0.503125 0.5203125 0.065625 0.0703125
8 0.496875 0.15625 0.06875 0.053125
8 0.5734375 0.2078125 0.053125 0.0828125
8 0.5828125 0.3046875 0.0484375 0.0640625
8 0.659375 0.3765625 0.075 0.0765625
8 0.6625 0.4515625 0.0765625 0.05625
8 0.609375 0.4703125 0.0453125 0.0765625
8 0.6859375 0.6484375 0.053125 0.08125
8 0.4859375 0.6453125 0.0796875 0.059375
8 0.63125 0.7953125 0.0390625 0.0546875
8 0.40625 0.5609375 0.0515625 0.046875
8 0.4484375 0.6078125 0.071875 0.0484375
8 0.3765625 0.6375 0.0328125 0.0578125
8 0.3546875 0.6109375 0.06875 0.0609375
8 0.24375 0.565625 0.0859375 0.05
8 0.2890625 0.5109375 0.0703125 0.0546875
8 0.159375 0.059375 0.065625 0.0484375
8 0.1390625 0.1828125 0.028125 0.0859375
8 0.1609375 0.3390625 0.053125 0.05625
8 0.75625 0.0671875 0.071875 0.053125
8 0.6859375 0.025 0.0546875 0.05
8 0.64375 0.0875 0.0546875 0.0765625
8 0.5421875 0.9140625 0.075 0.0546875
8 0.690625 0.9203125 0.0484375 0.05
8 0.3703125 0.40625 0.0578125 0.0546875
8 0.475 0.3859375 0.05 0.0453125
8 0.271875 0.209375 0.0453125 0.05625
8 0.446875 0.2421875 0.0484375 0.0609375
8 0.02421875 0.565625 0.0484375 0.05
8 0.090625 0.059375 0.065625 0.0484375
8 0.1109375 0.1828125 0.028125 0.0859375
8 0.0890625 0.3390625 0.053125 0.05625
8 0.97890625 0.0671875 0.0421875 0.053125