8 0.4765625 0.5921875 0.059375 0.0390625
8 0.271875 0.5703125 0.059375 0.034375
8 0.121875 0.7609375 0.0578125 0.08125
8 0.5375 0.7234375 0.0453125 0.071875
8 0.6359375 0.5484375 0.053125 0.046875
8 0.7265625 0.565625 0.0484375 0.0296875
8 0.79375 0.596875 0.0640625 0.0484375
8 0.8390625 0.621875 0.0890625 0.0484375
8 0.715625 0.5984375 0.05625 0.025
8 0.5015625 0.5296875 0.0703125 0.0359375
8 0.4796875 0.490625 0.05 0.0390625
8 0.5234375 0.4671875 0.075 0.0421875
8 0.5109375 0.434375 0.0484375 0.0234375
8 0.4359375 0.484375 0.0359375 0.034375
8 0.05625 0.28125 0.034375 0.065625
8 0.165625 0.153125 0.05 0.05625
8 0.4296875 0.290625 0.0296875 0.05625
8 0.453125 0.325 0.03125 0.0390625
8 0.4875 0.3578125 0.053125 0.0484375
8 0.515625 0.31875 0.05625 0.028125
8 0.6015625 0.35 0.0453125 0.0234375
8 0.6609375 0.378125 0.0296875 0.0328125
8 0.7171875 0.3484375 0.03125 0.0453125
8 0.7390625 0.3015625 0.0515625 0.0234375
8 0.7171875 0.28125 0.0234375 0.0546875
8 0.8015625 0.1484375 0.0265625 0.046875
8 0.65 0.259375 0.040625 0.0328125
8 0.5265625 0.2859375 0.0453125 0.040625
8 0.63125 0.3125 0.0265625 0.0328125
8 0.12109375 0.97421875 0.0578125 0.0515625
8 0.165625 0.096875 0.05 0.05625
8 0.8015625 0.1015625 0.0265625 0.046875