8 0.303125 0.515625 0.021875 0.0234375
8 0.284375 0.5375 0.0265625 0.0203125
8 0.2703125 0.5671875 0.0296875 0.01875
8 0.1953125 0.56875 0.021875 0.028125
8 0.43125 0.603125 0.028125 0.015625
8 0.396875 0.5109375 0.0171875 0.0234375
8 0.365625 0.5375 0.03125 0.01875
8 0.4234375 0.4453125 0.028125 0.01875
8 0.375 0.4296875 0.01875 0.015625
8 0.203125 0.24375 0.021875 0.0171875
8 0.15625 0.24375 0.021875 0.0125
8 0.18125 0.2578125 0.015625 0.015625
8 0.2328125 0.259375 0.01875 0.015625
8 0.31875 0.2890625 0.021875 0.01875
8 0.3796875 0.296875 0.015625 0.01875
8 0.425 0.26875 0.015625 0.0171875
8 0.459375 0.4265625 0.01875 0.01875
8 0.55 0.5140625 0.0125 0.0234375
8 0.675 0.4203125 0.015625 0.0265625
8 0.6890625 0.421875 0.0140625 0.01875
8 0.6640625 0.40625 0.021875 0.0109375
8 0.6359375 0.4359375 0.0171875 0.0203125
8 0.6796875 0.4703125 0.015625 0.021875
8 0.73125 0.4640625 0.01875 0.0171875
8 0.6328125 0.2765625 0.015625 0.025
8 0.484375 0.7046875 0.021875 0.028125
8 0.321875 0.7359375 0.0140625 0.025
8 0.284375 0.7046875 0.0203125 0.0234375
8 0.2890625 0.68125 0.0171875 0.0203125
8 0.1625 0.6265625 0.01875 0.0171875
8 0.15 0.621875 0.0125 0.021875
8 0.546875 0.7140625 0.025 0.01875
8 0.5703125 0.6890625 0.0234375 0.015625
8 0.6765625 0.7234375 0.01875 0.0140625
8 0.684375 0.6671875 0.01875 0.01875
8 0.65 0.609375 0.015625 0.01875
8 0.634375 0.6953125 0.0296875 0.0171875
8 0.6296875 0.7328125 0.009375 0.0234375
8 0.6328125 0.7609375 0.0140625 0.0125
8 0.5875 0.79375 0.0265625 0.01875
8 0.646875 0.7953125 0.0296875 0.01875
8 0.9296875 0.4390625 0.021875 0.025
8 0.8640625 0.275 0.0171875 0.025
8 0.9671875 0.6421875 0.028125 0.0140625
8 0.203125 0.0875 0.021875 0.0171875
8 0.15625 0.0875 0.021875 0.0125
8 0.18125 0.0734375 0.015625 0.015625
8 0.2328125 0.071875 0.01875 0.015625
8 0.31875 0.0421875 0.021875 0.01875
8 0.3796875 0.034375 0.015625 0.01875
8 0.425 0.0625 0.015625 0.0171875
8 0.6328125 0.0546875 0.015625 0.025
8 0.484375 0.959375 0.021875 0.028125
8 0.321875 0.928125 0.0140625 0.025
8 0.284375 0.959375 0.0203125 0.0234375
8 0.2890625 0.9828125 0.0171875 0.0203125
8 0.546875 0.95 0.025 0.01875
8 0.5703125 0.975 0.0234375 0.015625
8 0.6765625 0.940625 0.01875 0.0140625
8 0.684375 0.99375 0.01875 0.0125
8 0.634375 0.96875 0.0296875 0.0171875
8 0.6296875 0.93125 0.009375 0.0234375
8 0.6328125 0.903125 0.0140625 0.0125
8 0.5875 0.8703125 0.0265625 0.01875
8 0.646875 0.86875 0.0296875 0.01875
8 0.8640625 0.05625 0.0171875 0.025