8 0.4390625 0.375 0.078125 0.075
8 0.3328125 0.6671875 0.0828125 0.053125
8 0.440625 0.6546875 0.053125 0.06875
8 0.640625 0.634375 0.1109375 0.0546875
8 0.6234375 0.80625 0.09375 0.0765625
8 0.4984375 0.8453125 0.046875 0.096875
8 0.4515625 0.95 0.1171875 0.0765625
8 0.628125 0.909375 0.0828125 0.046875
8 0.640625 0.9640625 0.1203125 0.0703125
8 0.8125 0.859375 0.0875 0.1
8 0.759375 0.4484375 0.0625 0.05625
8 0.71875 0.415625 0.0515625 0.04375
8 0.621875 0.375 0.06875 0.0625
8 0.628125 0.2609375 0.0734375 0.05625
8 0.646875 0.3109375 0.0640625 0.0375
8 0.7796875 0.2609375 0.05 0.10625
8 0.8359375 0.3078125 0.0546875 0.0921875
8 0.8328125 0.384375 0.078125 0.05625
8 0.8515625 0.446875 0.0390625 0.0703125
8 0.75625 0.3421875 0.046875 0.0640625
8 0.7046875 0.3015625 0.05 0.071875
8 0.6375 0.54375 0.0578125 0.084375
8 0.5640625 0.634375 0.059375 0.065625
8 0.5421875 0.6765625 0.078125 0.08125
8 0.715625 0.115625 0.0890625 0.0625
8 0.9328125 0.859375 0.0875 0.1
8 0.97734375 0.4484375 0.0453125 0.05625
8 0.965625 0.2609375 0.05 0.10625
8 0.909375 0.3078125 0.0546875 0.0921875
8 0.9125 0.384375 0.078125 0.05625
8 0.89375 0.446875 0.0390625 0.0703125
8 0.9828125 0.34140625 0.034375 0.0640625