8 0.8609375 0.4609375 0.1078125 0.2015625
8 0.628125 0.88125 0.1875 0.2234375
8 0.875 0.9234375 0.0796875 0.1421875
8 0.3671875 0.58125 0.2359375 0.2296875
8 0.215625 0.5390625 0.1015625 0.1484375
8 0.1375 0.53125 0.090625 0.0890625
8 0.4125 0.453125 0.1484375 0.121875
8 0.265625 0.440625 0.134375 0.0546875
8 0.30625 0.340625 0.15625 0.1265625
8 0.459375 0.221875 0.1125 0.171875
8 0.4953125 0.2921875 0.11875 0.0953125
8 0.584375 0.396875 0.128125 0.215625
8 0.6875 0.421875 0.1078125 0.1734375
8 0.65 0.2921875 0.084375 0.0734375
8 0.584375 0.09375 0.1171875 0.084375
8 0.784375 0.1125 0.109375 0.090625
8 0.9578125 0.46015625 0.084375 0.2015625
8 0.95625 0.9234375 0.0796875 0.1421875
8 0.03671875 0.53046875 0.0734375 0.0890625