8 0.5015625 0.534375 0.1203125 0.1484375
8 0.346875 0.415625 0.0953125 0.1046875
8 0.2453125 0.284375 0.134375 0.1125
8 0.559375 0.403125 0.1265625 0.1171875
8 0.7359375 0.5125 0.0515625 0.115625
8 0.609375 0.5703125 0.096875 0.1515625
8 0.6859375 0.696875 0.1015625 0.140625
8 0.8359375 0.465625 0.0921875 0.16875
8 0.725 0.259375 0.14375 0.1171875
8 0.20625 0.55625 0.0890625 0.1234375
8 0.1328125 0.428125 0.078125 0.125
8 0.8625 0.8109375 0.075 0.040625
8 0.2453125 0.0515625 0.134375 0.103125
8 0.68515625 0.9484375 0.1015625 0.103125
8 0.725 0.071875 0.14375 0.1171875
8 0.8625 0.853125 0.075 0.040625