13 0.5828125 0.4796875 0.0953125 0.1375
13 0.7109375 0.4859375 0.0890625 0.1
13 0.559375 0.1390625 0.134375 0.146875
13 0.4390625 0.1265625 0.1328125 0.1390625
13 0.278125 0.1734375 0.128125 0.125
13 0.16875 0.5734375 0.0859375 0.1390625
13 0.159375 0.7953125 0.1140625 0.1390625
13 0.2078125 0.9046875 0.1125 0.175
13 0.4796875 0.7859375 0.2328125 0.090625
13 0.8109375 0.8671875 0.096875 0.15
13 0.703125 0.7390625 0.15625 0.1125
13 0.8890625 0.265625 0.1078125 0.1578125
13 0.7140625 0.08125 0.090625 0.1625
13 0.4203125 0.353125 0.1203125 0.1015625
13 0.528125 0.3421875 0.1375 0.1453125
13 0.515625 0.4234375 0.1234375 0.08125
13 0.3578125 0.490625 0.1015625 0.078125
13 0.215625 0.4203125 0.0875 0.1359375
13 0.9828125 0.2640625 0.034375 0.1578125