8 0.54375 0.4484375 0.2203125 0.225
8 0.4265625 0.575 0.06875 0.134375
8 0.63125 0.5125 0.1078125 0.103125
8 0.8171875 0.6171875 0.11875 0.0765625
8 0.5265625 0.3078125 0.1203125 0.0796875
8 0.221875 0.2359375 0.1015625 0.0890625
8 0.3421875 0.471875 0.0859375 0.121875
8 0.275 0.584375 0.096875 0.096875
8 0.25 0.6921875 0.1234375 0.109375
8 0.353125 0.759375 0.1 0.0765625
8 0.2375 0.484375 0.0875 0.059375
8 0.8515625 0.290625 0.084375 0.1078125
8 0.52578125 0.03125 0.1203125 0.0625
8 0.221875 0.0953125 0.1015625 0.0890625
8 0.24921875 0.95859375 0.1234375 0.0828125
8 0.353125 0.9046875 0.1 0.0765625
8 0.8515625 0.046875 0.084375 0.09375