8 0.6109375 0.4453125 0.0546875 0.078125
8 0.6984375 0.490625 0.078125 0.0875
8 0.8015625 0.565625 0.078125 0.0671875
8 0.5140625 0.790625 0.0546875 0.075
8 0.1703125 0.7546875 0.0890625 0.0578125
8 0.146875 0.634375 0.034375 0.0890625
8 0.290625 0.3453125 0.075 0.0921875
8 0.4828125 0.375 0.0734375 0.0515625
8 0.5828125 0.246875 0.0625 0.078125
8 0.5875 0.3875 0.0421875 0.0390625
8 0.265625 0.075 0.103125 0.1484375
8 0.3765625 0.1828125 0.084375 0.0453125
8 0.946875 0.565625 0.078125 0.0671875
8 0.0796875 0.7546875 0.0890625 0.0578125
8 0.103125 0.634375 0.034375 0.0890625
8 0.01796875 0.07421875 0.0359375 0.1484375