8 0.6515625 0.546875 0.078125 0.05625
8 0.8046875 0.5609375 0.075 0.06875
8 0.859375 0.5859375 0.0296875 0.0734375
8 0.8359375 0.74375 0.0375 0.0796875
8 0.421875 0.3578125 0.046875 0.0375
8 0.365625 0.3578125 0.0578125 0.046875
8 0.396875 0.5734375 0.0421875 0.0234375
8 0.39375 0.5359375 0.0609375 0.05
8 0.3296875 0.565625 0.0234375 0.046875
8 0.1453125 0.165625 0.0375 0.046875
8 0.165625 0.171875 0.0328125 0.0390625
8 0.1734375 0.228125 0.0421875 0.0375
8 0.1453125 0.6 0.03125 0.0625
8 0.9453125 0.5609375 0.075 0.06875
8 0.890625 0.5859375 0.0296875 0.0734375
8 0.9140625 0.74375 0.0375 0.0796875
8 0.1046875 0.165625 0.0375 0.046875
8 0.084375 0.171875 0.0328125 0.0390625
8 0.0765625 0.228125 0.0421875 0.0375
8 0.1046875 0.6 0.03125 0.0625