8 0.446875 0.4421875 0.025 0.0328125
8 0.496875 0.4140625 0.0203125 0.03125
8 0.515625 0.38125 0.0171875 0.028125
8 0.4296875 0.3875 0.03125 0.0265625
8 0.3703125 0.38125 0.0296875 0.0171875
8 0.31875 0.3453125 0.0328125 0.0296875
8 0.2921875 0.3296875 0.025 0.025
8 0.321875 0.20625 0.01875 0.01875
8 0.2515625 0.278125 0.0375 0.0359375
8 0.2890625 0.1703125 0.03125 0.0078125
8 0.125 0.278125 0.03125 0.025
8 0.075 0.3015625 0.0234375 0.0265625
8 0.1 0.359375 0.03125 0.01875
8 0.153125 0.3359375 0.0234375 0.0390625
8 0.175 0.359375 0.0171875 0.015625
8 0.1703125 0.378125 0.03125 0.021875
8 0.1890625 0.3578125 0.0203125 0.015625
8 0.2234375 0.384375 0.0140625 0.0203125
8 0.2265625 0.36875 0.028125 0.0375
8 0.2609375 0.3796875 0.025 0.015625
8 0.2671875 0.3875 0.0265625 0.01875
8 0.1265625 0.43125 0.01875 0.0234375
8 0.1625 0.5765625 0.01875 0.0171875
8 0.1890625 0.571875 0.021875 0.0203125
8 0.203125 0.5671875 0.01875 0.0265625
8 0.246875 0.5921875 0.0234375 0.025
8 0.4265625 0.6765625 0.01875 0.0234375
8 0.440625 0.65625 0.028125 0.021875
8 0.4484375 0.6171875 0.0203125 0.021875
8 0.4328125 0.5859375 0.021875 0.021875
8 0.453125 0.540625 0.034375 0.0171875
8 0.4578125 0.53125 0.0234375 0.025
8 0.4328125 0.4953125 0.028125 0.0359375
8 0.3875 0.4796875 0.0234375 0.025
8 0.38125 0.5015625 0.028125 0.0171875
8 0.5578125 0.309375 0.0265625 0.0234375
8 0.6734375 0.2671875 0.0265625 0.01875
8 0.7671875 0.20625 0.0265625 0.0171875
8 0.6359375 0.35 0.0234375 0.0265625
8 0.4828125 0.5 0.0265625 0.0171875
8 0.45625 0.4953125 0.025 0.0171875
8 0.45625 0.509375 0.0171875 0.0125
8 0.496875 0.509375 0.0296875 0.0171875
8 0.51875 0.471875 0.015625 0.0234375
8 0.5515625 0.4921875 0.025 0.0203125
8 0.5703125 0.45 0.0140625 0.0203125
8 0.5484375 0.4453125 0.015625 0.015625
8 0.5890625 0.4390625 0.0125 0.0203125
8 0.4625 0.5828125 0.01875 0.01875
8 0.603125 0.5796875 0.0140625 0.021875
8 0.5765625 0.5796875 0.0203125 0.0203125
8 0.8625 0.35 0.0234375 0.0203125
8 0.7484375 0.375 0.021875 0.0171875
8 0.2921875 0.00703125 0.025 0.0140625
8 0.321875 0.125 0.01875 0.01875
8 0.2515625 0.053125 0.0375 0.0359375
8 0.2890625 0.1609375 0.03125 0.0078125
8 0.125 0.053125 0.03125 0.025
8 0.075 0.0296875 0.0234375 0.0265625
8 0.15234375 0.00703125 0.0234375 0.0140625
8 0.4265625 0.9875 0.01875 0.0234375
8 0.5578125 0.021875 0.0265625 0.0234375
8 0.6734375 0.0640625 0.0265625 0.01875
8 0.7671875 0.125 0.0265625 0.0171875