8 0.490625 0.4703125 0.046875 0.0890625
8 0.603125 0.525 0.203125 0.1359375
8 0.4671875 0.540625 0.0953125 0.0953125
8 0.34375 0.6 0.13125 0.0703125
8 0.25625 0.534375 0.0984375 0.08125
8 0.209375 0.4671875 0.078125 0.125
8 0.303125 0.434375 0.1 0.096875
8 0.3 0.36875 0.08125 0.065625
8 0.3765625 0.4328125 0.0859375 0.1140625
8 0.4453125 0.3859375 0.1171875 0.1015625
8 0.4484375 0.2953125 0.0875 0.053125
8 0.359375 0.25 0.11875 0.0671875
8 0.178125 0.6484375 0.0609375 0.1296875
8 0.2390625 0.7171875 0.0390625 0.0890625
8 0.2828125 0.715625 0.1046875 0.075
8 0.634375 0.7640625 0.1140625 0.078125
8 0.771875 0.73125 0.071875 0.0828125
8 0.8484375 0.8125 0.059375 0.0359375
8 0.9265625 0.4984375 0.0921875 0.071875
8 0.721875 0.2078125 0.115625 0.0859375
8 0.828125 0.284375 0.0796875 0.0765625
8 0.4484375 0.0359375 0.0875 0.053125
8 0.359375 0.08125 0.11875 0.0671875
8 0.17734375 0.975 0.0609375 0.05
8 0.2390625 0.946875 0.0390625 0.0890625
8 0.2828125 0.9484375 0.1046875 0.075
8 0.634375 0.9 0.1140625 0.078125
8 0.771875 0.9328125 0.071875 0.0828125
8 0.8484375 0.8515625 0.059375 0.0359375
8 0.721875 0.1234375 0.115625 0.0859375
8 0.828125 0.046875 0.0796875 0.0765625