4 0.571875 0.4765625 0.14375 0.196875
4 0.525 0.6078125 0.1984375 0.103125
4 0.4625 0.5484375 0.15625 0.103125
4 0.440625 0.3890625 0.0875 0.1453125
4 0.38125 0.3109375 0.13125 0.1640625
4 0.303125 0.3 0.075 0.1703125
4 0.2234375 0.2796875 0.090625 0.1890625
4 0.16875 0.4 0.0796875 0.09375
4 0.24375 0.53125 0.1703125 0.15
4 0.35 0.4390625 0.11875 0.15625
4 0.3078125 0.6171875 0.0984375 0.1484375
4 0.396875 0.65625 0.0953125 0.0875
4 0.2515625 0.70625 0.171875 0.0921875
4 0.7265625 0.6515625 0.1140625 0.1875
4 0.8640625 0.4765625 0.121875 0.165625
4 0.809375 0.771875 0.0828125 0.115625
4 0.38125 0.05234375 0.13125 0.1046875
4 0.303125 0.059375 0.075 0.11875
4 0.2234375 0.07421875 0.090625 0.1484375
4 0.30703125 0.98359375 0.0984375 0.0328125
4 0.39609375 0.9796875 0.0953125 0.040625
4 0.2515625 0.953125 0.171875 0.0921875
4 0.72578125 0.95703125 0.1140625 0.0859375
4 0.809375 0.8875 0.0828125 0.115625