8 0.4765625 0.5140625 0.0421875 0.046875
8 0.415625 0.4265625 0.05 0.0546875
8 0.315625 0.4140625 0.0375 0.0390625
8 0.43125 0.221875 0.0265625 0.040625
8 0.4140625 0.2171875 0.04375 0.0296875
8 0.346875 0.2421875 0.028125 0.0375
8 0.3140625 0.1265625 0.03125 0.065625
8 0.46875 0.0890625 0.028125 0.0359375
8 0.44375 0.03125 0.0375 0.0625
8 0.6359375 0.0390625 0.046875 0.046875
8 0.6484375 0.3140625 0.0375 0.059375
8 0.653125 0.15 0.0328125 0.0328125
8 0.675 0.1890625 0.0359375 0.046875
8 0.571875 0.178125 0.0296875 0.0328125
8 0.5703125 0.3890625 0.0375 0.0578125
8 0.5 0.4390625 0.0390625 0.0421875
8 0.46875 0.5921875 0.0328125 0.0421875
8 0.59375 0.4828125 0.0265625 0.025
8 0.5234375 0.5328125 0.0453125 0.0375
8 0.528125 0.5625 0.0578125 0.0375
8 0.5109375 0.7109375 0.0515625 0.0390625
8 0.5765625 0.7890625 0.04375 0.05625
8 0.55625 0.8578125 0.0546875 0.04375
8 0.5953125 0.91875 0.0390625 0.0734375
8 0.446875 0.85625 0.075 0.0546875
8 0.346875 0.7234375 0.0578125 0.0484375
8 0.0703125 0.5140625 0.0421875 0.046875
8 0.9703125 0.5140625 0.0421875 0.046875
8 0.13125 0.4265625 0.05 0.0546875
8 0.23125 0.4140625 0.0375 0.0390625
8 0.115625 0.221875 0.0265625 0.040625
8 0.1328125 0.2171875 0.04375 0.0296875
8 0.2 0.2421875 0.028125 0.0375
8 0.2328125 0.1265625 0.03125 0.065625
8 0.078125 0.0890625 0.028125 0.0359375
8 0.978125 0.0890625 0.028125 0.0359375
8 0.103125 0.03125 0.0375 0.0625
8 0.9921875 0.03125 0.015625 0.0625
8 0.8109375 0.0390625 0.046875 0.046875
8 0.7984375 0.3140625 0.0375 0.059375
8 0.79375 0.15 0.0328125 0.0328125
8 0.771875 0.1890625 0.0359375 0.046875
8 0.875 0.178125 0.0296875 0.0328125
8 0.8765625 0.3890625 0.0375 0.0578125
8 0.046875 0.4390625 0.0390625 0.0421875
8 0.946875 0.4390625 0.0390625 0.0421875
8 0.078125 0.5921875 0.0328125 0.0421875
8 0.978125 0.5921875 0.0328125 0.0421875
8 0.853125 0.4828125 0.0265625 0.025
8 0.0234375 0.5328125 0.0453125 0.0375
8 0.9234375 0.5328125 0.0453125 0.0375
8 0.0234375 0.5625 0.046875 0.0375
8 0.91875 0.5625 0.0578125 0.0375
8 0.0359375 0.7109375 0.0515625 0.0390625
8 0.9359375 0.7109375 0.0515625 0.0390625
8 0.8703125 0.7890625 0.04375 0.05625
8 0.00859375 0.8578125 0.0171875 0.04375
8 0.890625 0.8578125 0.0546875 0.04375
8 0.8515625 0.91875 0.0390625 0.0734375
8 0.1 0.85625 0.075 0.0546875
8 0.98125 0.85546875 0.0375 0.0546875
8 0.2 0.7234375 0.0578125 0.0484375