8 0.3390625 0.628125 0.278125 0.1515625
8 0.36875 0.609375 0.096875 0.1953125
8 0.5015625 0.55625 0.1046875 0.25
8 0.5921875 0.4609375 0.18125 0.4125
8 0.65 0.28125 0.2078125 0.16875
8 0.79375 0.6375 0.15 0.2609375
8 0.634375 0.753125 0.228125 0.109375
8 0.83125 0.19375 0.1421875 0.05625
8 0.3390625 0.97890625 0.278125 0.0421875
8 0.36875 0.97734375 0.096875 0.0453125
8 0.64921875 0.0671875 0.2078125 0.134375
8 0.79375 0.946875 0.15 0.10625
8 0.634375 0.909375 0.228125 0.109375
8 0.83125 0.1375 0.1421875 0.05625