8 0.4578125 0.4390625 0.040625 0.0375
8 0.43125 0.4328125 0.040625 0.03125
8 0.3890625 0.3921875 0.05 0.0375
8 0.353125 0.35625 0.0328125 0.0234375
8 0.290625 0.4578125 0.0484375 0.040625
8 0.365625 0.471875 0.0390625 0.0578125
8 0.2703125 0.4640625 0.03125 0.01875
8 0.359375 0.553125 0.021875 0.034375
8 0.45 0.5671875 0.046875 0.0296875
8 0.484375 0.65625 0.0296875 0.01875
8 0.396875 0.6671875 0.046875 0.0265625
8 0.7375 0.65625 0.0234375 0.0359375
8 0.75625 0.5421875 0.0265625 0.009375
8 0.7140625 0.503125 0.025 0.0265625
8 0.6609375 0.5 0.0359375 0.0296875
8 0.596875 0.484375 0.0453125 0.0234375
8 0.5921875 0.4578125 0.028125 0.0265625
8 0.55625 0.4671875 0.0328125 0.0265625
8 0.896875 0.4984375 0.0421875 0.0359375
8 0.809375 0.4390625 0.0609375 0.028125
8 0.8921875 0.540625 0.0296875 0.025
8 0.9078125 0.546875 0.028125 0.0265625
8 0.9578125 0.5140625 0.034375 0.0484375
8 0.9265625 0.5046875 0.0328125 0.046875
8 0.9234375 0.5859375 0.04375 0.0265625
8 0.984375 0.2484375 0.028125 0.034375
8 0.8203125 0.171875 0.0375 0.0125
8 0.6734375 0.21875 0.025 0.0359375
8 0.7 0.2671875 0.0203125 0.0328125
8 0.625 0.24375 0.0453125 0.0375
8 0.5890625 0.253125 0.05 0.0484375
8 0.6296875 0.190625 0.028125 0.0296875
8 0.5828125 0.18125 0.0359375 0.025
8 0.553125 0.3015625 0.0375 0.03125
8 0.484375 0.3125 0.0390625 0.0390625
8 0.5453125 0.396875 0.0359375 0.034375
8 0.5875 0.3703125 0.034375 0.0359375
8 0.7078125 0.35625 0.021875 0.03125
8 0.6609375 0.4046875 0.0328125 0.03125
8 0.6140625 0.3546875 0.0359375 0.046875
8 0.634375 0.6015625 0.05 0.028125
8 0.6359375 0.6265625 0.040625 0.034375
8 0.9625 0.79375 0.0515625 0.0390625
8 0.6203125 0.790625 0.0390625 0.03125
8 0.396875 0.99140625 0.046875 0.0171875
8 0.73671875 0.99453125 0.0234375 0.0109375
8 0.984375 0.0828125 0.028125 0.034375
8 0.8203125 0.159375 0.0375 0.0125
8 0.6734375 0.1125 0.025 0.0359375
8 0.7 0.0640625 0.0203125 0.0328125
8 0.625 0.0875 0.0453125 0.0375
8 0.5890625 0.078125 0.05 0.0484375
8 0.6296875 0.140625 0.028125 0.0296875
8 0.5828125 0.15 0.0359375 0.025
8 0.553125 0.0296875 0.0375 0.03125
8 0.48359375 0.01875 0.0390625 0.0375
8 0.9625 0.8703125 0.0515625 0.0390625
8 0.6203125 0.8734375 0.0390625 0.03125