13 0.7171875 0.3640625 0.078125 0.0890625
13 0.334375 0.4375 0.0703125 0.0671875
13 0.3109375 0.5328125 0.08125 0.071875
13 0.2328125 0.7046875 0.0671875 0.075
13 0.1953125 0.765625 0.059375 0.0671875
13 0.3625 0.8203125 0.04375 0.0671875
13 0.5125 0.84375 0.05625 0.05
13 0.6171875 0.8296875 0.0484375 0.046875
13 0.6890625 0.825 0.071875 0.065625
13 0.846875 0.753125 0.0609375 0.04375
13 0.95 0.7203125 0.0546875 0.046875
13 0.028125 0.859375 0.0328125 0.0296875
13 0.1953125 0.975 0.059375 0.05
13 0.3625 0.9296875 0.04375 0.0671875
13 0.5125 0.90625 0.05625 0.05
13 0.6171875 0.9203125 0.0484375 0.046875
13 0.6890625 0.925 0.071875 0.065625
13 0.8453125 0.9875 0.0609375 0.025
13 0.028125 0.890625 0.0328125 0.0296875