8 0.7015625 0.5109375 0.059375 0.0328125
8 0.5109375 0.44375 0.03125 0.05625
8 0.5546875 0.490625 0.0203125 0.0375
8 0.571875 0.4421875 0.028125 0.028125
8 0.5890625 0.48125 0.0328125 0.046875
8 0.6546875 0.44375 0.0328125 0.0421875
8 0.6859375 0.4734375 0.021875 0.0390625
8 0.71875 0.45625 0.034375 0.0453125
8 0.6984375 0.3765625 0.034375 0.0234375
8 0.76875 0.3453125 0.0390625 0.0515625
8 0.8921875 0.2171875 0.021875 0.05
8 0.7359375 0.23125 0.028125 0.0453125
8 0.6234375 0.21875 0.0328125 0.0546875
8 0.2078125 0.3828125 0.0484375 0.0390625
8 0.1875 0.5125 0.0265625 0.0375
8 0.2046875 0.5421875 0.040625 0.0296875
8 0.1875 0.5703125 0.03125 0.0484375
8 0.2171875 0.5890625 0.034375 0.028125
8 0.184375 0.6390625 0.0234375 0.0375
8 0.19375 0.6703125 0.0390625 0.040625
8 0.278125 0.609375 0.05 0.025
8 0.29375 0.5796875 0.0265625 0.0359375
8 0.3078125 0.5 0.034375 0.0265625
8 0.21875 0.475 0.028125 0.0375
8 0.2390625 0.478125 0.025 0.0296875
8 0.2796875 0.3578125 0.0265625 0.0328125
8 0.3015625 0.2921875 0.0234375 0.034375
8 0.340625 0.2734375 0.0328125 0.05625
8 0.303125 0.2359375 0.0484375 0.0359375
8 0.4078125 0.2046875 0.0203125 0.03125
8 0.43125 0.1015625 0.0390625 0.0515625
8 0.471875 0.171875 0.0234375 0.028125
8 0.56875 0.078125 0.0578125 0.0484375
8 0.6734375 0.30625 0.034375 0.0453125
8 0.60625 0.3078125 0.034375 0.04375
8 0.553125 0.325 0.0453125 0.025
8 0.55625 0.284375 0.0375 0.040625
8 0.5140625 0.2421875 0.0421875 0.0421875
8 0.4640625 0.3546875 0.034375 0.0453125
8 0.4125 0.5203125 0.0375 0.0421875
8 0.4421875 0.65 0.0328125 0.0234375
8 0.40625 0.70625 0.028125 0.0453125
8 0.371875 0.7109375 0.046875 0.021875
8 0.371875 0.7453125 0.021875 0.034375
8 0.4 0.7859375 0.040625 0.0453125
8 0.478125 0.7515625 0.040625 0.03125
8 0.49375 0.6890625 0.028125 0.0515625
8 0.5765625 0.6109375 0.034375 0.0375
8 0.7 0.5609375 0.0265625 0.05
8 0.66875 0.528125 0.03125 0.0359375
8 0.640625 0.5421875 0.040625 0.034375
8 0.6265625 0.5859375 0.046875 0.025
8 0.80625 0.6125 0.0296875 0.0421875
8 0.8359375 0.5375 0.0421875 0.021875
8 0.9078125 0.575 0.034375 0.03125
8 0.8875 0.621875 0.034375 0.0546875
8 0.7609375 0.7421875 0.0453125 0.028125
8 0.53125 0.69375 0.028125 0.040625
8 0.5984375 0.6765625 0.034375 0.0234375
8 0.290625 0.775 0.028125 0.0265625
8 0.2171875 0.7953125 0.034375 0.03125
8 0.0828125 0.659375 0.021875 0.034375
8 0.1265625 0.36875 0.01875 0.0328125
8 0.1375 0.0734375 0.021875 0.0484375
8 0.1640625 0.2546875 0.0296875 0.040625
8 0.540625 0.5453125 0.0234375 0.0375
8 0.6875 0.64375 0.0265625 0.0390625
8 0.671875 0.6921875 0.040625 0.0234375
8 0.378125 0.553125 0.0265625 0.05
8 0.3109375 0.6234375 0.0359375 0.025
8 0.2859375 0.6484375 0.0359375 0.0375
8 0.3078125 0.6671875 0.028125 0.025
8 0.5515625 0.90625 0.053125 0.0390625
8 0.659375 0.853125 0.028125 0.0390625
8 0.8328125 0.871875 0.0390625 0.0296875
8 0.9015625 0.9171875 0.046875 0.040625
8 0.1828125 0.9890625 0.040625 0.0203125
8 0.959375 0.2171875 0.021875 0.05
8 0.94375 0.575 0.034375 0.03125
8 0.9640625 0.621875 0.034375 0.0546875
8 0.0609375 0.659375 0.021875 0.034375
8 0.0171875 0.36875 0.01875 0.0328125
8 0.00859375 0.07265625 0.0171875 0.0484375
8 0.95 0.9171875 0.046875 0.040625