4 0.4515625 0.571875 0.0765625 0.1609375
4 0.30625 0.4859375 0.1640625 0.0703125
4 0.275 0.36875 0.159375 0.1140625
4 0.0921875 0.2390625 0.1125 0.1625
4 0.1296875 0.4875 0.1734375 0.140625
4 0.2890625 0.703125 0.090625 0.1640625
4 0.575 0.7359375 0.1046875 0.1875
4 0.734375 0.6 0.08125 0.134375
4 0.6734375 0.6453125 0.10625 0.1953125
4 0.65625 0.478125 0.1453125 0.171875
4 0.4734375 0.415625 0.1984375 0.0875
4 0.4546875 0.3390625 0.14375 0.0890625
4 0.584375 0.3421875 0.1328125 0.075
4 0.5671875 0.265625 0.1609375 0.1015625
4 0.5546875 0.1765625 0.0953125 0.0703125
4 0.4265625 0.1796875 0.1796875 0.075
4 0.690625 0.28125 0.0765625 0.153125
4 0.790625 0.2734375 0.1546875 0.1234375
4 0.8078125 0.1734375 0.16875 0.0625
4 0.90625 0.440625 0.121875 0.128125
4 0.921875 0.5625 0.1078125 0.171875
4 0.0921875 0.06328125 0.1125 0.1265625
4 0.2890625 0.96328125 0.090625 0.0734375
4 0.57421875 0.94140625 0.1046875 0.1171875
4 0.56640625 0.034375 0.1609375 0.06875
4 0.5546875 0.1078125 0.0953125 0.0703125
4 0.4265625 0.1046875 0.1796875 0.075
4 0.68984375 0.03984375 0.0765625 0.0796875
4 0.78984375 0.0359375 0.1546875 0.071875
4 0.8078125 0.1109375 0.16875 0.0625