8 0.2640625 0.4125 0.0734375 0.0453125
8 0.28125 0.459375 0.0640625 0.0546875
8 0.490625 0.40625 0.05625 0.0734375
8 0.840625 0.3703125 0.084375 0.084375
8 0.91875 0.3828125 0.0515625 0.0640625
8 0.88125 0.5078125 0.0515625 0.0609375
8 0.8875 0.6671875 0.053125 0.08125
8 0.8015625 0.671875 0.0734375 0.065625
8 0.76875 0.709375 0.0609375 0.0546875
8 0.5640625 0.6921875 0.0546875 0.071875
8 0.5515625 0.809375 0.0453125 0.0828125
8 0.9875 0.753125 0.025 0.053125
8 0.1625 0.225 0.10625 0.0765625
8 0.0890625 0.2640625 0.078125 0.046875
8 0.0546875 0.2796875 0.0609375 0.0453125
8 0.0453125 0.3515625 0.0546875 0.06875
8 0.0421875 0.5234375 0.071875 0.0484375
8 0.5515625 0.940625 0.0453125 0.0828125
8 0.9875 0.98515625 0.025 0.0296875
8 0.1625 0.03125 0.10625 0.0625
8 0.0890625 0.0046875 0.078125 0.009375