8 0.5078125 0.4828125 0.034375 0.03125
8 0.55625 0.465625 0.025 0.0359375
8 0.525 0.49375 0.0359375 0.0234375
8 0.5390625 0.5140625 0.0421875 0.0203125
8 0.5015625 0.5234375 0.0234375 0.0359375
8 0.465625 0.5484375 0.0234375 0.0390625
8 0.4296875 0.3890625 0.034375 0.0203125
8 0.146875 0.2765625 0.0453125 0.0453125
8 0.6953125 0.3328125 0.034375 0.0421875
8 0.68125 0.3953125 0.0359375 0.0265625
8 0.6890625 0.4171875 0.0328125 0.01875
8 0.8 0.1984375 0.040625 0.0546875
8 0.9015625 0.190625 0.053125 0.034375
8 0.871875 0.2 0.0453125 0.025
8 0.96875 0.5375 0.0234375 0.0390625
8 0.9765625 0.6546875 0.0328125 0.0421875
8 0.946875 0.640625 0.0265625 0.0203125
8 0.846875 0.6359375 0.0390625 0.0234375
8 0.946875 0.6921875 0.028125 0.034375
8 0.9546875 0.7796875 0.025 0.0296875
8 0.7984375 0.6765625 0.0234375 0.0453125
8 0.7734375 0.6765625 0.0203125 0.0296875
8 0.7453125 0.6578125 0.0265625 0.0328125
8 0.6765625 0.8171875 0.0265625 0.0234375
8 0.6890625 0.775 0.03125 0.0296875
8 0.7578125 0.7421875 0.0375 0.0234375
8 0.5765625 0.75 0.0390625 0.0390625
8 0.5796875 0.715625 0.0421875 0.0390625
8 0.53125 0.7 0.03125 0.034375
8 0.5140625 0.7125 0.025 0.034375
8 0.5078125 0.7578125 0.0265625 0.0515625
8 0.5421875 0.771875 0.0375 0.04375
8 0.55 0.790625 0.034375 0.025
8 0.146875 0.0546875 0.0453125 0.0453125
8 0.6953125 0.009375 0.034375 0.01875
8 0.8 0.1328125 0.040625 0.0546875
8 0.9015625 0.140625 0.053125 0.034375
8 0.871875 0.13125 0.0453125 0.025
8 0.97578125 0.99375 0.0328125 0.0125
8 0.946875 0.971875 0.028125 0.034375
8 0.9546875 0.884375 0.025 0.0296875
8 0.79765625 0.98203125 0.0234375 0.0359375
8 0.77265625 0.9859375 0.0203125 0.028125
8 0.74453125 0.99453125 0.0265625 0.0109375
8 0.6765625 0.846875 0.0265625 0.0234375
8 0.6890625 0.8890625 0.03125 0.0296875
8 0.7578125 0.921875 0.0375 0.0234375
8 0.5765625 0.9140625 0.0390625 0.0390625
8 0.5796875 0.9484375 0.0421875 0.0390625
8 0.53125 0.9640625 0.03125 0.034375
8 0.5140625 0.9515625 0.025 0.034375
8 0.5078125 0.90625 0.0265625 0.0515625
8 0.5421875 0.8921875 0.0375 0.04375
8 0.55 0.8734375 0.034375 0.025