13 0.796875 0.3875 0.0375 0.0828125
13 0.80625 0.5203125 0.0390625 0.090625
13 0.3703125 0.371875 0.053125 0.046875
13 0.21875 0.3578125 0.0765625 0.0671875
13 0.1828125 0.29375 0.071875 0.0421875
13 0.1921875 0.521875 0.0515625 0.0859375
13 0.228125 0.615625 0.05 0.0578125
13 0.4109375 0.59375 0.0640625 0.0796875
13 0.3359375 0.496875 0.0671875 0.0578125
13 0.478125 0.5171875 0.0484375 0.0671875
13 0.5734375 0.478125 0.0625 0.0625
13 0.571875 0.41875 0.06875 0.05
13 0.64375 0.359375 0.040625 0.05625
13 0.7109375 0.3453125 0.06875 0.0453125
13 0.578125 0.3375 0.0859375 0.05
13 0.4859375 0.378125 0.06875 0.05625
13 0.425 0.35625 0.059375 0.0578125
13 0.4203125 0.3984375 0.0421875 0.0515625
13 0.48125 0.45625 0.04375 0.0640625
13 0.659375 0.6515625 0.0734375 0.0484375
13 0.7234375 0.6078125 0.053125 0.0421875
13 0.75625 0.546875 0.04375 0.0640625
13 0.7375 0.5015625 0.059375 0.046875
13 0.68125 0.5125 0.059375 0.04375
13 0.625 0.5703125 0.03125 0.0890625
13 0.58125 0.5578125 0.0515625 0.078125
13 0.58125 0.69375 0.04375 0.0796875
13 0.71875 0.740625 0.0875 0.0578125
13 0.2984375 0.4375 0.0390625 0.05625
13 0.3328125 0.4359375 0.034375 0.0640625
13 0.2671875 0.490625 0.0484375 0.0765625
13 0.6484375 0.4140625 0.0421875 0.065625