8 0.46875 0.340625 0.05 0.0796875
8 0.20625 0.2609375 0.084375 0.03125
8 0.29375 0.575 0.046875 0.05
8 0.365625 0.5671875 0.0359375 0.04375
8 0.3109375 0.653125 0.0578125 0.034375
8 0.2484375 0.615625 0.053125 0.059375
8 0.4609375 0.7 0.040625 0.046875
8 0.55625 0.790625 0.0484375 0.0640625
8 0.7375 0.6671875 0.0546875 0.0421875
8 0.7359375 0.746875 0.0578125 0.0765625
8 0.596875 0.6046875 0.04375 0.059375
8 0.5703125 0.6375 0.034375 0.053125
8 0.5390625 0.596875 0.028125 0.0453125
8 0.5703125 0.4953125 0.040625 0.0625
8 0.65625 0.346875 0.0375 0.053125
8 0.790625 0.3546875 0.0359375 0.0328125
8 0.7828125 0.503125 0.0234375 0.0328125
8 0.7 0.56875 0.0625 0.06875
8 0.771875 0.56875 0.0421875 0.021875
8 0.9109375 0.684375 0.0578125 0.0578125
8 0.46875 0.01484375 0.05 0.0296875
8 0.20625 0.0703125 0.084375 0.03125
8 0.4609375 0.9671875 0.040625 0.046875
8 0.55625 0.8765625 0.0484375 0.0640625
8 0.73671875 0.9890625 0.0546875 0.021875
8 0.7359375 0.9203125 0.0578125 0.0765625
8 0.65625 0.00546875 0.0375 0.0109375
8 0.91015625 0.9765625 0.0578125 0.046875