8 0.415625 0.565625 0.0484375 0.0796875
8 0.4671875 0.5546875 0.0484375 0.06875
8 0.6203125 0.3796875 0.0859375 0.0859375
8 0.8078125 0.53125 0.11875 0.0703125
8 0.9515625 0.609375 0.0546875 0.1015625
8 0.2796875 0.7234375 0.075 0.065625
8 0.2921875 0.8171875 0.0671875 0.05625
8 0.2265625 0.6125 0.0796875 0.0875
8 0.3515625 0.4453125 0.0484375 0.0640625
8 0.3984375 0.425 0.0625 0.0390625
8 0.421875 0.3828125 0.0734375 0.034375
8 0.4640625 0.3328125 0.0578125 0.040625
8 0.415625 0.25 0.0515625 0.0328125
8 0.35 0.2578125 0.0546875 0.0484375
8 0.3046875 0.3046875 0.0484375 0.034375
8 0.2703125 0.2765625 0.053125 0.034375
8 0.24375 0.253125 0.0421875 0.0421875
8 0.2734375 0.225 0.0234375 0.0203125
8 0.3046875 0.2078125 0.0296875 0.03125
8 0.309375 0.24375 0.028125 0.0390625
8 0.2640625 0.1546875 0.0265625 0.0375
8 0.3375 0.1515625 0.0203125 0.0203125
8 0.7 0.2140625 0.0671875 0.053125
8 0.7015625 0.178125 0.05 0.04375
8 0.7453125 0.175 0.0546875 0.0390625
8 0.9234375 0.215625 0.0640625 0.0421875
8 0.046875 0.5375 0.09375 0.059375
8 0.03125 0.4953125 0.0625 0.0421875
8 0.0984375 0.465625 0.05625 0.0578125
8 0.0609375 0.378125 0.065625 0.05
8 0.034375 0.3234375 0.0609375 0.0375
8 0.06875 0.24375 0.0578125 0.046875
8 0.0984375 0.2953125 0.046875 0.0390625
8 0.13125 0.325 0.040625 0.0375
8 0.1140625 0.3625 0.053125 0.0375
8 0.1515625 0.359375 0.0390625 0.03125
8 0.2484375 0.39375 0.059375 0.0359375
8 0.178125 0.2890625 0.0375 0.0484375
8 0.1609375 0.26875 0.025 0.059375
8 0.1265625 0.275 0.0171875 0.046875
8 0.2125 0.1890625 0.01875 0.0296875
8 0.23125 0.1671875 0.025 0.03125
8 0.1890625 0.1359375 0.0265625 0.021875
8 0.15625 0.1359375 0.0234375 0.021875
8 0.115625 0.146875 0.0390625 0.04375
8 0.409375 0.1515625 0.06875 0.0296875
8 0.3921875 0.13125 0.053125 0.0140625
8 0.2921875 0.9328125 0.0671875 0.05625
8 0.41484375 0.0078125 0.0515625 0.015625
8 0.34921875 0.0078125 0.0546875 0.015625
8 0.24296875 0.00859375 0.0421875 0.0171875
8 0.2734375 0.025 0.0234375 0.0203125
8 0.3046875 0.0421875 0.0296875 0.03125
8 0.309375 0.0125 0.028125 0.025
8 0.2640625 0.0953125 0.0265625 0.0375
8 0.3375 0.0984375 0.0203125 0.0203125
8 0.7 0.0359375 0.0671875 0.053125
8 0.7015625 0.071875 0.05 0.04375
8 0.7453125 0.075 0.0546875 0.0390625
8 0.9234375 0.034375 0.0640625 0.0421875
8 0.06796875 0.01484375 0.0578125 0.0296875
8 0.2125 0.0609375 0.01875 0.0296875
8 0.23125 0.0828125 0.025 0.03125
8 0.1890625 0.1140625 0.0265625 0.021875
8 0.15625 0.1140625 0.0234375 0.021875
8 0.115625 0.103125 0.0390625 0.04375
8 0.409375 0.0984375 0.06875 0.0296875
8 0.3921875 0.11875 0.053125 0.0140625