8 0.3890625 0.284375 0.1109375 0.1046875
8 0.5234375 0.2921875 0.1140625 0.0953125
8 0.4953125 0.3734375 0.065625 0.05625
8 0.5609375 0.4546875 0.24375 0.2296875
8 0.1265625 0.353125 0.1 0.0828125
8 0.09375 0.2640625 0.15625 0.0796875
8 0.1015625 0.553125 0.1015625 0.11875
8 0.1515625 0.571875 0.0890625 0.0953125
8 0.3046875 0.690625 0.121875 0.06875
8 0.4203125 0.7546875 0.0640625 0.0484375
8 0.3890625 0.15 0.1109375 0.1046875
8 0.5234375 0.1421875 0.1140625 0.0953125
8 0.4953125 0.0609375 0.065625 0.05625
8 0.5609375 0.046875 0.24375 0.09375
8 0.1265625 0.08125 0.1 0.0828125
8 0.09375 0.1703125 0.15625 0.0796875
8 0.10078125 0.9734375 0.1015625 0.053125
8 0.15078125 0.96953125 0.0890625 0.0609375
8 0.3046875 0.86875 0.121875 0.06875
8 0.4203125 0.8046875 0.0640625 0.0484375