8 0.5140625 0.459375 0.1078125 0.0765625
8 0.5328125 0.553125 0.1078125 0.065625
8 0.653125 0.65625 0.121875 0.08125
8 0.5265625 0.7296875 0.10625 0.0546875
8 0.6765625 0.7921875 0.0984375 0.0625
8 0.4984375 0.9609375 0.078125 0.0703125
8 0.396875 0.65 0.1 0.078125
8 0.2546875 0.771875 0.0984375 0.0859375
8 0.2015625 0.53125 0.071875 0.0890625
8 0.359375 0.4890625 0.0890625 0.075
8 0.3921875 0.4 0.0625 0.053125
8 0.5171875 0.2796875 0.0703125 0.11875
8 0.509375 0.1890625 0.046875 0.0890625
8 0.4484375 0.1125 0.084375 0.0453125
8 0.7859375 0.284375 0.090625 0.1046875
8 0.7734375 0.3703125 0.0859375 0.0640625
8 0.7390625 0.5421875 0.075 0.1015625
8 0.328125 0.646875 0.053125 0.071875
8 0.975 0.65625 0.05 0.08125
8 0.96875 0.7921875 0.0625 0.0625
8 0.0765625 0.771875 0.0984375 0.0859375
8 0.1296875 0.53125 0.071875 0.0890625
8 0.878125 0.284375 0.090625 0.1046875
8 0.890625 0.3703125 0.0859375 0.0640625
8 0.925 0.5421875 0.075 0.1015625
8 0.01484375 0.646875 0.0296875 0.071875