8 0.528125 0.3 0.0375 0.0546875
8 0.6046875 0.1625 0.04375 0.0546875
8 0.4953125 0.1125 0.0796875 0.0390625
8 0.4625 0.040625 0.071875 0.06875
8 0.45 0.2015625 0.0546875 0.0859375
8 0.39375 0.221875 0.0203125 0.075
8 0.3671875 0.2515625 0.0296875 0.090625
8 0.3375 0.1703125 0.034375 0.103125
8 0.2921875 0.1453125 0.0296875 0.078125
8 0.596875 0.4421875 0.040625 0.078125
8 0.684375 0.353125 0.0703125 0.0859375
8 0.7140625 0.2671875 0.0359375 0.0703125
8 0.740625 0.4328125 0.0640625 0.0421875
8 0.628125 0.49375 0.0546875 0.0828125
8 0.515625 0.5046875 0.059375 0.059375
8 0.4875 0.4640625 0.0328125 0.075
8 0.4375 0.4953125 0.046875 0.0609375
8 0.35625 0.484375 0.0703125 0.06875
8 0.1875 0.3625 0.0453125 0.0625
8 0.4828125 0.575 0.0625 0.0578125
8 0.45 0.5828125 0.0515625 0.0453125
8 0.4078125 0.621875 0.078125 0.04375
8 0.371875 0.659375 0.053125 0.0390625
8 0.3328125 0.70625 0.0671875 0.06875
8 0.465625 0.7359375 0.059375 0.0359375
8 0.5390625 0.7 0.071875 0.034375
8 0.5375 0.6640625 0.0390625 0.053125
8 0.503125 0.6203125 0.0328125 0.0578125
8 0.484375 0.8046875 0.0546875 0.05
8 0.5125 0.7875 0.046875 0.0484375
8 0.503125 0.859375 0.053125 0.05625
8 0.7578125 0.940625 0.06875 0.0421875
8 0.8328125 0.8609375 0.0609375 0.0828125
8 0.6421875 0.8703125 0.0765625 0.053125
8 0.98828125 0.43203125 0.0234375 0.0421875
8 0.0625 0.3625 0.0453125 0.0625
8 0.97890625 0.93984375 0.0421875 0.0421875
8 0.9171875 0.8609375 0.0609375 0.0828125