11 0.8328125 0.4703125 0.2140625 0.103125
11 0.6203125 0.553125 0.1703125 0.10625
11 0.071875 0.4859375 0.1421875 0.20625
11 0.2375 0.4171875 0.1453125 0.1265625
11 0.9046875 0.6390625 0.1875 0.125
11 0.4921875 0.3046875 0.209375 0.134375
11 0.38125 0.575 0.2015625 0.1
11 0.4765625 0.44375 0.10625 0.18125
11 0.38125 0.465625 0.1171875 0.1625
11 0.3953125 0.71875 0.1296875 0.196875
11 0.496875 0.7125 0.1296875 0.209375
11 0.6265625 0.71875 0.1203125 0.19375
11 0.9046875 0.975 0.1875 0.0484375
11 0.4921875 0.0515625 0.209375 0.103125
11 0.39375 0.9171875 0.1296875 0.1640625
11 0.4953125 0.9171875 0.1296875 0.1640625
11 0.625 0.91875 0.1203125 0.1625