13 0.4921875 0.4296875 0.0890625 0.1109375
13 0.5484375 0.490625 0.1 0.10625
13 0.6296875 0.6015625 0.071875 0.1
13 0.5359375 0.703125 0.1125 0.084375
13 0.415625 0.675 0.1140625 0.078125
13 0.3171875 0.2375 0.08125 0.0875
13 0.321875 0.153125 0.1 0.05
13 0.3796875 0.0984375 0.065625 0.059375
13 0.45 0.0421875 0.0984375 0.05
13 0.225 0.1953125 0.1203125 0.0578125
13 0.1671875 0.2234375 0.0859375 0.1015625
13 0.8140625 0.034375 0.0859375 0.06875
13 0.1484375 0.0671875 0.0484375 0.053125
13 0.20625 0.0265625 0.0921875 0.053125
13 0.0421875 0.19375 0.084375 0.0578125
13 0.0828125 0.2234375 0.0859375 0.1015625
13 0.9328125 0.034375 0.0859375 0.06875
13 0.1015625 0.0671875 0.0484375 0.053125
13 0.04375 0.0265625 0.0875 0.053125