4 0.3453125 0.3609375 0.071875 0.065625
4 0.296875 0.4046875 0.053125 0.08125
4 0.2546875 0.409375 0.046875 0.090625
4 0.175 0.3921875 0.0765625 0.078125
4 0.121875 0.4375 0.1171875 0.0609375
4 0.1765625 0.4890625 0.1171875 0.0625
4 0.13125 0.534375 0.1171875 0.071875
4 0.2453125 0.5328125 0.090625 0.0703125
4 0.26875 0.590625 0.0703125 0.1078125
4 0.3234375 0.6 0.0703125 0.071875
4 0.321875 0.534375 0.065625 0.090625
4 0.3015625 0.4671875 0.103125 0.053125
4 0.4265625 0.5171875 0.1 0.078125
4 0.371875 0.53125 0.0765625 0.0890625
4 0.3875 0.6140625 0.0921875 0.08125
4 0.484375 0.5859375 0.1078125 0.0578125
4 0.5546875 0.5125 0.1046875 0.05
4 0.4453125 0.465625 0.1 0.0578125
4 0.4828125 0.425 0.0984375 0.0734375
4 0.421875 0.384375 0.065625 0.1109375
4 0.7734375 0.403125 0.0875 0.05625
4 0.8390625 0.4484375 0.1 0.0578125
4 0.3453125 0.0296875 0.071875 0.059375
4 0.296875 0.01171875 0.053125 0.0234375
4 0.2546875 0.01171875 0.046875 0.0234375
4 0.17421875 0.0171875 0.0765625 0.034375
4 0.26796875 0.98046875 0.0703125 0.0390625
4 0.32265625 0.98515625 0.0703125 0.0296875
4 0.38671875 0.97578125 0.0921875 0.0484375
4 0.421875 0.02890625 0.065625 0.0578125
4 0.7734375 0.00625 0.0875 0.0125