13 0.7328125 0.321875 0.0859375 0.0734375
13 0.390625 0.334375 0.059375 0.078125
13 0.346875 0.346875 0.05 0.0671875
13 0.6984375 0.4703125 0.0703125 0.0484375
13 0.7671875 0.4609375 0.0703125 0.0640625
13 0.7421875 0.528125 0.040625 0.06875
13 0.8109375 0.51875 0.084375 0.0609375
13 0.815625 0.59375 0.0640625 0.0359375
13 0.84375 0.625 0.0609375 0.0453125
13 0.84375 0.825 0.053125 0.05
13 0.8390625 0.5671875 0.0609375 0.059375
13 0.85625 0.540625 0.0359375 0.06875
13 0.9859375 0.3203125 0.0265625 0.0734375
13 0.9734375 0.459375 0.053125 0.0640625
13 0.99375 0.528125 0.0125 0.06875
13 0.9390625 0.51875 0.084375 0.0609375
13 0.934375 0.59375 0.0640625 0.0359375
13 0.90625 0.625 0.0609375 0.0453125
13 0.90625 0.825 0.053125 0.05
13 0.9109375 0.5671875 0.0609375 0.059375
13 0.89375 0.540625 0.0359375 0.06875