8 0.4703125 0.4671875 0.140625 0.0921875
8 0.525 0.234375 0.0921875 0.0515625
8 0.58125 0.2734375 0.0625 0.0625
8 0.6203125 0.1875 0.0796875 0.109375
8 0.84375 0.5875 0.059375 0.1125
8 0.7515625 0.7328125 0.0703125 0.06875
8 0.69375 0.7453125 0.0578125 0.0765625
8 0.725 0.8390625 0.1015625 0.0875
8 0.6046875 0.7546875 0.0453125 0.109375
8 0.5796875 0.821875 0.06875 0.0890625
8 0.5390625 0.80625 0.0390625 0.053125
8 0.503125 0.7515625 0.04375 0.0671875
8 0.5203125 0.675 0.075 0.1078125
8 0.421875 0.63125 0.0515625 0.1109375
8 0.3890625 0.6875 0.0359375 0.1078125
8 0.371875 0.728125 0.1375 0.05625
8 0.2421875 0.5953125 0.13125 0.103125
8 0.175 0.6234375 0.1 0.0703125
8 0.90625 0.5875 0.059375 0.1125
8 0.98125 0.7328125 0.0375 0.06875
8 0.98671875 0.8390625 0.0265625 0.0875
8 0.03671875 0.5953125 0.0734375 0.103125
8 0.075 0.6234375 0.1 0.0703125