11 0.2484375 0.5921875 0.0328125 0.0484375
11 0.1875 0.578125 0.0265625 0.0515625
11 0.159375 0.5296875 0.053125 0.0296875
11 0.0296875 0.715625 0.059375 0.04375
11 0.6328125 0.44375 0.0390625 0.0484375
11 0.6609375 0.4390625 0.034375 0.0328125
11 0.6734375 0.4125 0.0390625 0.0265625
11 0.646875 0.534375 0.040625 0.0375
11 0.859375 0.4765625 0.03125 0.0578125
11 0.2484375 0.9078125 0.0328125 0.0484375
11 0.1875 0.921875 0.0265625 0.0515625
11 0.159375 0.9703125 0.053125 0.0296875
11 0.0296875 0.784375 0.059375 0.04375
11 0.6328125 0.053125 0.0390625 0.0484375
11 0.6609375 0.0578125 0.034375 0.0328125
11 0.6734375 0.084375 0.0390625 0.0265625
11 0.646875 0.965625 0.040625 0.0375
11 0.859375 0.0234375 0.03125 0.046875