1 0.49375 0.1546875 0.121875 0.0828125
1 0.546875 0.2640625 0.125 0.109375
1 0.5453125 0.371875 0.071875 0.0859375
1 0.5921875 0.3875 0.059375 0.0921875
1 0.6671875 0.359375 0.053125 0.0921875
1 0.68125 0.240625 0.0796875 0.0640625
1 0.7078125 0.1734375 0.0546875 0.0734375
1 0.6953125 0.2765625 0.078125 0.046875
1 0.721875 0.3875 0.0265625 0.115625
1 0.6015625 0.653125 0.034375 0.10625
1 0.49375 0.6078125 0.0828125 0.0984375
1 0.46875 0.690625 0.0625 0.1
1 0.4078125 0.684375 0.0609375 0.103125
1 0.353125 0.65 0.0984375 0.1234375
1 0.2890625 0.5921875 0.053125 0.1078125
1 0.346875 0.3328125 0.0875 0.05
1 0.384375 0.3953125 0.0890625 0.0640625
1 0.4484375 0.375 0.0484375 0.09375
1 0.4953125 0.346875 0.053125 0.0921875
1 0.5546875 0.4890625 0.096875 0.0578125
1 0.6734375 0.5109375 0.1171875 0.0734375
1 0.703125 0.6609375 0.0640625 0.0796875
1 0.7 0.5515625 0.0703125 0.0390625
1 0.703125 0.596875 0.0625 0.0515625
1 0.3046875 0.7671875 0.084375 0.0875
1 0.3015625 0.421875 0.0796875 0.078125
1 0.475 0.5 0.08125 0.046875
1 0.6453125 0.6140625 0.071875 0.09375
1 0.5390625 0.675 0.05625 0.0953125
1 0.565625 0.625 0.0515625 0.1015625
1 0.5609375 0.540625 0.109375 0.0546875
1 0.0453125 0.15234375 0.090625 0.0828125
1 0.9578125 0.153125 0.084375 0.0828125
1 0.0203125 0.2640625 0.040625 0.109375
1 0.9234375 0.2640625 0.125 0.109375
1 0.0078125 0.3703125 0.015625 0.0859375
1 0.925 0.371875 0.071875 0.0859375
1 0.878125 0.3875 0.059375 0.0921875
1 0.803125 0.359375 0.053125 0.0921875
1 0.7890625 0.240625 0.0796875 0.0640625
1 0.7625 0.1734375 0.0546875 0.0734375
1 0.775 0.2765625 0.078125 0.046875
1 0.7484375 0.3875 0.0265625 0.115625
1 0.86875 0.653125 0.034375 0.10625
1 0.0359375 0.60625 0.071875 0.0984375
1 0.9671875 0.60625 0.065625 0.0984375
1 0.05625 0.690625 0.0625 0.1
1 0.984375 0.690625 0.0296875 0.1
1 0.1171875 0.684375 0.0609375 0.103125
1 0.171875 0.65 0.0984375 0.1234375
1 0.2359375 0.5921875 0.053125 0.1078125
1 0.178125 0.3328125 0.0875 0.05
1 0.140625 0.3953125 0.0890625 0.0640625
1 0.0765625 0.375 0.0484375 0.09375
1 0.0296875 0.346875 0.053125 0.0921875
1 0.9734375 0.3453125 0.0515625 0.0921875
1 0.915625 0.4890625 0.096875 0.0578125
1 0.796875 0.5109375 0.1171875 0.0734375
1 0.7671875 0.6609375 0.0640625 0.0796875
1 0.7703125 0.5515625 0.0703125 0.0390625
1 0.7671875 0.596875 0.0625 0.0515625
1 0.2203125 0.7671875 0.084375 0.0875
1 0.2234375 0.421875 0.0796875 0.078125
1 0.05 0.5 0.08125 0.046875
1 0.9765625 0.5 0.0453125 0.046875
1 0.825 0.6140625 0.071875 0.09375
1 0.00625 0.67265625 0.0125 0.0953125
1 0.93125 0.675 0.05625 0.0953125
1 0.9046875 0.625 0.0515625 0.1015625
1 0.909375 0.540625 0.109375 0.0546875