4 0.40625 0.484375 0.0796875 0.0734375
4 0.3578125 0.575 0.109375 0.071875
4 0.571875 0.6015625 0.04375 0.06875
4 0.5875 0.6578125 0.0546875 0.09375
4 0.6421875 0.6265625 0.046875 0.046875
4 0.66875 0.55 0.04375 0.071875
4 0.596875 0.5078125 0.0421875 0.06875
4 0.54375 0.509375 0.03125 0.0546875
4 0.5625 0.4609375 0.0546875 0.0765625
4 0.565625 0.409375 0.059375 0.046875
4 0.5046875 0.4140625 0.040625 0.078125
4 0.46875 0.390625 0.0484375 0.0890625
4 0.5390625 0.3265625 0.065625 0.0859375
4 0.60625 0.3765625 0.0453125 0.059375
4 0.634375 0.4 0.0640625 0.0640625
4 0.6578125 0.340625 0.0484375 0.0484375
4 0.6546875 0.275 0.0453125 0.0953125
4 0.7203125 0.315625 0.04375 0.078125
4 0.509375 0.7046875 0.053125 0.06875
4 0.5578125 0.7265625 0.0546875 0.0546875
4 0.60625 0.7421875 0.0390625 0.071875
4 0.465625 0.73125 0.05625 0.05
4 0.4515625 0.4578125 0.0609375 0.078125
4 0.3578125 0.97578125 0.109375 0.0484375
4 0.571875 0.9609375 0.04375 0.06875
4 0.5875 0.9046875 0.0546875 0.09375
4 0.6421875 0.9359375 0.046875 0.046875
4 0.66875 0.98828125 0.04375 0.0234375
4 0.565625 0.028125 0.059375 0.046875
4 0.5046875 0.03125 0.040625 0.0625
4 0.46875 0.046875 0.0484375 0.0890625
4 0.5390625 0.1109375 0.065625 0.0859375
4 0.60625 0.0609375 0.0453125 0.059375
4 0.634375 0.0375 0.0640625 0.0640625
4 0.6578125 0.096875 0.0484375 0.0484375
4 0.6546875 0.1625 0.0453125 0.0953125
4 0.7203125 0.121875 0.04375 0.078125
4 0.509375 0.8578125 0.053125 0.06875
4 0.5578125 0.8359375 0.0546875 0.0546875
4 0.60625 0.8203125 0.0390625 0.071875
4 0.465625 0.83125 0.05625 0.05
4 0.45078125 0.009375 0.0609375 0.01875