8 0.596875 0.5546875 0.0328125 0.0484375
8 0.8015625 0.4453125 0.05625 0.0390625
8 0.340625 0.56875 0.015625 0.0328125
8 0.3375 0.590625 0.0234375 0.01875
8 0.371875 0.6015625 0.0140625 0.01875
8 0.371875 0.5765625 0.0125 0.0203125
8 0.3859375 0.575 0.01875 0.015625
8 0.4265625 0.584375 0.0171875 0.0265625
8 0.4265625 0.615625 0.0125 0.025
8 0.4703125 0.60625 0.021875 0.021875
8 0.3546875 0.4171875 0.015625 0.021875
8 0.190625 0.3859375 0.028125 0.0328125
8 0.184375 0.35625 0.0234375 0.0234375
8 0.3203125 0.5140625 0.0125 0.025
8 0.340625 0.5078125 0.025 0.0140625
8 0.3421875 0.4890625 0.021875 0.025
8 0.321875 0.4796875 0.015625 0.01875
8 0.3015625 0.48125 0.0171875 0.0203125
8 0.3078125 0.575 0.028125 0.025
8 0.3625 0.51875 0.03125 0.0203125
8 0.5390625 0.4828125 0.0265625 0.03125
8 0.4421875 0.4171875 0.025 0.03125
8 0.4890625 0.359375 0.015625 0.0265625
8 0.3671875 0.4453125 0.0234375 0.015625
8 0.3421875 0.4484375 0.0359375 0.021875
8 0.3453125 0.46875 0.01875 0.021875
8 0.365625 0.471875 0.0203125 0.01875
8 0.375 0.4640625 0.025 0.0203125
8 0.3765625 0.490625 0.01875 0.0140625
8 0.371875 0.50625 0.021875 0.0078125
8 0.4140625 0.4578125 0.01875 0.0203125
8 0.35 0.840625 0.015625 0.0296875
8 0.378125 0.8484375 0.0140625 0.015625
8 0.5890625 0.7359375 0.0203125 0.0125
8 0.525 0.7484375 0.0234375 0.0140625
8 0.5359375 0.26875 0.034375 0.021875
8 0.45625 0.675 0.03125 0.0234375
8 0.6859375 0.8140625 0.0203125 0.0140625
8 0.403125 0.7234375 0.015625 0.0234375
8 0.35 0.909375 0.015625 0.0296875
8 0.378125 0.9015625 0.0140625 0.015625
8 0.52421875 0.996875 0.0234375 0.00625
8 0.6859375 0.9359375 0.0203125 0.0140625