11 0.425 0.3515625 0.0265625 0.040625
11 0.48125 0.3671875 0.0328125 0.028125
11 0.484375 0.3328125 0.04375 0.0296875
11 0.453125 0.5421875 0.03125 0.0390625
11 0.7609375 0.74375 0.0453125 0.0359375
11 0.2796875 0.384375 0.0359375 0.040625
11 0.7515625 0.459375 0.0390625 0.0359375
11 0.6890625 0.621875 0.04375 0.03125
11 0.7203125 0.5015625 0.0453125 0.0328125
11 0.4109375 0.5296875 0.0375 0.028125
11 0.703125 0.46875 0.0328125 0.0359375
11 0.6796875 0.390625 0.0375 0.0328125
11 0.6265625 0.45 0.034375 0.034375
11 0.6671875 0.4609375 0.028125 0.040625
11 0.4421875 0.378125 0.0296875 0.034375
11 0.2625 0.246875 0.03125 0.0359375
11 0.55 0.6125 0.0421875 0.0296875
11 0.71875 0.765625 0.025 0.0484375
11 0.3375 0.3453125 0.021875 0.046875
11 0.6484375 0.38125 0.0328125 0.034375
11 0.4734375 0.2875 0.040625 0.0296875
11 0.409375 0.625 0.0234375 0.046875
11 0.4515625 0.603125 0.0390625 0.0328125
11 0.553125 0.3546875 0.0234375 0.04375
11 0.690625 0.5390625 0.046875 0.0296875
11 0.675 0.7515625 0.0359375 0.0453125
11 0.3625 0.38125 0.0328125 0.0375
11 0.7578125 0.353125 0.025 0.0375
11 0.3125 0.259375 0.028125 0.0375
11 0.4140625 0.4078125 0.0359375 0.021875
11 0.384375 0.43125 0.0359375 0.0265625
11 0.59375 0.4921875 0.0390625 0.0296875
11 0.5609375 0.478125 0.01875 0.0390625
11 0.6375 0.51875 0.03125 0.0375
11 0.5796875 0.51875 0.0375 0.028125
11 0.5515625 0.40625 0.040625 0.0265625
11 0.4078125 0.3171875 0.04375 0.028125
11 0.3484375 0.4328125 0.0203125 0.04375
11 0.5828125 0.5703125 0.0328125 0.0265625
11 0.715625 0.359375 0.0203125 0.04375
11 0.4671875 0.2671875 0.0390625 0.028125
11 0.49375 0.121875 0.0390625 0.028125
11 0.49375 0.5484375 0.040625 0.025
11 0.5640625 0.4359375 0.0390625 0.0234375
11 0.4375 0.4875 0.034375 0.028125
11 0.525 0.390625 0.021875 0.034375
11 0.396875 0.45 0.0375 0.0234375
11 0.4703125 0.465625 0.0203125 0.0328125
11 0.4796875 0.5046875 0.021875 0.040625
11 0.4578125 0.49375 0.03125 0.04375
11 0.5046875 0.5171875 0.025 0.025
11 0.5125 0.4203125 0.028125 0.025
11 0.475 0.396875 0.0234375 0.0328125
11 0.46875 0.43125 0.034375 0.0234375
11 0.4484375 0.44375 0.034375 0.021875
11 0.5359375 0.4453125 0.0328125 0.025
11 0.4125 0.440625 0.0171875 0.03125
11 0.5390625 0.490625 0.0234375 0.025
11 0.440625 0.46875 0.0328125 0.0234375
11 0.5015625 0.39375 0.0234375 0.025
11 0.5140625 0.484375 0.0234375 0.0234375