8 0.453125 0.4609375 0.103125 0.059375
8 0.4828125 0.3109375 0.0640625 0.0953125
8 0.5625 0.315625 0.0546875 0.0609375
8 0.6125 0.2578125 0.040625 0.0640625
8 0.615625 0.2171875 0.0890625 0.06875
8 0.6890625 0.0703125 0.0578125 0.0765625
8 0.7234375 0.125 0.0578125 0.0515625
8 0.85 0.140625 0.0453125 0.0640625
8 0.4265625 0.125 0.0453125 0.05625
8 0.340625 0.1 0.0546875 0.0671875
8 0.2046875 0.05 0.05625 0.071875
8 0.6671875 0.4890625 0.0609375 0.0765625
8 0.7203125 0.38125 0.0703125 0.096875
8 0.6875 0.3828125 0.0421875 0.0703125
8 0.6453125 0.36875 0.0515625 0.06875
8 0.79375 0.53125 0.0453125 0.078125
8 0.84375 0.4875 0.0609375 0.0625
8 0.7828125 0.6265625 0.046875 0.103125
8 0.7296875 0.61875 0.071875 0.0578125
8 0.7328125 0.5734375 0.0359375 0.0578125
8 0.8171875 0.7296875 0.0859375 0.0796875
8 0.73125 0.7515625 0.0625 0.0421875
8 0.6453125 0.76875 0.065625 0.0578125
8 0.5625 0.76875 0.0484375 0.0875
8 0.5203125 0.709375 0.046875 0.0703125
8 0.3921875 0.596875 0.0765625 0.1015625
8 0.1703125 0.8828125 0.0515625 0.1046875
8 0.9 0.140625 0.0453125 0.0640625
8 0.0453125 0.05 0.05625 0.071875
8 0.95625 0.53125 0.0453125 0.078125
8 0.90625 0.4875 0.0609375 0.0625
8 0.9671875 0.6265625 0.046875 0.103125
8 0.9921875 0.61796875 0.015625 0.0578125
8 0.9328125 0.7296875 0.0859375 0.0796875
8 0.99375 0.75078125 0.0125 0.0421875
8 0.0796875 0.8828125 0.0515625 0.1046875