13 0.365625 0.359375 0.0640625 0.078125
13 0.1734375 0.3546875 0.0828125 0.05625
13 0.1046875 0.3171875 0.0828125 0.078125
13 0.1421875 0.4296875 0.0734375 0.0484375
13 0.0859375 0.4671875 0.05625 0.0796875
13 0.1953125 0.478125 0.121875 0.034375
13 0.153125 0.571875 0.0515625 0.0625
13 0.228125 0.540625 0.08125 0.0828125
13 0.3390625 0.55625 0.0828125 0.0765625
13 0.2984375 0.428125 0.0515625 0.071875
13 0.2890625 0.4703125 0.06875 0.0546875
13 0.2328125 0.4078125 0.06875 0.05
13 0.4125 0.4765625 0.0671875 0.0703125
13 0.4671875 0.4765625 0.0328125 0.0640625
13 0.5015625 0.365625 0.0671875 0.078125
13 0.6109375 0.3421875 0.06875 0.06875
13 0.6875 0.3390625 0.053125 0.059375
13 0.725 0.3140625 0.040625 0.04375
13 0.821875 0.3015625 0.0546875 0.071875
13 0.771875 0.3640625 0.0609375 0.071875
13 0.75 0.4234375 0.0453125 0.078125
13 0.7125 0.45 0.05 0.0640625
13 0.6375 0.4765625 0.071875 0.0625
13 0.6 0.409375 0.0671875 0.1
13 0.565625 0.5265625 0.05625 0.05
13 0.4671875 0.565625 0.090625 0.0515625
13 0.81875 0.453125 0.0625 0.078125