11 0.415625 0.3921875 0.0796875 0.0421875
11 0.3859375 0.503125 0.075 0.0421875
11 0.046875 0.5921875 0.0703125 0.071875
11 0.2921875 0.5515625 0.09375 0.0390625
11 0.4625 0.5015625 0.0703125 0.05
11 0.1453125 0.4953125 0.078125 0.0640625
11 0.471875 0.425 0.0546875 0.0609375
11 0.1125 0.425 0.078125 0.046875
11 0.53125 0.590625 0.0640625 0.065625
11 0.478125 0.34375 0.0484375 0.0390625
11 0.6109375 0.6671875 0.071875 0.0640625
11 0.515625 0.446875 0.0453125 0.0578125
11 0.8328125 0.4609375 0.075 0.0421875
11 0.759375 0.403125 0.065625 0.0359375
11 0.70625 0.671875 0.071875 0.0671875
11 0.6140625 0.409375 0.0515625 0.04375
11 0.7578125 0.4703125 0.078125 0.0453125
11 0.9296875 0.3640625 0.0734375 0.03125
11 0.415625 0.0953125 0.0796875 0.0421875
11 0.3859375 0.990625 0.075 0.01875
11 0.046875 0.9140625 0.0703125 0.071875
11 0.2921875 0.9546875 0.09375 0.0390625
11 0.46015625 0.0046875 0.0703125 0.009375
11 0.4609375 0.9890625 0.0703125 0.0203125
11 0.1453125 0.0109375 0.078125 0.021875
11 0.1453125 0.9890625 0.078125 0.021875
11 0.471875 0.0625 0.0546875 0.0609375
11 0.1125 0.0625 0.078125 0.046875
11 0.53125 0.915625 0.0640625 0.065625
11 0.478125 0.14375 0.0484375 0.0390625
11 0.6109375 0.8390625 0.071875 0.0640625
11 0.515625 0.040625 0.0453125 0.0578125
11 0.8328125 0.0265625 0.075 0.0421875
11 0.759375 0.084375 0.065625 0.0359375
11 0.70625 0.834375 0.071875 0.0671875
11 0.6140625 0.078125 0.0515625 0.04375
11 0.7578125 0.01875 0.078125 0.0375
11 0.9296875 0.1234375 0.0734375 0.03125