13 0.315625 0.3953125 0.0890625 0.0609375
13 0.2140625 0.396875 0.0984375 0.078125
13 0.14375 0.359375 0.0953125 0.090625
13 0.0421875 0.325 0.084375 0.078125
13 0.159375 0.5328125 0.0984375 0.1421875
13 0.15625 0.4671875 0.1265625 0.0671875
13 0.25 0.465625 0.13125 0.0984375
13 0.30625 0.45 0.0671875 0.065625
13 0.3984375 0.4390625 0.0859375 0.0765625
13 0.4578125 0.515625 0.05 0.0875
13 0.4953125 0.5109375 0.08125 0.1
13 0.5546875 0.6265625 0.0625 0.078125
13 0.578125 0.6046875 0.084375 0.075
13 0.6203125 0.5765625 0.096875 0.0546875
13 0.65 0.54375 0.0859375 0.0609375
13 0.690625 0.8140625 0.134375 0.090625
13 0.1140625 0.765625 0.1 0.1859375
13 0.78125 0.653125 0.0890625 0.103125
13 0.7421875 0.696875 0.11875 0.0546875
13 0.6625 0.640625 0.0890625 0.0390625
13 0.68125 0.6046875 0.04375 0.078125
13 0.709375 0.640625 0.0390625 0.075
13 0.70625 0.453125 0.0578125 0.0828125
13 0.784375 0.4375 0.0546875 0.05625
13 0.575 0.4703125 0.0875 0.0671875
13 0.6125 0.4421875 0.0828125 0.0796875
13 0.6328125 0.4046875 0.065625 0.0609375
13 0.4671875 0.43125 0.0828125 0.090625
13 0.3703125 0.29375 0.0421875 0.065625
13 0.321875 0.265625 0.078125 0.059375
13 0.44375 0.2640625 0.0546875 0.05
13 0.465625 0.33125 0.0578125 0.040625
13 0.5046875 0.384375 0.0984375 0.0765625
13 0.4765625 0.3796875 0.0609375 0.08125
13 0.553125 0.3609375 0.075 0.05
13 0.5390625 0.3 0.04375 0.059375
13 0.6328125 0.29375 0.0515625 0.0859375
13 0.690625 0.9359375 0.134375 0.090625
13 0.1140625 0.9453125 0.1 0.109375
13 0.321875 0.00625 0.078125 0.0125
13 0.44140625 0.0046875 0.0546875 0.009375