13 0.31875 0.51875 0.0359375 0.046875
13 0.2578125 0.3890625 0.0453125 0.0625
13 0.2796875 0.6953125 0.046875 0.05625
13 0.3609375 0.5375 0.05 0.0234375
13 0.3546875 0.571875 0.05625 0.03125
13 0.4375 0.5328125 0.0484375 0.053125
13 0.4328125 0.5828125 0.0515625 0.04375
13 0.4796875 0.6140625 0.046875 0.0453125
13 0.5921875 0.634375 0.040625 0.0421875
13 0.671875 0.6421875 0.04375 0.034375
13 0.590625 0.571875 0.0296875 0.0484375
13 0.559375 0.5453125 0.0328125 0.025
13 0.615625 0.5109375 0.046875 0.0421875
13 0.703125 0.2703125 0.0375 0.0359375
13 0.9375 0.2890625 0.0515625 0.03125
13 0.9453125 0.2109375 0.0546875 0.0296875
13 0.209375 0.2375 0.0484375 0.0171875
13 0.1515625 0.1953125 0.0515625 0.0328125
13 0.2875 0.2484375 0.0328125 0.0234375
13 0.328125 0.2734375 0.0390625 0.0359375
13 0.11875 0.4140625 0.0234375 0.0609375
13 0.0140625 0.3984375 0.028125 0.040625
13 0.4828125 0.8015625 0.0515625 0.025
13 0.346875 0.421875 0.0359375 0.0265625
13 0.3390625 0.45 0.0484375 0.025
13 0.303125 0.4109375 0.021875 0.0453125
13 0.3046875 0.35625 0.0140625 0.034375
13 0.421875 0.3546875 0.03125 0.053125
13 0.3828125 0.434375 0.046875 0.0390625
13 0.2796875 0.96875 0.046875 0.05625
13 0.703125 0.0609375 0.0375 0.0359375
13 0.9375 0.0421875 0.0515625 0.03125
13 0.9453125 0.1203125 0.0546875 0.0296875
13 0.209375 0.09375 0.0484375 0.0171875
13 0.1515625 0.1359375 0.0515625 0.0328125
13 0.2875 0.0828125 0.0328125 0.0234375
13 0.328125 0.0578125 0.0390625 0.0359375
13 0.4828125 0.8625 0.0515625 0.025