11 0.725 0.3671875 0.0859375 0.071875
11 0.6515625 0.6015625 0.071875 0.0875
11 0.2203125 0.571875 0.078125 0.0578125
11 0.128125 0.5625 0.0625 0.075
11 0.28125 0.5234375 0.0765625 0.0734375
11 0.29375 0.6734375 0.0875 0.0625
11 0.78125 0.5 0.1 0.08125
11 0.6359375 0.34375 0.1 0.065625
11 0.809375 0.3875 0.0703125 0.0875
11 0.1765625 0.484375 0.0671875 0.075
11 0.6078125 0.53125 0.0703125 0.0828125
11 0.428125 0.7328125 0.05625 0.08125
11 0.91875 0.475 0.0859375 0.0734375
11 0.4125 0.6125 0.0640625 0.084375
11 0.2234375 0.6484375 0.0765625 0.0546875
11 0.153125 0.6234375 0.09375 0.046875
11 0.4625 0.68125 0.0859375 0.046875
11 0.175 0.38125 0.0671875 0.065625
11 0.3484375 0.7640625 0.08125 0.0609375
11 0.5671875 0.65625 0.08125 0.0625
11 0.265625 0.421875 0.0703125 0.0703125
11 0.1515625 0.15625 0.078125 0.059375
11 0.7171875 0.6734375 0.06875 0.0828125
11 0.23125 0.31875 0.0625 0.0765625
11 0.359375 0.703125 0.0796875 0.040625
11 0.4828125 0.8546875 0.0640625 0.0390625
11 0.6625 0.746875 0.09375 0.05625
11 0.228125 0.8109375 0.078125 0.09375
11 0.965625 0.36875 0.065625 0.06875
11 0.8734375 0.71875 0.0875 0.084375
11 0.26875 0.2921875 0.0703125 0.059375
11 0.45625 0.803125 0.059375 0.075
11 0.2203125 0.421875 0.0515625 0.0796875
11 0.359375 0.4546875 0.0734375 0.0890625
11 0.1609375 0.309375 0.0734375 0.0453125
11 0.546875 0.8 0.0875 0.0671875
11 0.1046875 0.2984375 0.06875 0.0671875
11 0.353125 0.3421875 0.0890625 0.0609375
11 0.3265625 0.19375 0.06875 0.0703125
11 0.1625 0.25 0.0578125 0.075
11 0.23125 0.2203125 0.059375 0.0796875
11 0.26875 0.2234375 0.05 0.075
11 0.659375 0.690625 0.084375 0.0609375
11 0.190625 0.1375 0.08125 0.0265625
11 0.3234375 0.2609375 0.0546875 0.0796875
11 0.81875 0.8015625 0.06875 0.0828125
11 0.428125 0.9875 0.05625 0.0234375
11 0.3484375 0.9765625 0.08125 0.0453125
11 0.1515625 0.09375 0.078125 0.059375
11 0.4828125 0.8953125 0.0640625 0.0390625
11 0.6625 0.9875 0.09375 0.025
11 0.228125 0.9390625 0.078125 0.09375
11 0.45625 0.946875 0.059375 0.075
11 0.546875 0.95 0.0875 0.0671875
11 0.3265625 0.05625 0.06875 0.0703125
11 0.1609375 0.01875 0.0578125 0.0375
11 0.23125 0.034375 0.059375 0.06875
11 0.26875 0.03125 0.05 0.0625
11 0.190625 0.1125 0.08125 0.0265625
11 0.321875 0.0140625 0.0546875 0.028125
11 0.81875 0.9484375 0.06875 0.0828125