8 0.48125 0.615625 0.08125 0.0890625
8 0.5671875 0.478125 0.065625 0.103125
8 0.8734375 0.4796875 0.0765625 0.1296875
8 0.9234375 0.74375 0.0703125 0.1046875
8 0.65625 0.834375 0.1078125 0.06875
8 0.4890625 0.8015625 0.103125 0.125
8 0.3296875 0.746875 0.159375 0.115625
8 0.253125 0.696875 0.078125 0.11875
8 0.1640625 0.465625 0.2625 0.165625
8 0.378125 0.321875 0.1421875 0.075
8 0.3765625 0.165625 0.11875 0.0859375
8 0.5796875 0.1765625 0.090625 0.078125
8 0.684375 0.1875 0.078125 0.11875
8 0.9015625 0.2203125 0.184375 0.103125
8 0.92265625 0.975 0.0703125 0.05
8 0.65625 0.9125 0.1078125 0.06875
8 0.4890625 0.94140625 0.103125 0.1171875
8 0.3296875 0.97109375 0.159375 0.0578125
8 0.3765625 0.08125 0.11875 0.0859375
8 0.5796875 0.0703125 0.090625 0.078125
8 0.684375 0.059375 0.078125 0.11875
8 0.9015625 0.0390625 0.184375 0.078125