11 0.096875 0.690625 0.0859375 0.1046875
11 0.253125 0.6796875 0.1015625 0.0640625
11 0.5296875 0.5625 0.0578125 0.0703125
11 0.2421875 0.6234375 0.065625 0.06875
11 0.553125 0.25625 0.0953125 0.05
11 0.7953125 0.6328125 0.0875 0.103125
11 0.103125 0.253125 0.078125 0.071875
11 0.328125 0.4703125 0.0859375 0.0390625
11 0.7296875 0.3765625 0.10625 0.04375
11 0.190625 0.278125 0.0703125 0.0765625
11 0.15 0.45 0.0796875 0.071875
11 0.59375 0.55625 0.0640625 0.0625
11 0.4703125 0.6 0.059375 0.0625
11 0.19375 0.64375 0.0859375 0.04375
11 0.403125 0.5171875 0.071875 0.08125
11 0.24375 0.4765625 0.06875 0.065625
11 0.490625 0.33125 0.0921875 0.0453125
11 0.4640625 0.525 0.0734375 0.0671875
11 0.434375 0.571875 0.05625 0.06875
11 0.640625 0.471875 0.0953125 0.05625
11 0.5765625 0.4 0.0609375 0.0734375
11 0.5234375 0.4078125 0.078125 0.046875
11 0.35 0.415625 0.05625 0.05625
11 0.4671875 0.459375 0.0609375 0.0625
11 0.3015625 0.2640625 0.0609375 0.0578125
11 0.2203125 0.3203125 0.0703125 0.0578125
11 0.04375 0.3984375 0.0875 0.065625
11 0.3375 0.2375 0.0640625 0.040625
11 0.6140625 0.659375 0.103125 0.0625
11 0.425 0.3625 0.05625 0.06875
11 0.371875 0.2828125 0.059375 0.05625
11 0.346875 0.340625 0.0703125 0.0375
11 0.5015625 0.490625 0.0828125 0.053125
11 0.4125 0.41875 0.0484375 0.075
11 0.25625 0.2359375 0.03125 0.0375
11 0.3796875 0.234375 0.04375 0.0359375
11 0.8875 0.734375 0.0734375 0.0484375
11 0.1640625 0.5765625 0.053125 0.05625
11 0.096875 0.86875 0.0859375 0.1046875
11 0.253125 0.8796875 0.1015625 0.0640625
11 0.528125 0.9796875 0.0578125 0.0390625
11 0.2421875 0.9359375 0.065625 0.06875
11 0.553125 0.178125 0.0953125 0.05
11 0.7953125 0.9265625 0.0875 0.103125
11 0.103125 0.18125 0.078125 0.071875
11 0.7296875 0.0578125 0.10625 0.04375
11 0.190625 0.15625 0.0703125 0.0765625
11 0.14765625 0.009375 0.0796875 0.01875
11 0.5921875 0.9859375 0.0640625 0.028125
11 0.4703125 0.959375 0.059375 0.0625
11 0.19375 0.915625 0.0859375 0.04375
11 0.490625 0.103125 0.0921875 0.0453125
11 0.434375 0.9765625 0.05625 0.046875
11 0.57421875 0.034375 0.0609375 0.06875
11 0.5234375 0.0265625 0.078125 0.046875
11 0.35 0.0234375 0.05625 0.046875
11 0.3015625 0.1703125 0.0609375 0.0578125
11 0.2203125 0.1140625 0.0703125 0.0578125
11 0.04375 0.0359375 0.0875 0.065625
11 0.3375 0.196875 0.0640625 0.040625
11 0.6140625 0.9 0.103125 0.0625
11 0.425 0.071875 0.05625 0.06875
11 0.371875 0.1515625 0.059375 0.05625
11 0.346875 0.09375 0.0703125 0.0375
11 0.4109375 0.0265625 0.0484375 0.053125
11 0.25625 0.1984375 0.03125 0.0375
11 0.3796875 0.2 0.04375 0.0359375
11 0.8875 0.825 0.0734375 0.0484375
11 0.1640625 0.9765625 0.053125 0.0453125