8 0.6140625 0.4125 0.0671875 0.109375
8 0.709375 0.259375 0.1359375 0.0875
8 0.771875 0.1265625 0.0984375 0.075
8 0.4640625 0.1296875 0.1078125 0.1015625
8 0.296875 0.3296875 0.1109375 0.0859375
8 0.1984375 0.4078125 0.1296875 0.0640625
8 0.1453125 0.31875 0.0875 0.0875
8 0.065625 0.4015625 0.028125 0.096875
8 0.29375 0.49375 0.0734375 0.0828125
8 0.4015625 0.471875 0.0765625 0.090625
8 0.3546875 0.540625 0.0921875 0.06875
8 0.20625 0.5359375 0.0765625 0.0734375
8 0.0546875 0.6234375 0.0984375 0.115625
8 0.0984375 0.6375 0.0609375 0.0625
8 0.5875 0.60625 0.08125 0.0859375
8 0.6234375 0.678125 0.0890625 0.084375
8 0.6921875 0.696875 0.06875 0.0359375
8 0.8015625 0.665625 0.0671875 0.071875
8 0.8546875 0.5765625 0.0640625 0.0328125
8 0.9015625 0.615625 0.05625 0.0671875
8 0.70625 0.7671875 0.05625 0.0703125
8 0.73125 0.859375 0.078125 0.0625
8 0.853125 0.8421875 0.0734375 0.078125
8 0.925 0.890625 0.08125 0.0671875
8 0.77109375 0.01015625 0.0984375 0.0203125
8 0.46328125 0.01484375 0.1078125 0.0296875
8 0.925 0.98125 0.08125 0.0375