11 0.7953125 0.5734375 0.090625 0.0765625
11 0.5109375 0.828125 0.1078125 0.10625
11 0.365625 0.6546875 0.0859375 0.0859375
11 0.34375 0.4171875 0.0875 0.0765625
11 0.4328125 0.7 0.0921875 0.0734375
11 0.2578125 0.5296875 0.0734375 0.08125
11 0.8328125 0.9328125 0.0765625 0.1265625
11 0.1453125 0.5984375 0.040625 0.103125
11 0.4546875 0.55625 0.0890625 0.0625
11 0.778125 0.2515625 0.0953125 0.059375
11 0.7734375 0.284375 0.0875 0.04375
11 0.8296875 0.3546875 0.0890625 0.0296875
11 0.8421875 0.40625 0.0640625 0.0640625
11 0.4390625 0.1984375 0.0796875 0.0703125
11 0.3609375 0.1625 0.0984375 0.0421875
11 0.4515625 0.1453125 0.0765625 0.034375
11 0.1453125 0.925 0.0421875 0.0703125
11 0.9546875 0.5734375 0.090625 0.0765625
11 0.0140625 0.5296875 0.028125 0.08125
11 0.9171875 0.9328125 0.0765625 0.1265625
11 0.1046875 0.5984375 0.040625 0.103125
11 0.9609375 0.2515625 0.0765625 0.059375
11 0.965625 0.284375 0.0671875 0.04375
11 0.9203125 0.3546875 0.0890625 0.0296875
11 0.9078125 0.40625 0.0640625 0.0640625
11 0.1046875 0.925 0.0421875 0.0703125