11 0.790625 0.434375 0.0390625 0.0484375
11 0.7875 0.48125 0.025 0.0421875
11 0.6421875 0.29375 0.0453125 0.04375
11 0.85625 0.7625 0.0359375 0.040625
11 0.8453125 0.2703125 0.040625 0.0546875
11 0.81875 0.66875 0.05 0.03125
11 0.4734375 0.7625 0.040625 0.05
11 0.85625 0.446875 0.034375 0.034375
11 0.703125 0.0359375 0.0453125 0.071875
11 0.7453125 0.5 0.034375 0.0359375
11 0.4859375 0.9765625 0.0453125 0.04375
11 0.759375 0.4640625 0.0328125 0.0484375
11 0.85 0.4046875 0.0484375 0.0453125
11 0.7171875 0.2390625 0.0328125 0.0484375
11 0.74375 0.171875 0.0328125 0.0375
11 0.69375 0.2328125 0.0203125 0.0421875
11 0.6890625 0.2765625 0.0578125 0.046875
11 0.559375 0.3578125 0.04375 0.04375
11 0.4203125 0.1390625 0.046875 0.025
11 0.4828125 0.253125 0.028125 0.0359375
11 0.44375 0.20625 0.05 0.028125
11 0.5359375 0.328125 0.046875 0.0234375
11 0.7484375 0.0859375 0.0625 0.05625
11 0.596875 0.015625 0.0859375 0.03125
11 0.7109375 0.490625 0.0125 0.071875
11 0.6703125 0.4984375 0.04375 0.028125
11 0.78125 0.521875 0.0328125 0.0265625
11 0.80625 0.5125 0.0296875 0.025
11 0.8125 0.4828125 0.03125 0.0328125
11 0.75625 0.5640625 0.0375 0.04375
11 0.815625 0.75625 0.025 0.05
11 0.409375 0.95 0.0359375 0.0453125
11 0.5828125 0.8453125 0.0671875 0.034375
11 0.959375 0.434375 0.0390625 0.0484375
11 0.9625 0.48125 0.025 0.0421875
11 0.89375 0.7625 0.0359375 0.040625
11 0.9046875 0.2703125 0.040625 0.0546875
11 0.93125 0.66875 0.05 0.03125
11 0.89375 0.446875 0.034375 0.034375
11 0.99375 0.4984375 0.0125 0.0359375
11 0.9859375 0.4625 0.0265625 0.0484375
11 0.9 0.4046875 0.0484375 0.0453125
11 0.99375 0.171875 0.0109375 0.0375
11 0.984375 0.0859375 0.0296875 0.05625
11 0.96875 0.521875 0.0328125 0.0265625
11 0.94375 0.5125 0.0296875 0.025
11 0.9375 0.4828125 0.03125 0.0328125
11 0.9875 0.5640625 0.025 0.04375
11 0.934375 0.75625 0.025 0.05