8 0.4046875 0.7375 0.084375 0.05625
8 0.325 0.409375 0.0734375 0.0796875
8 0.390625 0.25 0.0484375 0.04375
8 0.175 0.5515625 0.046875 0.0765625
8 0.4484375 0.415625 0.0515625 0.071875
8 0.634375 0.6109375 0.06875 0.040625
8 0.7625 0.290625 0.04375 0.06875
8 0.878125 0.259375 0.0625 0.0625
8 0.9140625 0.2109375 0.1015625 0.025
8 0.8109375 0.2171875 0.0453125 0.0375
8 0.4046875 0.8609375 0.084375 0.05625
8 0.32421875 0.01328125 0.0734375 0.0265625
8 0.390625 0.146875 0.0484375 0.04375
8 0.44765625 0.00859375 0.0515625 0.0171875
8 0.634375 0.98359375 0.06875 0.0328125
8 0.7625 0.10625 0.04375 0.06875
8 0.878125 0.1375 0.0625 0.0625
8 0.9140625 0.1859375 0.1015625 0.025
8 0.8109375 0.1796875 0.0453125 0.0375