11 0.6828125 0.4921875 0.021875 0.0171875
11 0.5015625 0.4671875 0.021875 0.01875
11 0.55 0.4890625 0.0234375 0.0171875
11 0.396875 0.478125 0.0203125 0.015625
11 0.7375 0.48125 0.0140625 0.0125
11 0.31875 0.4859375 0.0171875 0.015625
11 0.7828125 0.4796875 0.0140625 0.0140625
11 0.3328125 0.4703125 0.0171875 0.015625
11 0.68125 0.5171875 0.015625 0.0140625
11 0.4265625 0.46875 0.0203125 0.009375
11 0.715625 0.475 0.01875 0.009375
11 0.73125 0.49375 0.0171875 0.015625
11 0.7578125 0.475 0.0171875 0.0171875
11 0.1625 0.4625 0.021875 0.009375
11 0.1328125 0.459375 0.015625 0.0109375
11 0.9671875 0.4796875 0.0140625 0.0140625
11 0.990625 0.4734375 0.0171875 0.0171875
11 0.0875 0.4625 0.021875 0.009375
11 0.1171875 0.459375 0.015625 0.0109375