11 0.171875 0.35 0.0453125 0.0609375
11 0.453125 0.971875 0.0234375 0.0453125
11 0.45625 0.9171875 0.0359375 0.05
11 0.490625 0.96875 0.025 0.046875
11 0.515625 0.878125 0.0265625 0.05625
11 0.7203125 0.1125 0.075 0.0609375
11 0.55625 0.790625 0.0234375 0.05
11 0.21875 0.80625 0.040625 0.065625
11 0.6203125 0.0171875 0.0546875 0.034375
11 0.45 0.5234375 0.046875 0.05
11 0.6453125 0.3046875 0.0359375 0.065625
11 0.5828125 0.1171875 0.03125 0.0671875
11 0.5328125 0.2421875 0.0296875 0.0625
11 0.54375 0.06875 0.0359375 0.0671875
11 0.525 0.4875 0.0328125 0.065625
11 0.078125 0.35 0.0453125 0.0609375
11 0.03125 0.80625 0.040625 0.065625