11 0.7421875 0.6171875 0.0703125 0.0609375
11 0.7375 0.546875 0.0765625 0.0609375
11 0.46875 0.621875 0.0765625 0.075
11 0.6078125 0.5953125 0.0640625 0.05
11 0.515625 0.565625 0.071875 0.065625
11 0.39375 0.9 0.0640625 0.0703125
11 0.4765625 0.4578125 0.0734375 0.0796875
11 0.61875 0.55 0.0484375 0.05625
11 0.56875 0.46875 0.040625 0.0578125
11 0.6890625 0.659375 0.0484375 0.0609375
11 0.8203125 0.6171875 0.0703125 0.0609375
11 0.825 0.546875 0.0765625 0.0609375
11 0.9546875 0.5953125 0.0640625 0.05
11 0.04375 0.9 0.0640625 0.0703125
11 0.94375 0.55 0.0484375 0.05625
11 0.9859375 0.4671875 0.0265625 0.0578125
11 0.8734375 0.659375 0.0484375 0.0609375