13 0.3953125 0.446875 0.2203125 0.2296875
13 0.2453125 0.28125 0.1875 0.23125
13 0.10625 0.303125 0.134375 0.1984375
13 0.046875 0.459375 0.09375 0.1765625
13 0.5953125 0.4015625 0.11875 0.121875
13 0.6953125 0.365625 0.1359375 0.1828125
13 0.65 0.634375 0.1078125 0.1703125
13 0.7484375 0.70625 0.1328125 0.2109375
13 0.2453125 0.0828125 0.1875 0.165625
13 0.10625 0.0625 0.134375 0.125
13 0.69375 0.028125 0.1359375 0.05625
13 0.6484375 0.971875 0.1078125 0.05625
13 0.746875 0.925 0.1328125 0.1484375