11 0.6328125 0.6 0.05625 0.0796875
11 0.4125 0.484375 0.0734375 0.078125
11 0.5703125 0.384375 0.0828125 0.071875
11 0.525 0.7109375 0.05 0.0890625
11 0.4453125 0.5984375 0.059375 0.08125
11 0.4984375 0.521875 0.071875 0.0578125
11 0.4046875 0.6484375 0.059375 0.0703125
11 0.684375 0.54375 0.0609375 0.071875
11 0.5765625 0.7046875 0.046875 0.0875
11 0.565625 0.5984375 0.04375 0.0765625
11 0.45625 0.4046875 0.05625 0.10625
11 0.54375 0.6390625 0.075 0.0578125
11 0.571875 0.4765625 0.0578125 0.0765625
11 0.5421875 0.859375 0.0765625 0.0609375
11 0.665625 0.446875 0.06875 0.08125
11 0.625 0.2265625 0.075 0.075
11 0.6484375 0.509375 0.04375 0.071875
11 0.8 0.5765625 0.0484375 0.08125
11 0.35625 0.6546875 0.0546875 0.0875
11 0.509375 0.46875 0.0546875 0.0515625
11 0.5984375 0.7828125 0.065625 0.05
11 0.184375 0.6390625 0.05 0.1
11 0.8359375 0.459375 0.04375 0.09375
11 0.3046875 0.91875 0.0484375 0.1
11 0.63125 0.7046875 0.0578125 0.0625
11 0.328125 0.4109375 0.0546875 0.0296875
11 0.3484375 0.459375 0.0578125 0.0453125
11 0.46875 0.8109375 0.053125 0.0484375
11 0.75 0.2609375 0.090625 0.0625
11 0.2171875 0.7140625 0.0875 0.071875
11 0.95 0.5765625 0.0484375 0.08125
11 0.065625 0.6390625 0.05 0.1
11 0.9140625 0.459375 0.04375 0.09375
11 0.9765625 0.2609375 0.0453125 0.0625
11 0.0375 0.7140625 0.075 0.071875