8 0.6015625 0.384375 0.165625 0.1953125
8 0.840625 0.3703125 0.0921875 0.1625
8 0.8015625 0.4609375 0.2359375 0.1640625
8 0.721875 0.703125 0.24375 0.1328125
8 0.503125 0.69375 0.1171875 0.1890625
8 0.4390625 0.621875 0.0953125 0.1953125
8 0.3171875 0.6125 0.084375 0.1015625
8 0.0421875 0.48671875 0.084375 0.1640625
8 0.1203125 0.30546875 0.240625 0.1796875
8 0.28125 0.2359375 0.1609375 0.134375
8 0.4421875 0.21875 0.14375 0.1078125
8 0.4125 0.403125 0.171875 0.184375
8 0.6015625 0.021875 0.165625 0.04375
8 0.83984375 0.02109375 0.0921875 0.0421875
8 0.721875 0.946875 0.24375 0.10625
8 0.50234375 0.9375 0.1171875 0.125
8 0.43828125 0.971875 0.0953125 0.05625
8 0.1203125 0.05703125 0.240625 0.1140625
8 0.28125 0.0953125 0.1609375 0.134375
8 0.4421875 0.1125 0.14375 0.1078125