8 0.296875 0.44375 0.0609375 0.065625
8 0.3265625 0.2640625 0.065625 0.0546875
8 0.1 0.5453125 0.078125 0.0515625
8 0.2671875 0.5703125 0.0453125 0.0734375
8 0.2421875 0.6296875 0.065625 0.0484375
8 0.0875 0.728125 0.06875 0.05
8 0.3515625 0.6609375 0.0609375 0.0828125
8 0.528125 0.6640625 0.0625 0.06875
8 0.7109375 0.80625 0.0453125 0.0671875
8 0.7671875 0.5859375 0.0734375 0.0453125
8 0.78125 0.540625 0.0625 0.0421875
8 0.75625 0.4921875 0.0515625 0.0640625
8 0.778125 0.40625 0.0390625 0.059375
8 0.7296875 0.396875 0.04375 0.0625
8 0.6234375 0.3640625 0.0390625 0.075
8 0.56875 0.3546875 0.0421875 0.065625
8 0.484375 0.3640625 0.040625 0.0515625
8 0.4375 0.434375 0.0515625 0.078125
8 0.4953125 0.5390625 0.034375 0.05
8 0.4890625 0.4859375 0.05625 0.05
8 0.5875 0.559375 0.08125 0.0578125
8 0.3265625 0.00625 0.065625 0.0125
8 0.7109375 0.940625 0.0453125 0.0671875