11 0.378125 0.6125 0.0609375 0.14375
11 0.75625 0.3125 0.046875 0.1546875
11 0.421875 0.9203125 0.0953125 0.140625
11 0.446875 0.5359375 0.084375 0.140625
11 0.26875 0.2671875 0.1 0.125
11 0.6796875 0.434375 0.053125 0.1390625
11 0.4984375 0.4328125 0.08125 0.11875
11 0.59375 0.6328125 0.1125 0.1015625
11 0.5640625 0.4 0.090625 0.1078125
11 0.2515625 0.746875 0.0640625 0.125
11 0.5265625 0.5 0.1234375 0.0984375
11 0.71875 0.509375 0.11875 0.0734375
11 0.7 0.3890625 0.0578125 0.1078125
11 0.325 0.8171875 0.1390625 0.0703125
11 0.375 0.9734375 0.0921875 0.05
11 0.6046875 0.8375 0.090625 0.121875
11 0.690625 0.86875 0.0984375 0.1046875
11 0.059375 0.6125 0.0609375 0.14375
11 0.8046875 0.3125 0.046875 0.1546875
11 0.03125 0.9203125 0.0625 0.140625
11 0.015625 0.5359375 0.03125 0.140625
11 0.16875 0.2671875 0.1 0.125
11 0.88125 0.434375 0.053125 0.1390625
11 0.9546875 0.63125 0.0890625 0.1015625
11 0.975 0.3984375 0.0484375 0.1078125
11 0.1859375 0.746875 0.0640625 0.125
11 0.9859375 0.4984375 0.028125 0.0984375
11 0.8421875 0.509375 0.11875 0.0734375
11 0.8609375 0.3890625 0.0578125 0.1078125
11 0.1125 0.8171875 0.1390625 0.0703125
11 0.0625 0.9734375 0.0921875 0.05
11 0.9546875 0.8375 0.0890625 0.121875
11 0.8703125 0.86875 0.0984375 0.1046875