11 0.1765625 0.446875 0.090625 0.078125
11 0.56875 0.659375 0.0984375 0.0734375
11 0.9015625 0.6359375 0.0734375 0.071875
11 0.959375 0.5234375 0.078125 0.0734375
11 0.428125 0.525 0.0765625 0.084375
11 0.521875 0.3578125 0.084375 0.0546875
11 0.1953125 0.5453125 0.0859375 0.065625
11 0.33125 0.678125 0.0703125 0.103125
11 0.3015625 0.5625 0.0671875 0.0703125
11 0.8078125 0.4625 0.1046875 0.0578125
11 0.346875 0.603125 0.065625 0.0703125
11 0.409375 0.684375 0.0640625 0.05625
11 0.1359375 0.296875 0.090625 0.0875
11 0.8375 0.5703125 0.11875 0.05
11 0.5921875 0.4921875 0.11875 0.065625
11 0.8125 0.53125 0.09375 0.05625
11 0.428125 0.746875 0.1 0.046875
11 0.859375 0.390625 0.0953125 0.0515625
11 0.0765625 0.5171875 0.109375 0.0484375
11 0.4703125 0.2546875 0.065625 0.0828125
11 0.253125 0.5265625 0.0640625 0.0453125
11 0.0984375 0.575 0.084375 0.0953125
11 0.809375 0.65625 0.0578125 0.046875
11 0.471875 0.5 0.078125 0.05625
11 0.6578125 0.709375 0.0625 0.0703125
11 0.428125 0.9890625 0.1 0.0203125
11 0.4703125 0.0171875 0.065625 0.034375