11 0.5671875 0.3640625 0.1046875 0.1453125
11 0.540625 0.553125 0.1046875 0.1078125
11 0.4171875 0.434375 0.1296875 0.1203125
11 0.2984375 0.4328125 0.1015625 0.0984375
11 0.3015625 0.61875 0.0859375 0.134375
11 0.7328125 0.521875 0.09375 0.14375
11 0.265625 0.5140625 0.0921875 0.0984375
11 0.6421875 0.3078125 0.1296875 0.1078125
11 0.4234375 0.6015625 0.0765625 0.1578125
11 0.7578125 0.35 0.04375 0.075
11 0.7328125 0.2703125 0.0953125 0.096875
11 0.4328125 0.5484375 0.1171875 0.0640625
11 0.5875 0.7953125 0.096875 0.15625
11 0.9703125 0.3625 0.059375 0.1453125
11 0.9828125 0.5515625 0.0328125 0.1078125
11 0.0421875 0.4328125 0.084375 0.1203125
11 0.1390625 0.4328125 0.1015625 0.0984375
11 0.1359375 0.61875 0.0859375 0.134375
11 0.828125 0.521875 0.09375 0.14375
11 0.171875 0.5140625 0.0921875 0.0984375
11 0.91875 0.3078125 0.1296875 0.1078125
11 0.025 0.59921875 0.05 0.1578125
11 0.803125 0.35 0.04375 0.075
11 0.828125 0.2703125 0.0953125 0.096875
11 0.03125 0.546875 0.0625 0.0640625
11 0.9625 0.7953125 0.075 0.15625