5 0.540625 0.746875 0.096875 0.1546875
5 0.5484375 0.2265625 0.0796875 0.14375
5 0.51875 0.4453125 0.078125 0.0984375
5 0.5546875 0.3609375 0.1 0.140625
5 0.45 0.628125 0.146875 0.115625
5 0.58125 0.49375 0.1078125 0.0890625
5 0.4796875 0.065625 0.0890625 0.13125
5 0.54375 0.86875 0.1328125 0.1078125
5 0.4109375 0.290625 0.1140625 0.121875
5 0.69375 0.778125 0.1328125 0.1234375
5 0.5640625 0.58125 0.0875 0.0875
5 0.409375 0.4328125 0.1125 0.134375
5 0.5984375 0.6453125 0.1203125 0.103125
5 0.440625 0.534375 0.128125 0.084375
5 0.575 0.0578125 0.128125 0.1109375
5 0.984375 0.7453125 0.03125 0.1546875
5 0.984375 0.2265625 0.03125 0.14375
5 0.9765625 0.3609375 0.046875 0.140625
5 0.0296875 0.628125 0.059375 0.115625
5 0.9609375 0.4921875 0.078125 0.0890625
5 0.9734375 0.8671875 0.053125 0.1078125
5 0.040625 0.290625 0.08125 0.121875
5 0.8640625 0.778125 0.1328125 0.1234375
5 0.975 0.58125 0.05 0.0875
5 0.0421875 0.4328125 0.084375 0.134375
5 0.9484375 0.6453125 0.1015625 0.103125
5 0.0296875 0.534375 0.059375 0.084375
5 0.959375 0.05625 0.08125 0.1109375