13 0.3421875 0.2828125 0.075 0.09375
13 0.403125 0.246875 0.0796875 0.071875
13 0.3125 0.16875 0.0828125 0.0546875
13 0.253125 0.1421875 0.06875 0.0359375
13 0.075 0.1484375 0.09375 0.0484375
13 0.0390625 0.3015625 0.071875 0.0625
13 0.028125 0.4984375 0.05625 0.09375
13 0.01875 0.3640625 0.0375 0.0625
13 0.0296875 0.5734375 0.059375 0.0640625
13 0.0890625 0.7328125 0.071875 0.09375
13 0.015625 0.8125 0.03125 0.0546875
13 0.203125 0.6203125 0.08125 0.0546875
13 0.1484375 0.6328125 0.04375 0.0609375
13 0.284375 0.665625 0.0609375 0.0484375
13 0.3453125 0.6234375 0.0796875 0.0546875
13 0.39375 0.5671875 0.05 0.065625
13 0.33125 0.509375 0.0828125 0.065625
13 0.253125 0.50625 0.0484375 0.053125
13 0.290625 0.5515625 0.065625 0.05625
13 0.3765625 0.471875 0.0515625 0.0671875
13 0.3296875 0.425 0.04375 0.053125
13 0.3453125 0.3609375 0.0609375 0.06875
13 0.4984375 0.4765625 0.078125 0.08125
13 0.51875 0.409375 0.078125 0.0859375
13 0.59375 0.359375 0.078125 0.0609375
13 0.66875 0.3046875 0.1046875 0.0546875
13 0.7390625 0.26875 0.1203125 0.071875
13 0.6546875 0.15 0.05625 0.05
13 0.584375 0.1375 0.071875 0.0265625
13 0.534375 0.146875 0.075 0.04375
13 0.83125 0.434375 0.0609375 0.06875
13 0.984375 0.228125 0.028125 0.0609375
13 0.89375 0.1390625 0.09375 0.0296875
13 0.8046875 0.14375 0.065625 0.0390625
13 0.89375 0.740625 0.040625 0.0609375
13 0.9390625 0.7796875 0.0828125 0.0546875
13 0.9359375 0.8125 0.0734375 0.0359375
13 0.8546875 0.803125 0.090625 0.0546875
13 0.7578125 0.8125 0.0390625 0.078125
13 0.715625 0.803125 0.0515625 0.0546875
13 0.74375 0.753125 0.05 0.053125
13 0.6375 0.8140625 0.046875 0.0828125
13 0.5859375 0.76875 0.0640625 0.090625
13 0.5296875 0.8078125 0.0546875 0.0578125
13 0.53125 0.715625 0.0921875 0.0390625
13 0.4546875 0.7046875 0.0546875 0.0515625
13 0.4953125 0.6671875 0.0625 0.053125
13 0.5609375 0.66875 0.0484375 0.0546875
13 0.440625 0.6515625 0.0546875 0.0734375
13 0.403125 0.634375 0.0390625 0.0859375
13 0.359375 0.7453125 0.046875 0.078125
13 0.4171875 0.746875 0.05 0.059375
13 0.4515625 0.8015625 0.053125 0.0828125
13 0.4125 0.8078125 0.0328125 0.0546875
13 0.440625 0.853125 0.053125 0.0421875
13 0.3125 0.79375 0.053125 0.065625
13 0.2578125 0.7015625 0.0828125 0.0515625
13 0.275 0.7359375 0.071875 0.0421875
13 0.221875 0.8140625 0.0671875 0.0765625
13 0.196875 0.85 0.0390625 0.046875
13 0.484375 0.8578125 0.0734375 0.03125
13 0.5890625 0.85625 0.0390625 0.034375
13 0.9203125 0.8640625 0.065625 0.01875
13 0.2640625 0.853125 0.0359375 0.040625
13 0.40078125 0.01875 0.0796875 0.0375
13 0.3125 0.08125 0.0828125 0.0546875
13 0.253125 0.1078125 0.06875 0.0359375
13 0.075 0.1015625 0.09375 0.0484375
13 0.0890625 0.984375 0.071875 0.0296875
13 0.015625 0.934375 0.03125 0.0546875
13 0.73671875 0.0078125 0.1203125 0.015625
13 0.6546875 0.1 0.05625 0.05
13 0.584375 0.1125 0.071875 0.0265625
13 0.534375 0.103125 0.075 0.04375
13 0.984375 0.025 0.028125 0.05
13 0.89375 0.1109375 0.09375 0.0296875
13 0.8046875 0.10625 0.065625 0.0390625
13 0.89375 0.9890625 0.040625 0.021875
13 0.9390625 0.9703125 0.0828125 0.0546875
13 0.9359375 0.9375 0.0734375 0.0359375
13 0.8546875 0.946875 0.090625 0.0546875
13 0.7578125 0.9375 0.0390625 0.078125
13 0.715625 0.946875 0.0515625 0.0546875
13 0.74375 0.984375 0.05 0.0296875
13 0.6375 0.9359375 0.046875 0.0828125
13 0.584375 0.9671875 0.0640625 0.0640625
13 0.5296875 0.9421875 0.0546875 0.0578125
13 0.359375 0.9828125 0.046875 0.034375
13 0.4171875 0.9859375 0.05 0.0265625
13 0.4515625 0.9484375 0.053125 0.0828125
13 0.4125 0.9421875 0.0328125 0.0546875
13 0.440625 0.896875 0.053125 0.0421875
13 0.3125 0.95625 0.053125 0.065625
13 0.221875 0.9359375 0.0671875 0.0765625
13 0.196875 0.9 0.0390625 0.046875
13 0.484375 0.8921875 0.0734375 0.03125
13 0.5890625 0.89375 0.0390625 0.034375
13 0.9203125 0.8859375 0.065625 0.01875
13 0.2640625 0.896875 0.0359375 0.040625