0 0.6 0.434375 0.0796875 0.040625
0 0.76875 0.4890625 0.040625 0.0375
0 0.3421875 0.4296875 0.08125 0.0296875
0 0.8078125 0.3875 0.078125 0.046875
0 0.621875 0.525 0.06875 0.0390625
0 0.5125 0.5375 0.0625 0.0265625
0 0.4296875 0.5265625 0.0515625 0.034375
0 0.3546875 0.496875 0.05 0.0421875
0 0.2765625 0.490625 0.059375 0.0359375
0 0.26875 0.5484375 0.065625 0.0453125
0 0.878125 0.421875 0.0640625 0.034375
0 0.821875 0.440625 0.0484375 0.0421875
0 0.9734375 0.5640625 0.05 0.0515625
0 0.75625 0.5609375 0.0421875 0.0234375
0 0.675 0.559375 0.0640625 0.0359375
0 0.675 0.515625 0.0375 0.034375
0 0.6 0.078125 0.0796875 0.040625
0 0.76875 0.0234375 0.040625 0.0375
0 0.76875 0.9875 0.040625 0.0234375
0 0.3421875 0.0828125 0.08125 0.0296875
0 0.8078125 0.125 0.078125 0.046875
0 0.621875 0.959375 0.06875 0.0390625
0 0.5125 0.946875 0.0625 0.0265625
0 0.4296875 0.9578125 0.0515625 0.034375
0 0.3546875 0.0171875 0.05 0.034375
0 0.3546875 0.9828125 0.05 0.034375
0 0.2765625 0.021875 0.059375 0.0359375
0 0.2765625 0.9875 0.059375 0.025
0 0.26875 0.9359375 0.065625 0.0453125
0 0.878125 0.090625 0.0640625 0.034375
0 0.821875 0.071875 0.0484375 0.0421875
0 0.9734375 0.9203125 0.05 0.0515625
0 0.75625 0.9234375 0.0421875 0.0234375
0 0.675 0.925 0.0640625 0.0359375
0 0.675 0.00625 0.0375 0.0125
0 0.675 0.96875 0.0375 0.034375