9 0.2765625 0.4390625 0.1515625 0.1703125
9 0.4734375 0.1015625 0.18125 0.184375
9 0.6421875 0.30625 0.2109375 0.203125
9 0.428125 0.646875 0.146875 0.225
9 0.3578125 0.5125 0.1125 0.1546875
9 0.8875 0.74375 0.2171875 0.20625
9 0.5796875 0.6375 0.1453125 0.1765625
9 0.5609375 0.5171875 0.190625 0.109375
9 0.0484375 0.5671875 0.096875 0.134375
9 0.1609375 0.5375 0.1375 0.1265625
9 0.3265625 0.965625 0.140625 0.065625
9 0.3328125 0.2078125 0.11875 0.153125
9 0.0265625 0.4421875 0.053125 0.115625
9 0.859375 0.3296875 0.146875 0.128125
9 0.0734375 0.4453125 0.0734375 0.1109375
9 0.896875 0.184375 0.1109375 0.1640625