9 0.3515625 0.465625 0.1734375 0.134375
9 0.5609375 0.3171875 0.1953125 0.1234375
9 0.8578125 0.3953125 0.253125 0.2109375
9 0.9390625 0.1 0.115625 0.18125
9 0.659375 0.5875 0.1453125 0.1703125
9 0.3703125 0.703125 0.25 0.1421875
9 0.9203125 0.8546875 0.1359375 0.2375
9 0.1359375 0.4890625 0.2390625 0.15
9 0.865625 0.221875 0.1125 0.1
9 0.9671875 0.540625 0.0640625 0.240625
9 0.509375 0.3890625 0.10625 0.20625
9 0.0859375 0.0890625 0.1265625 0.0828125
9 0.03125 0.2109375 0.0625 0.1296875
9 0.234375 0.384375 0.153125 0.10625