13 0.478125 0.4890625 0.09375 0.15625
13 0.5890625 0.5109375 0.090625 0.115625
13 0.5953125 0.6140625 0.0796875 0.103125
13 0.4796875 0.6390625 0.1015625 0.1109375
13 0.3953125 0.525 0.0484375 0.0984375
13 0.290625 0.6671875 0.0796875 0.121875
13 0.2640625 0.7859375 0.090625 0.1171875
13 0.3265625 0.846875 0.08125 0.06875
13 0.325 0.89375 0.134375 0.0484375
13 0.353125 0.959375 0.146875 0.0546875
13 0.4234375 0.83125 0.0796875 0.084375
13 0.5171875 0.821875 0.0828125 0.078125
13 0.484375 0.884375 0.0796875 0.0796875
13 0.4421875 0.934375 0.0515625 0.121875
13 0.51875 0.959375 0.084375 0.078125
13 0.8125 0.8609375 0.065625 0.0921875
13 0.84375 0.953125 0.059375 0.090625
13 0.79375 0.3734375 0.06875 0.1140625
13 0.74375 0.1171875 0.128125 0.1
13 0.6609375 0.090625 0.1 0.1359375
13 0.63125 0.0265625 0.090625 0.053125
13 0.5453125 0.0359375 0.1046875 0.071875
13 0.4203125 0.0296875 0.1046875 0.059375
13 0.3734375 0.0609375 0.0796875 0.053125
13 0.3109375 0.03125 0.084375 0.0625
13 0.3765625 0.128125 0.1359375 0.0625
13 0.1921875 0.2515625 0.134375 0.1171875
13 0.209375 0.378125 0.121875 0.0875
13 0.340625 0.3046875 0.084375 0.1546875
13 0.4359375 0.2984375 0.0953125 0.1125
13 0.8390625 0.0546875 0.0671875 0.0671875
13 0.775 0.025 0.1171875 0.05
13 0.1640625 0.746875 0.078125 0.1546875
13 0.1609375 0.915625 0.071875 0.1203125
13 0.3671875 0.734375 0.0796875 0.071875
13 0.315625 0.5125 0.0875 0.0640625
13 0.015625 0.784375 0.03125 0.1171875
13 0.9375 0.8609375 0.065625 0.0921875
13 0.90625 0.953125 0.059375 0.090625
13 0.95625 0.3734375 0.06875 0.1140625
13 0.9703125 0.1171875 0.0578125 0.1
13 0.0625 0.25 0.125 0.1171875
13 0.05 0.378125 0.1 0.0875
13 0.9109375 0.0546875 0.0671875 0.0671875
13 0.95625 0.025 0.0859375 0.05
13 0.0859375 0.746875 0.078125 0.1546875
13 0.0890625 0.915625 0.071875 0.1203125