11 0.6859375 0.603125 0.0640625 0.065625
11 0.3921875 0.6421875 0.0953125 0.0828125
11 0.184375 0.4328125 0.075 0.04375
11 0.2578125 0.3640625 0.0359375 0.0671875
11 0.5625 0.3140625 0.053125 0.084375
11 0.2234375 0.334375 0.0328125 0.0453125
11 0.19375 0.5046875 0.0390625 0.040625
11 0.209375 0.3859375 0.0546875 0.0515625
11 0.353125 0.575 0.0671875 0.0359375
11 0.2609375 0.5203125 0.05625 0.0390625
11 0.1453125 0.4671875 0.0453125 0.0609375
11 0.125 0.3609375 0.05 0.053125
11 0.059375 0.425 0.0796875 0.0375
11 0.1203125 0.7796875 0.04375 0.0671875
11 0.5671875 0.93125 0.0625 0.0484375
11 0.678125 0.95625 0.096875 0.059375
11 0.6203125 0.571875 0.053125 0.04375
11 0.415625 0.2921875 0.0515625 0.059375