11 0.7875 0.2 0.1203125 0.1171875
11 0.2046875 0.1390625 0.103125 0.075
11 0.3484375 0.1234375 0.1265625 0.078125
11 0.340625 0.6015625 0.0859375 0.14375
11 0.8421875 0.2734375 0.0625 0.13125
11 0.30625 0.0515625 0.1296875 0.0796875
11 0.2984375 0.1953125 0.0890625 0.115625
11 0.6734375 0.0484375 0.0671875 0.096875
11 0.2109375 0.2296875 0.0671875 0.1078125
11 0.165625 0.23125 0.046875 0.11875
11 0.6578125 0.4265625 0.1078125 0.11875
11 0.465625 0.6296875 0.096875 0.1578125
11 0.5015625 0.334375 0.0953125 0.134375
11 0.5578125 0.178125 0.0875 0.1296875
11 0.528125 0.6375 0.0828125 0.1125
11 0.2234375 0.53125 0.0765625 0.125
11 0.6375 0.1796875 0.11875 0.0921875
11 0.6046875 0.7015625 0.0859375 0.1234375
11 0.434375 0.5421875 0.1234375 0.090625
11 0.7859375 0.2921875 0.1265625 0.0828125
11 0.646875 0.615625 0.0515625 0.1203125
11 0.7203125 0.709375 0.06875 0.1484375
11 0.7828125 0.7296875 0.059375 0.1390625
11 0.5796875 0.56875 0.1109375 0.0796875
11 0.265625 0.6546875 0.121875 0.11875
11 0.4296875 0.45 0.14375 0.065625
11 0.659375 0.709375 0.078125 0.1453125
11 0.6875 0.5203125 0.1265625 0.0703125
11 0.715625 0.121875 0.1171875 0.078125
11 0.3796875 0.0390625 0.103125 0.078125
11 0.53125 0.0859375 0.0921875 0.11875
11 0.1390625 0.215625 0.0296875 0.153125
11 0.8296875 0.671875 0.0890625 0.0828125
11 0.2203125 0.01875 0.109375 0.0375
11 0.4703125 0.41875 0.1234375 0.0828125
11 0.45 0.3796875 0.1078125 0.059375
11 0.6375 0.365625 0.11875 0.1078125
11 0.790625 0.5765625 0.103125 0.103125
11 0.73125 0.58125 0.1125 0.078125
11 0.8328125 0.59375 0.0828125 0.0953125
11 0.40625 0.503125 0.140625 0.0734375
11 0.95 0.1984375 0.0984375 0.1171875
11 0.0484375 0.1390625 0.096875 0.075
11 0.9078125 0.2734375 0.0625 0.13125
11 0.0390625 0.2296875 0.0671875 0.1078125
11 0.084375 0.23125 0.046875 0.11875
11 0.03125 0.53125 0.0625 0.125
11 0.95 0.290625 0.1 0.0828125
11 0.9671875 0.7296875 0.059375 0.1390625
11 0.021875 0.6546875 0.04375 0.11875
11 0.9875 0.121875 0.025 0.078125
11 0.1109375 0.215625 0.0296875 0.153125
11 0.9203125 0.671875 0.0890625 0.0828125
11 0.0421875 0.01875 0.084375 0.0375
11 0.953125 0.5765625 0.0921875 0.103125
11 0.98125 0.58125 0.0375 0.078125
11 0.9171875 0.59375 0.0828125 0.0953125