11 0.5625 0.534375 0.1390625 0.0953125
11 0.6046875 0.3890625 0.0890625 0.11875
11 0.53125 0.3578125 0.071875 0.1265625
11 0.471875 0.2796875 0.140625 0.090625
11 0.34375 0.290625 0.10625 0.0765625
11 0.5234375 0.1796875 0.0890625 0.1171875
11 0.6015625 0.1046875 0.1140625 0.0765625
11 0.4703125 0.025 0.059375 0.05
11 0.4109375 0.7171875 0.1484375 0.0625
11 0.021875 0.5328125 0.04375 0.0953125
11 0.896875 0.534375 0.1390625 0.0953125
11 0.8546875 0.3890625 0.0890625 0.11875
11 0.0203125 0.35546875 0.040625 0.1265625
11 0.928125 0.3578125 0.071875 0.1265625
11 0.0671875 0.2796875 0.134375 0.090625
11 0.9578125 0.2796875 0.0828125 0.090625
11 0.19375 0.290625 0.10625 0.0765625
11 0.028125 0.17734375 0.05625 0.1171875
11 0.9359375 0.1796875 0.0890625 0.1171875
11 0.8578125 0.1046875 0.1140625 0.0765625
11 0.0671875 0.025 0.059375 0.05
11 0.9796875 0.025 0.040625 0.05
11 0.1265625 0.7171875 0.1484375 0.0625