9 0.4265625 0.7140625 0.059375 0.059375
9 0.0765625 0.184375 0.06875 0.0421875
9 0.7875 0.58125 0.0859375 0.040625
9 0.8 0.540625 0.071875 0.0515625
9 0.5125 0.1703125 0.0578125 0.0484375
9 0.1859375 0.2828125 0.0671875 0.046875
9 0.1140625 0.7671875 0.0546875 0.0625
9 0.703125 0.6625 0.075 0.0484375
9 0.2 0.2328125 0.0625 0.053125
9 0.159375 0.7109375 0.0640625 0.059375
9 0.790625 0.4703125 0.0609375 0.065625
9 0.6484375 0.5859375 0.0625 0.0515625
9 0.7359375 0.4578125 0.0703125 0.0546875
9 0.0453125 0.584375 0.0609375 0.059375
9 0.8046875 0.4203125 0.065625 0.040625
9 0.625 0.546875 0.0640625 0.053125
9 0.7640625 0.334375 0.0671875 0.0484375
9 0.2234375 0.4734375 0.071875 0.05
9 0.915625 0.2015625 0.0625 0.053125
9 0.0453125 0.375 0.0546875 0.0453125
9 0.4078125 0.80625 0.0734375 0.05625
9 0.5578125 0.409375 0.059375 0.0640625
9 0.6015625 0.7765625 0.059375 0.0703125
9 0.940625 0.49375 0.0796875 0.0453125
9 0.315625 0.5484375 0.0515625 0.071875
9 0.5953125 0.1859375 0.0546875 0.0671875
9 0.1046875 0.5171875 0.0578125 0.059375
9 0.9765625 0.740625 0.0453125 0.065625
9 0.215625 0.603125 0.0734375 0.040625
9 0.8859375 0.5328125 0.0703125 0.065625
9 0.1515625 0.8109375 0.0734375 0.0421875
9 0.859375 0.5859375 0.071875 0.0375
9 0.0453125 0.528125 0.0453125 0.065625
9 0.69375 0.740625 0.071875 0.06875
9 0.1875 0.7515625 0.0421875 0.0640625
9 0.121875 0.2671875 0.053125 0.0578125
9 0.234375 0.5359375 0.05625 0.0671875
9 0.2921875 0.7125 0.075 0.0484375
9 0.371875 0.171875 0.0671875 0.0328125
9 0.8015625 0.7453125 0.071875 0.046875
9 0.8640625 0.728125 0.0828125 0.0390625
9 0.7984375 0.1625 0.0671875 0.0375
9 0.45 0.359375 0.0703125 0.0375
9 0.6921875 0.2234375 0.0515625 0.0453125
9 0.51875 0.7171875 0.075 0.0484375
9 0.4484375 0.659375 0.065625 0.0453125
9 0.371875 0.496875 0.0609375 0.0546875
9 0.03125 0.2546875 0.0546875 0.06875
9 0.1578125 0.4421875 0.059375 0.053125
9 0.0671875 0.334375 0.08125 0.0375
9 0.76875 0.65625 0.0515625 0.071875
9 0.015625 0.425 0.03125 0.0796875
9 0.175 0.575 0.0546875 0.05625
9 0.4515625 0.196875 0.0734375 0.040625
9 0.95625 0.2203125 0.05625 0.040625
9 0.5203125 0.83125 0.0578125 0.0640625
9 0.65625 0.3671875 0.0765625 0.040625
9 0.2625 0.1421875 0.0625 0.0359375
9 0.6109375 0.4359375 0.0484375 0.0671875
9 0.6359375 0.70625 0.0375 0.0515625
9 0.96875 0.553125 0.05625 0.0734375
9 0.4640625 0.73125 0.0421875 0.0625
9 0.04375 0.85625 0.0546875 0.0359375
9 0.7984375 0.8234375 0.0515625 0.06875
9 0.25 0.765625 0.078125 0.05
9 0.3734375 0.3375 0.0640625 0.0484375
9 0.8859375 0.4015625 0.05 0.06875
9 0.1046875 0.8578125 0.046875 0.0328125
9 0.6 0.6515625 0.0484375 0.06875
9 0.6078125 0.6 0.0640625 0.0484375
9 0.4390625 0.2859375 0.0546875 0.0546875
9 0.765625 0.1984375 0.05625 0.053125
9 0.65625 0.31875 0.08125 0.0390625
9 0.1625 0.8609375 0.0734375 0.0265625
9 0.534375 0.26875 0.05 0.0625
9 0.59375 0.225 0.0375 0.05
9 0.546875 0.1890625 0.0453125 0.046875
9 0.2203125 0.825 0.040625 0.040625
9 0.6765625 0.79375 0.0671875 0.0359375
9 0.3984375 0.5359375 0.05625 0.053125
9 0.659375 0.8421875 0.04375 0.059375
9 0.7765625 0.284375 0.0734375 0.0375
9 0.4796875 0.3234375 0.0703125 0.0484375
9 0.171875 0.1484375 0.05625 0.046875
9 0.909375 0.440625 0.0640625 0.0359375
9 0.09375 0.2359375 0.0640625 0.053125
9 0.9578125 0.828125 0.05 0.0875
9 0.065625 0.1421875 0.05625 0.0359375
9 0.79375 0.2265625 0.0625 0.0328125
9 0.3453125 0.646875 0.0453125 0.05
9 0.265625 0.290625 0.05625 0.0453125
9 0.6921875 0.509375 0.0484375 0.0546875
9 0.3046875 0.3203125 0.059375 0.0734375
9 0.63125 0.2328125 0.0546875 0.0515625
9 0.715625 0.1578125 0.0546875 0.0578125
9 0.5421875 0.6328125 0.0640625 0.05
9 0.025 0.7484375 0.05 0.0421875
9 0.3546875 0.415625 0.046875 0.0546875
9 0.5796875 0.534375 0.0515625 0.06875
9 0.6328125 0.1609375 0.059375 0.0453125
9 0.4796875 0.825 0.0484375 0.05625
9 0.66875 0.4578125 0.059375 0.0453125
9 0.01875 0.3234375 0.0375 0.0453125
9 0.728125 0.7609375 0.0453125 0.053125
9 0.8828125 0.684375 0.0671875 0.0375
9 0.55625 0.24375 0.0453125 0.0625
9 0.1203125 0.1421875 0.0484375 0.034375
9 0.7359375 0.8296875 0.0734375 0.065625
9 0.8859375 0.315625 0.04375 0.0515625
9 0.3234375 0.378125 0.0625 0.0375
9 0.83125 0.134375 0.046875 0.0203125
9 0.609375 0.853125 0.075 0.0421875
9 0.965625 0.6609375 0.065625 0.0765625
9 0.15625 0.5328125 0.059375 0.0390625
9 0.3046875 0.625 0.0640625 0.0546875
9 0.3828125 0.8609375 0.065625 0.025
9 0.98125 0.3671875 0.0359375 0.05
9 0.4875 0.15 0.0734375 0.0390625
9 0.5359375 0.5765625 0.0484375 0.0578125
9 0.4453125 0.1625 0.06875 0.0296875
9 0.66875 0.4171875 0.046875 0.046875
9 0.8703125 0.8625 0.0734375 0.0234375
9 0.015625 0.2015625 0.03125 0.0546875
9 0.0109375 0.853125 0.021875 0.040625
9 0.4015625 0.6265625 0.053125 0.05
9 0.05625 0.4140625 0.0484375 0.053125
9 0.6359375 0.2609375 0.065625 0.034375
9 0.4125 0.509375 0.05 0.0390625
9 0.3875 0.596875 0.059375 0.0546875
9 0.9859375 0.2625 0.0265625 0.0421875
9 0.4828125 0.634375 0.046875 0.05625
9 0.3265625 0.140625 0.0421875 0.0328125
9 0.3625 0.1359375 0.0390625 0.0234375
9 0.934375 0.384375 0.04375 0.046875
9 0.6515625 0.5234375 0.05625 0.0546875
9 0.48125 0.1296875 0.0703125 0.0109375
9 0.240625 0.7953125 0.04375 0.0515625
9 0.8671875 0.65 0.0609375 0.0515625
9 0.75625 0.1328125 0.06875 0.0171875
9 0.9375 0.2609375 0.0484375 0.0421875
9 0.8515625 0.2546875 0.034375 0.05625
9 0.6359375 0.709375 0.05 0.0375
9 0.2828125 0.2453125 0.0296875 0.034375
9 0.1359375 0.6828125 0.0546875 0.0296875
9 0.046875 0.8375 0.0421875 0.0453125
9 0.2359375 0.8453125 0.034375 0.04375
9 0.3203125 0.321875 0.021875 0.0359375
9 0.2859375 0.346875 0.0296875 0.0546875
9 0.1921875 0.2078125 0.0515625 0.0265625
9 0.85 0.4078125 0.021875 0.0640625
9 0.8671875 0.3703125 0.0359375 0.059375
9 0.9046875 0.2109375 0.05 0.0578125
9 0.9890625 0.221875 0.0203125 0.046875
9 0.0765625 0.065625 0.06875 0.0421875
9 0.5125 0.0796875 0.0578125 0.0484375
9 0.1125 0.975 0.0546875 0.0484375
9 0.2 0.021875 0.0625 0.04375
9 0.915625 0.0484375 0.0625 0.053125
9 0.4078125 0.94375 0.0734375 0.05625
9 0.6015625 0.96875 0.059375 0.0625
9 0.5953125 0.0640625 0.0546875 0.0671875
9 0.975 0.9875 0.0453125 0.0234375
9 0.1515625 0.9390625 0.0734375 0.0421875
9 0.69375 0.9875 0.071875 0.025
9 0.1859375 0.9828125 0.0421875 0.034375
9 0.371875 0.078125 0.0671875 0.0328125
9 0.8015625 0.990625 0.071875 0.01875
9 0.7984375 0.0875 0.0671875 0.0375
9 0.6921875 0.0265625 0.0515625 0.0453125
9 0.02890625 0.0140625 0.0546875 0.028125
9 0.4515625 0.053125 0.0734375 0.040625
9 0.95625 0.0296875 0.05625 0.040625
9 0.5203125 0.91875 0.0578125 0.0640625
9 0.2625 0.1078125 0.0625 0.0359375
9 0.4625 0.99375 0.0421875 0.0125
9 0.04375 0.89375 0.0546875 0.0359375
9 0.7984375 0.9265625 0.0515625 0.06875
9 0.25 0.9796875 0.078125 0.040625
9 0.1046875 0.8921875 0.046875 0.0328125
9 0.765625 0.0515625 0.05625 0.053125
9 0.1625 0.8890625 0.0734375 0.0265625
9 0.534375 0.00625 0.05 0.0125
9 0.59375 0.025 0.0375 0.05
9 0.546875 0.0609375 0.0453125 0.046875
9 0.2203125 0.925 0.040625 0.040625
9 0.6765625 0.95625 0.0671875 0.0359375
9 0.659375 0.9078125 0.04375 0.059375
9 0.171875 0.1015625 0.05625 0.046875
9 0.0921875 0.0203125 0.0640625 0.040625
9 0.9578125 0.921875 0.05 0.0875
9 0.065625 0.1078125 0.05625 0.0359375
9 0.79375 0.0234375 0.0625 0.0328125
9 0.62890625 0.0203125 0.0546875 0.040625
9 0.715625 0.0921875 0.0546875 0.0578125
9 0.025 0.9890625 0.05 0.021875
9 0.6328125 0.0890625 0.059375 0.0453125
9 0.4796875 0.925 0.0484375 0.05625
9 0.7265625 0.98125 0.0453125 0.0375
9 0.5546875 0.01875 0.0453125 0.0375
9 0.1203125 0.1078125 0.0484375 0.034375
9 0.7359375 0.9203125 0.0734375 0.065625
9 0.83125 0.115625 0.046875 0.0203125
9 0.609375 0.896875 0.075 0.0421875
9 0.3828125 0.8890625 0.065625 0.025
9 0.4875 0.1 0.0734375 0.0390625
9 0.4453125 0.0875 0.06875 0.0296875
9 0.8703125 0.8875 0.0734375 0.0234375
9 0.015625 0.0453125 0.03125 0.0546875
9 0.0109375 0.896875 0.021875 0.040625
9 0.3265625 0.109375 0.0421875 0.0328125
9 0.3625 0.1140625 0.0390625 0.0234375
9 0.48125 0.1203125 0.0703125 0.0109375
9 0.240625 0.9546875 0.04375 0.0515625
9 0.75625 0.1171875 0.06875 0.0171875
9 0.9359375 0.0046875 0.0484375 0.009375
9 0.8515625 0.0109375 0.034375 0.021875
9 0.28125 0.0109375 0.0296875 0.021875
9 0.046875 0.9125 0.0421875 0.0453125
9 0.2359375 0.9046875 0.034375 0.04375
9 0.1921875 0.0421875 0.0515625 0.0265625
9 0.9046875 0.0390625 0.05 0.0578125
9 0.9890625 0.028125 0.0203125 0.046875