11 0.5078125 0.634375 0.059375 0.0375
11 0.521875 0.590625 0.0453125 0.0421875
11 0.5796875 0.4640625 0.0390625 0.0765625
11 0.475 0.5859375 0.0421875 0.046875
11 0.7921875 0.28125 0.0578125 0.053125
11 0.3546875 0.528125 0.04375 0.0671875
11 0.3953125 0.7140625 0.065625 0.0578125
11 0.509375 0.5359375 0.0609375 0.0640625
11 0.284375 0.4625 0.0390625 0.059375
11 0.440625 0.6046875 0.0375 0.065625
11 0.50625 0.675 0.0703125 0.0421875
11 0.34375 0.45625 0.046875 0.0546875
11 0.6515625 0.26875 0.04375 0.0359375
11 0.4875 0.4640625 0.046875 0.0609375
11 0.5640625 0.5640625 0.0390625 0.0671875
11 0.415625 0.359375 0.0375 0.0609375
11 0.728125 0.3515625 0.0390625 0.071875
11 0.45625 0.375 0.040625 0.059375
11 0.6375 0.1109375 0.0421875 0.04375
11 0.4484375 0.309375 0.03125 0.065625
11 0.75 0.715625 0.05625 0.046875
11 0.81875 0.2171875 0.0484375 0.028125
11 0.9578125 0.28125 0.0578125 0.053125
11 0.9859375 0.715625 0.028125 0.046875
11 0.93125 0.2171875 0.0484375 0.028125