11 0.325 0.325 0.0484375 0.05625
11 0.190625 0.05625 0.0359375 0.059375
11 0.6828125 0.6578125 0.040625 0.078125
11 0.7578125 0.7625 0.053125 0.0625
11 0.5359375 0.6140625 0.046875 0.04375
11 0.584375 0.628125 0.0328125 0.0640625
11 0.28125 0.15625 0.0546875 0.0453125
11 0.625 0.6359375 0.034375 0.0640625
11 0.7109375 0.6828125 0.0421875 0.05
11 0.3828125 0.559375 0.0484375 0.053125
11 0.3875 0.6234375 0.040625 0.053125
11 0.228125 0.0828125 0.0359375 0.0578125
11 0.265625 0.1109375 0.0546875 0.05
11 0.4703125 0.621875 0.0328125 0.0625
11 0.4234375 0.6234375 0.0265625 0.0546875
11 0.80625 0.740625 0.0359375 0.0546875
11 0.815625 0.853125 0.03125 0.04375
11 0.31875 0.4 0.05625 0.0421875
11 0.33125 0.459375 0.0625 0.040625
11 0.328125 0.4984375 0.059375 0.0546875
11 0.325 0.5421875 0.065625 0.028125
11 0.3234375 0.5625 0.084375 0.0296875
11 0.3375 0.590625 0.04375 0.0390625
11 0.3609375 0.6109375 0.0515625 0.03125
11 0.3296875 0.26875 0.078125 0.046875
11 0.1453125 0.0453125 0.0265625 0.078125
11 0.834375 0.8171875 0.0265625 0.06875
11 0.790625 0.821875 0.0515625 0.046875
11 0.8515625 0.9328125 0.0453125 0.0515625
11 0.059375 0.05625 0.0359375 0.059375
11 0.9828125 0.7625 0.034375 0.0625
11 0.021875 0.0828125 0.0359375 0.0578125
11 0.0046875 0.1109375 0.009375 0.05
11 0.94375 0.740625 0.0359375 0.0546875
11 0.934375 0.853125 0.03125 0.04375
11 0.1046875 0.0453125 0.0265625 0.078125
11 0.915625 0.8171875 0.0265625 0.06875
11 0.959375 0.821875 0.0515625 0.046875
11 0.8984375 0.9328125 0.0453125 0.0515625