8 0.5484375 0.471875 0.0484375 0.0625
8 0.6140625 0.3953125 0.05 0.03125
8 0.521875 0.503125 0.046875 0.0375
8 0.4921875 0.5375 0.0453125 0.0359375
8 0.4796875 0.640625 0.0421875 0.059375
8 0.5125 0.565625 0.05625 0.0484375
8 0.3359375 0.4859375 0.0484375 0.0296875
8 0.3296875 0.56875 0.0703125 0.0625
8 0.328125 0.6453125 0.04375 0.0671875
8 0.3984375 0.64375 0.04375 0.05
8 0.1640625 0.628125 0.065625 0.0796875
8 0.1328125 0.4265625 0.0625 0.04375
8 0.209375 0.3265625 0.040625 0.0359375
8 0.425 0.525 0.040625 0.053125
8 0.5484375 0.078125 0.0484375 0.0625
8 0.54765625 0.97265625 0.0484375 0.0546875
8 0.6140625 0.1546875 0.05 0.03125
8 0.521875 0.046875 0.046875 0.0375
8 0.521875 0.9453125 0.046875 0.0375
8 0.49140625 0.01484375 0.0453125 0.0296875
8 0.4921875 0.9109375 0.0453125 0.0359375
8 0.4796875 0.8078125 0.0421875 0.059375
8 0.5125 0.8828125 0.05625 0.0484375
8 0.3359375 0.0640625 0.0484375 0.0296875
8 0.3359375 0.9625 0.0484375 0.0296875
8 0.32890625 0.00625 0.0703125 0.0125
8 0.3296875 0.8796875 0.0703125 0.0625
8 0.328125 0.803125 0.04375 0.0671875
8 0.3984375 0.8046875 0.04375 0.05
8 0.1640625 0.8203125 0.065625 0.0796875
8 0.1328125 0.1234375 0.0625 0.04375
8 0.209375 0.2234375 0.040625 0.0359375
8 0.425 0.02578125 0.040625 0.0515625
8 0.425 0.9234375 0.040625 0.053125