1 0.79375 0.4734375 0.146875 0.0734375
1 0.4671875 0.5984375 0.1625 0.1015625
1 0.1609375 0.4859375 0.1328125 0.0796875
1 0.7234375 0.584375 0.1140625 0.0796875
1 0.6421875 0.5390625 0.0984375 0.134375
1 0.1015625 0.4203125 0.1484375 0.075
1 0.7671875 0.3921875 0.1421875 0.0984375
1 0.5421875 0.5 0.1171875 0.1546875
1 0.659375 0.4375 0.1078125 0.1015625
1 0.89375 0.4140625 0.1421875 0.06875
1 0.2390625 0.4375 0.1234375 0.1390625
1 0.8140625 0.5359375 0.1046875 0.0625
1 0.2734375 0.5484375 0.146875 0.0984375
1 0.3984375 0.5390625 0.1 0.08125
1 0.5828125 0.603125 0.1109375 0.06875
1 0.259375 0.371875 0.1203125 0.071875