11 0.765625 0.125 0.0984375 0.159375
11 0.365625 0.5828125 0.115625 0.134375
11 0.434375 0.4296875 0.11875 0.1265625
11 0.290625 0.8046875 0.125 0.1359375
11 0.2640625 0.6484375 0.1203125 0.1
11 0.575 0.79375 0.1125 0.2109375
11 0.6453125 0.1234375 0.096875 0.1734375
11 0.8421875 0.2734375 0.0625 0.1375
11 0.821875 0.025 0.0953125 0.05
11 0.6203125 0.4 0.0640625 0.1140625
11 0.684375 0.7453125 0.0828125 0.1015625
11 0.846875 0.6515625 0.053125 0.0984375
11 0.6203125 0.8890625 0.0578125 0.1078125
11 0.3375 0.3578125 0.0640625 0.090625
11 0.9671875 0.125 0.065625 0.159375
11 0.021875 0.6484375 0.04375 0.1
11 0.9078125 0.2734375 0.0625 0.1375
11 0.928125 0.025 0.0953125 0.05
11 0.903125 0.6515625 0.053125 0.0984375