0 0.175 0.24375 0.0828125 0.103125
0 0.3046875 0.384375 0.0734375 0.125
0 0.428125 0.6765625 0.1109375 0.09375
0 0.25625 0.2328125 0.0796875 0.1015625
0 0.759375 0.715625 0.0859375 0.0953125
0 0.2875 0.2875 0.115625 0.0828125
0 0.4640625 0.4859375 0.0828125 0.1296875
0 0.384375 0.2546875 0.1140625 0.090625
0 0.2640625 0.1328125 0.0734375 0.1140625
0 0.41875 0.1921875 0.0921875 0.078125
0 0.5953125 0.340625 0.090625 0.0984375
0 0.2875 0.778125 0.096875 0.0890625
0 0.5078125 0.378125 0.0984375 0.1
0 0.690625 0.890625 0.0828125 0.1234375
0 0.51875 0.225 0.1125 0.0953125
0 0.1515625 0.621875 0.0546875 0.1109375
0 0.609375 0.4359375 0.065625 0.096875
0 0.5296875 0.3046875 0.10625 0.0953125
0 0.3921875 0.9171875 0.103125 0.08125
0 0.5 0.5484375 0.065625 0.1203125
0 0.3828125 0.4546875 0.1140625 0.09375
0 0.43125 0.128125 0.0921875 0.078125
0 0.6 0.6390625 0.084375 0.0859375
0 0.475 0.85625 0.065625 0.1140625
0 0.334375 0.1765625 0.09375 0.08125
0 0.503125 0.678125 0.065625 0.096875
0 0.5375 0.71875 0.046875 0.1171875
0 0.3328125 0.825 0.0703125 0.071875
0 0.625 0.7015625 0.0859375 0.05625
0 0.5 0.7359375 0.0640625 0.0828125
0 0.603125 0.8953125 0.1078125 0.0671875
0 0.521875 0.8765625 0.0765625 0.0890625
0 0.671875 0.828125 0.096875 0.075
0 0.7671875 0.29375 0.075 0.0828125
0 0.525 0.5703125 0.0625 0.090625
0 0.5734375 0.5421875 0.05625 0.0765625
0 0.6078125 0.5828125 0.0375 0.084375
0 0.609375 0.5046875 0.05625 0.0859375
0 0.6015625 0.853125 0.1078125 0.0578125
0 0.53125 0.796875 0.075 0.0515625
0 0.5765625 0.7546875 0.0546875 0.0984375
0 0.075 0.24375 0.0828125 0.103125
0 0.015625 0.23046875 0.03125 0.1015625
0 0.9734375 0.7140625 0.053125 0.0953125
0 0.0109375 0.13125 0.021875 0.1140625
0 0.0984375 0.621875 0.0546875 0.1109375
0 0.971875 0.2921875 0.0546875 0.0828125