0 0.621875 0.55 0.0921875 0.06875
0 0.5140625 0.4953125 0.1171875 0.05625
0 0.6828125 0.3890625 0.1046875 0.0578125
0 0.421875 0.425 0.1171875 0.0890625
0 0.959375 0.721875 0.078125 0.103125
0 0.29375 0.3859375 0.109375 0.084375
0 0.69375 0.321875 0.1265625 0.05625
0 0.7640625 0.4421875 0.0859375 0.0796875
0 0.928125 0.4265625 0.0859375 0.0921875
0 0.1671875 0.734375 0.1171875 0.08125
0 0.2578125 0.7046875 0.115625 0.0640625
0 0.7203125 0.5265625 0.0890625 0.0953125
0 0.871875 0.2375 0.096875 0.0734375
0 0.059375 0.3171875 0.1125 0.0546875
0 0.140625 0.4640625 0.1078125 0.084375
0 0.5421875 0.540625 0.0734375 0.065625
0 0.596875 0.4125 0.08125 0.0859375
0 0.2125 0.4703125 0.103125 0.0875
0 0.85 0.5859375 0.0828125 0.1015625
0 0.26875 0.5234375 0.125 0.05625
0 0.69375 0.74375 0.0984375 0.103125
0 0.94375 0.3609375 0.084375 0.0703125
0 0.0421875 0.6578125 0.084375 0.1140625
0 0.1390625 0.2796875 0.08125 0.09375
0 0.6390625 0.6109375 0.059375 0.0375
0 0.98125 0.5421875 0.0359375 0.065625
0 0.9859375 0.4234375 0.025 0.078125
0 0.68046875 0.0203125 0.1046875 0.040625
0 0.4203125 0.0109375 0.1171875 0.021875
0 0.959375 0.8734375 0.078125 0.103125
0 0.29375 0.0296875 0.109375 0.059375
0 0.69375 0.08125 0.1265625 0.05625
0 0.9265625 0.0109375 0.0859375 0.021875
0 0.1671875 0.8609375 0.1171875 0.08125
0 0.2578125 0.890625 0.115625 0.0640625
0 0.871875 0.165625 0.096875 0.0734375
0 0.059375 0.0859375 0.1125 0.0546875
0 0.596875 0.015625 0.08125 0.03125
0 0.8484375 0.978125 0.0828125 0.0421875
0 0.69375 0.8515625 0.0984375 0.103125
0 0.94375 0.0421875 0.084375 0.0703125
0 0.0421875 0.9375 0.084375 0.1140625
0 0.1390625 0.1234375 0.08125 0.09375
0 0.6390625 0.9828125 0.059375 0.034375
0 0.9859375 0.009375 0.025 0.01875