8 0.81875 0.453125 0.23125 0.21875
8 0.7734375 0.584375 0.0828125 0.1625
8 0.6203125 0.71875 0.10625 0.121875
8 0.48125 0.315625 0.1421875 0.128125
8 0.31875 0.384375 0.096875 0.0734375
8 0.2046875 0.390625 0.125 0.1484375
8 0.228125 0.2609375 0.0875 0.078125
8 0.1546875 0.603125 0.184375 0.084375
8 0.0765625 0.6765625 0.1390625 0.075
8 0.3015625 0.715625 0.146875 0.09375
8 0.4859375 0.4421875 0.1125 0.0859375
8 0.81875 0.046875 0.23125 0.09375
8 0.77265625 0.9484375 0.0828125 0.103125
8 0.6203125 0.84375 0.10625 0.121875
8 0.48125 0.121875 0.1421875 0.128125
8 0.31875 0.053125 0.096875 0.0734375
8 0.2046875 0.06015625 0.125 0.1203125
8 0.228125 0.1765625 0.0875 0.078125
8 0.1546875 0.95859375 0.184375 0.0828125
8 0.0765625 0.8859375 0.1390625 0.075
8 0.3015625 0.846875 0.146875 0.09375
8 0.4859375 0.01875 0.1125 0.0375