11 0.4453125 0.50625 0.1109375 0.109375
11 0.74375 0.1671875 0.1046875 0.09375
11 0.65 0.1421875 0.090625 0.1265625
11 0.771875 0.659375 0.109375 0.10625
11 0.5546875 0.1109375 0.09375 0.090625
11 0.2390625 0.4703125 0.0890625 0.0828125
11 0.3703125 0.3328125 0.1015625 0.0734375
11 0.4640625 0.134375 0.0890625 0.11875
11 0.503125 0.565625 0.0765625 0.1421875
11 0.3078125 0.4203125 0.1140625 0.084375
11 0.509375 0.3515625 0.084375 0.0640625
11 0.39375 0.696875 0.09375 0.0921875
11 0.5625 0.2609375 0.08125 0.084375
11 0.559375 0.5875 0.05625 0.1265625
11 0.7703125 0.0171875 0.121875 0.034375
11 0.5703125 0.375 0.08125 0.1125
11 0.79375 0.4265625 0.1 0.065625
11 0.371875 0.4703125 0.065625 0.1328125
11 0.296875 0.6 0.0921875 0.0953125
11 0.65625 0.3046875 0.0984375 0.103125
11 0.759375 0.0640625 0.1171875 0.0609375
11 0.740625 0.3328125 0.1078125 0.1171875
11 0.61875 0.5328125 0.0640625 0.1234375
11 0.6109375 0.334375 0.0796875 0.0734375
11 0.3421875 0.64375 0.0921875 0.1203125
11 0.840625 0.3546875 0.0671875 0.1203125
11 0.6921875 0.3765625 0.06875 0.140625
11 0.7015625 0.50625 0.0921875 0.15
11 0.4640625 0.4359375 0.1 0.065625
11 0.5328125 0.50625 0.0828125 0.1015625
11 0.453125 0.25 0.13125 0.0625
11 0.809375 0.546875 0.0796875 0.1046875
11 0.9765625 0.1671875 0.046875 0.09375
11 0.9609375 0.659375 0.0765625 0.10625
11 0.0265625 0.46796875 0.053125 0.0828125
11 0.959375 0.0171875 0.08125 0.034375
11 0.953125 0.4265625 0.09375 0.065625
11 0.965625 0.0625 0.06875 0.0609375
11 0.9765625 0.33125 0.0453125 0.1171875
11 0.909375 0.3546875 0.0671875 0.1203125
11 0.940625 0.546875 0.0796875 0.1046875