8 0.278125 0.303125 0.1 0.1640625
8 0.2015625 0.234375 0.0546875 0.165625
8 0.1359375 0.090625 0.1734375 0.1328125
8 0.375 0.296875 0.1390625 0.15625
8 0.484375 0.3640625 0.1390625 0.1
8 0.6265625 0.1984375 0.059375 0.2015625
8 0.70625 0.1828125 0.0703125 0.11875
8 0.8796875 0.48125 0.103125 0.0859375
8 0.5796875 0.4140625 0.13125 0.1296875
8 0.6796875 0.665625 0.1015625 0.1703125
8 0.834375 0.7890625 0.0671875 0.1328125
8 0.925 0.8640625 0.1 0.1328125
8 0.728125 0.846875 0.1078125 0.1390625
8 0.5921875 0.721875 0.096875 0.1578125
8 0.484375 0.5375 0.125 0.175
8 0.4703125 0.9140625 0.0921875 0.13125
8 0.3359375 0.925 0.0828125 0.08125
8 0.184375 0.79375 0.078125 0.0546875
8 0.0671875 0.8515625 0.0890625 0.0765625
8 0.10625 0.715625 0.075 0.0828125
8 0.20625 0.646875 0.1 0.1015625
8 0.2734375 0.7015625 0.075 0.1265625
8 0.228125 0.7265625 0.0625 0.0984375
8 0.0984375 0.584375 0.0671875 0.0796875
8 0.171875 0.459375 0.128125 0.1265625
8 0.28125 0.54375 0.1171875 0.15
8 0.9890625 0.86328125 0.021875 0.1328125
8 0.01171875 0.85078125 0.0234375 0.0765625