1 0.278125 0.5796875 0.2359375 0.20625
1 0.6078125 0.5390625 0.1859375 0.159375
1 0.909375 0.375 0.1703125 0.128125
1 0.1984375 0.7796875 0.1921875 0.0953125
1 0.5859375 0.2296875 0.2109375 0.0875
1 0.5125 0.4328125 0.1234375 0.1796875
1 0.9171875 0.6015625 0.1515625 0.1484375
1 0.24375 0.2234375 0.228125 0.1171875
1 0.45625 0.571875 0.1203125 0.08125
1 0.028125 0.4625 0.05625 0.1265625
1 0.078125 0.240625 0.1453125 0.0921875
1 0.715625 0.259375 0.090625 0.09375
1 0.1984375 0.884375 0.1921875 0.0953125
1 0.5859375 0.1015625 0.2109375 0.0875
1 0.24375 0.1078125 0.228125 0.1171875
1 0.078125 0.090625 0.1453125 0.0921875
1 0.715625 0.071875 0.090625 0.09375