11 0.1421875 0.5 0.159375 0.1828125
11 0.5625 0.3359375 0.1328125 0.1171875
11 0.2359375 0.3203125 0.14375 0.178125
11 0.390625 0.559375 0.178125 0.1359375
11 0.5078125 0.671875 0.16875 0.0875
11 0.653125 0.18125 0.1671875 0.078125
11 0.7671875 0.240625 0.1640625 0.071875
11 0.7546875 0.546875 0.115625 0.134375
11 0.8328125 0.53125 0.084375 0.1109375
11 0.7421875 0.36875 0.146875 0.1046875
11 0.5609375 0.44375 0.153125 0.078125
11 0.628125 0.29375 0.128125 0.1125
11 0.6421875 0.646875 0.1078125 0.0828125
11 0.8828125 0.7171875 0.071875 0.115625
11 0.759375 0.8140625 0.1546875 0.10625
11 0.653125 0.06875 0.1671875 0.078125
11 0.76484375 0.021875 0.1640625 0.04375
11 0.8828125 0.9875 0.071875 0.025
11 0.759375 0.9359375 0.1546875 0.10625