11 0.1375 0.178125 0.1484375 0.0953125
11 0.303125 0.175 0.103125 0.071875
11 0.0921875 0.2765625 0.0875 0.1125
11 0.33125 0.71875 0.0828125 0.1265625
11 0.425 0.7328125 0.0859375 0.128125
11 0.140625 0.6640625 0.1296875 0.0875
11 0.0296875 0.45 0.059375 0.109375
11 0.2578125 0.5453125 0.11875 0.065625
11 0.1921875 0.4515625 0.1015625 0.115625
11 0.4875 0.63125 0.121875 0.0640625
11 0.565625 0.6046875 0.13125 0.075
11 0.346875 0.60625 0.1109375 0.0765625
11 0.296875 0.4578125 0.071875 0.10625
11 0.31875 0.253125 0.0921875 0.128125
11 0.2171875 0.6234375 0.1203125 0.0609375
11 0.5265625 0.740625 0.0921875 0.1203125
11 0.2265625 0.8296875 0.08125 0.084375
11 0.409375 0.55 0.0703125 0.10625
11 0.0546875 0.75 0.075 0.09375
11 0.3421875 0.84375 0.1296875 0.0609375
11 0.4453125 0.8296875 0.08125 0.0875
11 0.4640625 0.275 0.09375 0.1671875
11 0.2875 0.653125 0.0984375 0.090625
11 0.728125 0.5296875 0.115625 0.1046875
11 0.55 0.240625 0.103125 0.1140625
11 0.7171875 0.696875 0.109375 0.134375
11 0.5109375 0.521875 0.0640625 0.0859375
11 0.140625 0.81875 0.075 0.1046875
11 0.9203125 0.6828125 0.1140625 0.1125
11 0.109375 0.4625 0.0734375 0.109375
11 0.246875 0.3609375 0.1140625 0.0546875
11 0.159375 0.734375 0.0765625 0.090625
11 0.4875 0.3890625 0.0921875 0.1
11 0.9140625 0.3609375 0.15 0.15
11 0.628125 0.296875 0.1078125 0.1265625
11 0.36875 0.278125 0.075 0.0953125
11 0.4046875 0.3140625 0.071875 0.1046875
11 0.55625 0.5015625 0.0734375 0.121875
11 0.0984375 0.8421875 0.0625 0.0625
11 0.6265625 0.525 0.10625 0.084375
11 0.7046875 0.3515625 0.125 0.1234375
11 0.60625 0.7046875 0.090625 0.1203125
11 0.3859375 0.4609375 0.0890625 0.1078125
11 0.3875 0.3765625 0.0953125 0.08125
11 0.5453125 0.359375 0.071875 0.109375
11 0.5515625 0.4015625 0.1125 0.0859375
11 0.68125 0.45 0.15625 0.0609375
11 0.61875 0.4015625 0.071875 0.1046875
11 0.6984375 0.5953125 0.1296875 0.0515625
11 0.5109375 0.15 0.09375 0.05
11 0.1375 0.071875 0.1484375 0.0953125
11 0.303125 0.075 0.103125 0.071875
11 0.0921875 0.0140625 0.0875 0.028125
11 0.3296875 0.9828125 0.0828125 0.0328125
11 0.4234375 0.9765625 0.0859375 0.046875
11 0.31640625 0.0296875 0.0921875 0.059375
11 0.525 0.9734375 0.0921875 0.0515625
11 0.2265625 0.9203125 0.08125 0.084375
11 0.0546875 0.9765625 0.075 0.046875
11 0.3421875 0.90625 0.1296875 0.0609375
11 0.4453125 0.9203125 0.08125 0.0875
11 0.4640625 0.028125 0.09375 0.05625
11 0.55 0.0328125 0.103125 0.065625
11 0.140625 0.93125 0.075 0.1046875
11 0.1578125 0.984375 0.0765625 0.0296875
11 0.0984375 0.9078125 0.0625 0.0625
11 0.5109375 0.1 0.09375 0.05