0 0.54375 0.5140625 0.0609375 0.096875
0 0.1359375 0.6375 0.1046875 0.1
0 0.378125 0.5578125 0.053125 0.109375
0 0.1828125 0.1484375 0.0703125 0.10625
0 0.4328125 0.575 0.0515625 0.0984375
0 0.5265625 0.5953125 0.0953125 0.0640625
0 0.5859375 0.4484375 0.059375 0.0734375
0 0.7421875 0.665625 0.06875 0.1203125
0 0.1078125 0.4921875 0.0765625 0.1125
0 0.265625 0.0328125 0.1078125 0.065625
0 0.8234375 0.9578125 0.059375 0.0796875
0 0.2515625 0.1640625 0.1 0.0796875
0 0.253125 0.8421875 0.059375 0.1203125
0 0.590625 0.6734375 0.08125 0.0953125
0 0.7265625 0.615625 0.053125 0.071875
0 0.83125 0.7359375 0.0453125 0.0671875
0 0.028125 0.6375 0.05625 0.1
0 0.034375 0.4921875 0.06875 0.1125