0 0.46875 0.4890625 0.0515625 0.0421875
0 0.403125 0.534375 0.0609375 0.0359375
0 0.434375 0.446875 0.0453125 0.0421875
0 0.0984375 0.4625 0.0484375 0.0265625
0 0.2984375 0.4140625 0.0359375 0.0359375
0 0.4015625 0.371875 0.0421875 0.021875
0 0.45 0.534375 0.04375 0.0375
0 0.490625 0.3296875 0.04375 0.028125
0 0.6421875 0.678125 0.0640625 0.0671875
0 0.6078125 0.6015625 0.071875 0.0359375
0 0.5671875 0.6328125 0.0640625 0.0546875
0 0.496875 0.378125 0.0265625 0.028125
0 0.5296875 0.425 0.05625 0.0265625
0 0.065625 0.4734375 0.0234375 0.021875
0 0.6984375 0.7421875 0.053125 0.06875
0 0.459375 0.63125 0.05 0.05625
0 0.528125 0.384375 0.0328125 0.04375
0 0.4203125 0.2921875 0.0515625 0.03125
0 0.5296875 0.334375 0.0421875 0.0375
0 0.6984375 0.9859375 0.053125 0.0265625