11 0.215625 0.675 0.0828125 0.065625
11 0.4609375 0.775 0.084375 0.065625
11 0.3046875 0.709375 0.0625 0.05625
11 0.515625 0.6484375 0.0796875 0.065625
11 0.621875 0.603125 0.0859375 0.053125
11 0.29375 0.5046875 0.0828125 0.0515625
11 0.6234375 0.546875 0.0921875 0.05625
11 0.575 0.4453125 0.090625 0.0640625
11 0.209375 0.53125 0.0953125 0.0515625
11 0.2515625 0.446875 0.0875 0.0453125
11 0.715625 0.4421875 0.0734375 0.075
11 0.3859375 0.725 0.0453125 0.0859375
11 0.446875 0.690625 0.0421875 0.084375
11 0.315625 0.459375 0.065625 0.071875
11 0.3859375 0.4421875 0.053125 0.075
11 0.4140625 0.6890625 0.0453125 0.0765625
11 0.478125 0.39375 0.0546875 0.0796875
11 0.29375 0.659375 0.0796875 0.0390625
11 0.4828125 0.678125 0.0609375 0.0765625
11 0.5296875 0.359375 0.05625 0.0859375
11 0.3453125 0.7125 0.046875 0.08125
11 0.65 0.3875 0.075 0.071875
11 0.3484375 0.4484375 0.040625 0.071875
11 0.43125 0.4296875 0.05625 0.0953125
11 0.6171875 0.5015625 0.0921875 0.04375
11 0.534375 0.603125 0.0796875 0.046875
11 0.275 0.6171875 0.0828125 0.0359375
11 0.553125 0.565625 0.078125 0.05
11 0.271875 0.565625 0.071875 0.034375
11 0.7546875 0.246875 0.0765625 0.109375
11 0.5140625 0.1921875 0.0859375 0.1109375
11 0.278125 0.596875 0.0796875 0.046875