1 0.6453125 0.4421875 0.0359375 0.0359375
1 0.6375 0.6734375 0.0359375 0.075
1 0.459375 0.390625 0.0359375 0.034375
1 0.6703125 0.478125 0.0359375 0.0546875
1 0.51875 0.5390625 0.0359375 0.0359375
1 0.5671875 0.553125 0.0390625 0.0359375
1 0.5078125 0.459375 0.0203125 0.046875
1 0.615625 0.4796875 0.0359375 0.0375
1 0.5390625 0.4171875 0.0234375 0.034375
1 0.346875 0.58125 0.04375 0.059375
1 0.5015625 0.615625 0.028125 0.0359375
1 0.6125 0.35 0.046875 0.0390625
1 0.590625 0.525 0.0234375 0.05
1 0.4234375 0.3453125 0.0390625 0.05625
1 0.3625 0.6546875 0.0453125 0.0640625
1 0.4453125 0.41875 0.028125 0.0375
1 0.5578125 0.2296875 0.053125 0.0546875
1 0.475 0.50625 0.028125 0.0328125
1 0.509375 0.40625 0.028125 0.0328125
1 0.5359375 0.7359375 0.0375 0.071875
1 0.4296875 0.5125 0.0390625 0.0484375
1 0.403125 0.5421875 0.0390625 0.0375
1 0.553125 0.5078125 0.01875 0.03125
1 0.41875 0.4671875 0.0171875 0.0296875
1 0.3796875 0.4765625 0.021875 0.0453125
1 0.409375 0.40625 0.0484375 0.0421875
1 0.334375 0.3125 0.0609375 0.0546875
1 0.3828125 0.2546875 0.0515625 0.0515625
1 0.7125 0.3671875 0.034375 0.05625
1 0.53125 0.45 0.034375 0.0234375
1 0.4796875 0.4640625 0.034375 0.0265625
1 0.8140625 0.4421875 0.0359375 0.0359375
1 0.821875 0.6734375 0.0359375 0.075
1 0.078125 0.390625 0.0359375 0.034375
1 0.990625 0.390625 0.01875 0.034375
1 0.7890625 0.478125 0.0359375 0.0546875
1 0.01875 0.5390625 0.0359375 0.0359375
1 0.940625 0.5390625 0.0359375 0.0359375
1 0.8921875 0.553125 0.0390625 0.0359375
1 0.0296875 0.459375 0.0203125 0.046875
1 0.9515625 0.459375 0.0203125 0.046875
1 0.84375 0.4796875 0.0359375 0.0375
1 0.0046875 0.4171875 0.009375 0.034375
1 0.9203125 0.4171875 0.0234375 0.034375
1 0.190625 0.58125 0.04375 0.059375
1 0.0359375 0.615625 0.028125 0.0359375
1 0.9578125 0.615625 0.028125 0.0359375
1 0.846875 0.35 0.046875 0.0390625
1 0.86875 0.525 0.0234375 0.05
1 0.1140625 0.3453125 0.0390625 0.05625
1 0.175 0.6546875 0.0453125 0.0640625
1 0.0921875 0.41875 0.028125 0.0375
1 0.9015625 0.2296875 0.053125 0.0546875
1 0.0625 0.50625 0.028125 0.0328125
1 0.984375 0.50625 0.028125 0.0328125
1 0.028125 0.40625 0.028125 0.0328125
1 0.95 0.40625 0.028125 0.0328125
1 0.009375 0.7359375 0.01875 0.071875
1 0.9234375 0.7359375 0.0375 0.071875
1 0.1078125 0.5125 0.0390625 0.0484375
1 0.134375 0.5421875 0.0390625 0.0375
1 0.90625 0.5078125 0.01875 0.03125
1 0.11875 0.4671875 0.0171875 0.0296875
1 0.1578125 0.4765625 0.021875 0.0453125
1 0.128125 0.40625 0.0484375 0.0421875
1 0.203125 0.3125 0.0609375 0.0546875
1 0.1546875 0.2546875 0.0515625 0.0515625
1 0.746875 0.3671875 0.034375 0.05625
1 0.0109375 0.44765625 0.021875 0.0234375
1 0.928125 0.45 0.034375 0.0234375
1 0.0578125 0.4640625 0.034375 0.0265625
1 0.9796875 0.4640625 0.034375 0.0265625