13 0.5609375 0.3421875 0.06875 0.0921875
13 0.51875 0.459375 0.075 0.059375
13 0.503125 0.503125 0.0796875 0.065625
13 0.490625 0.509375 0.065625 0.034375
13 0.6046875 0.5203125 0.0859375 0.05625
13 0.7265625 0.5546875 0.1015625 0.05625
13 0.709375 0.6046875 0.0859375 0.034375
13 0.553125 0.5765625 0.071875 0.053125
13 0.4109375 0.5546875 0.1453125 0.059375
13 0.425 0.4171875 0.0546875 0.0734375
13 0.434375 0.3375 0.084375 0.0921875
13 0.378125 0.35625 0.071875 0.0453125
13 0.315625 0.3375 0.0765625 0.0484375
13 0.25 0.39375 0.0671875 0.06875
13 0.325 0.425 0.1078125 0.084375
13 0.2359375 0.484375 0.0375 0.06875
13 0.2734375 0.159375 0.1125 0.05
13 0.7296875 0.15625 0.09375 0.0390625
13 0.98125 0.340625 0.0359375 0.0921875
13 0.9546875 0.5203125 0.0859375 0.05625
13 0.8328125 0.5546875 0.1015625 0.05625
13 0.85 0.6046875 0.0859375 0.034375
13 0.984375 0.5765625 0.0296875 0.053125
13 0.046875 0.5546875 0.09375 0.059375
13 0.0171875 0.41484375 0.034375 0.0734375
13 0.0203125 0.33515625 0.040625 0.0921875
13 0.05625 0.35625 0.071875 0.0453125
13 0.11875 0.3375 0.0765625 0.0484375
13 0.184375 0.39375 0.0671875 0.06875
13 0.109375 0.425 0.1078125 0.084375
13 0.1984375 0.484375 0.0375 0.06875
13 0.1609375 0.159375 0.1125 0.05
13 0.8296875 0.15625 0.09375 0.0390625