7 0.4609375 0.1921875 0.0765625 0.071875
7 0.3859375 0.21875 0.0484375 0.071875
7 0.34375 0.184375 0.0390625 0.0796875
7 0.3796875 0.13125 0.0578125 0.075
7 0.43125 0.1203125 0.0515625 0.0734375
7 0.5125 0.0375 0.0703125 0.075
7 0.7359375 0.034375 0.053125 0.06875
7 0.48125 0.3328125 0.1109375 0.20625
7 0.43125 0.29375 0.0671875 0.0953125
7 0.36875 0.50625 0.0765625 0.084375
7 0.35625 0.4296875 0.0921875 0.059375
7 0.2671875 0.453125 0.0515625 0.115625
7 0.7578125 0.875 0.08125 0.10625
7 0.76875 0.51875 0.0484375 0.0890625
7 0.565625 0.5109375 0.0859375 0.040625
7 0.215625 0.5125 0.06875 0.075
7 0.153125 0.5890625 0.059375 0.0421875
7 0.1765625 0.8515625 0.0703125 0.059375
7 0.3125 0.934375 0.0734375 0.075
7 0.9921875 0.034375 0.015625 0.06875
7 0.9734375 0.875 0.0515625 0.10625
7 0.9765625 0.5171875 0.046875 0.0890625
7 0.0328125 0.5125 0.065625 0.075
7 0.09375 0.5890625 0.059375 0.0421875
7 0.0703125 0.8515625 0.0703125 0.059375