7 0.415625 0.5265625 0.05 0.0859375
7 0.44375 0.4359375 0.078125 0.0375
7 0.5171875 0.440625 0.0578125 0.0515625
7 0.5734375 0.4328125 0.04375 0.0625
7 0.6859375 0.390625 0.0640625 0.0328125
7 0.65625 0.5421875 0.0765625 0.0625
7 0.7296875 0.559375 0.0640625 0.046875
7 0.7265625 0.50625 0.0703125 0.0359375
7 0.3046875 0.4734375 0.05625 0.0265625
7 0.2703125 0.4453125 0.09375 0.040625
7 0.290625 0.5453125 0.034375 0.059375
7 0.25625 0.5 0.046875 0.0484375
7 0.2796875 0.6625 0.028125 0.0625
7 0.409375 0.39375 0.06875 0.0390625
7 0.49375 0.4765625 0.0796875 0.053125
7 0.5359375 0.4796875 0.0796875 0.05625
7 0.0234375 0.525 0.046875 0.0859375
7 0.015625 0.4359375 0.03125 0.0375
7 0.9828125 0.4328125 0.0328125 0.0625
7 0.8765625 0.390625 0.0640625 0.0328125
7 0.90625 0.5421875 0.0765625 0.0625
7 0.8328125 0.559375 0.0640625 0.046875
7 0.8359375 0.50625 0.0703125 0.0359375
7 0.1328125 0.4734375 0.05625 0.0265625
7 0.1671875 0.4453125 0.09375 0.040625
7 0.146875 0.5453125 0.034375 0.059375
7 0.18125 0.5 0.046875 0.0484375
7 0.1578125 0.6625 0.028125 0.0625
7 0.03125 0.3921875 0.0625 0.0390625