7 0.4578125 0.65625 0.1078125 0.0765625
7 0.1796875 0.43125 0.0421875 0.0953125
7 0.2140625 0.4875 0.084375 0.0546875
7 0.453125 0.3734375 0.0859375 0.0640625
7 0.4046875 0.0734375 0.06875 0.0703125
7 0.615625 0.2296875 0.0703125 0.040625
7 0.659375 0.2875 0.0515625 0.0765625
7 0.6875 0.109375 0.046875 0.0890625
7 0.75625 0.10625 0.053125 0.08125
7 0.771875 0.0265625 0.0859375 0.0375
7 0.746875 0.4359375 0.0640625 0.0984375
7 0.621875 0.628125 0.071875 0.0984375
7 0.553125 0.678125 0.0578125 0.071875
7 0.4578125 0.809375 0.0734375 0.0890625
7 0.290625 0.8 0.08125 0.0484375
7 0.2890625 0.7609375 0.065625 0.0671875
7 0.80625 0.5484375 0.0765625 0.059375
7 0.859375 0.0546875 0.028125 0.053125
7 0.5359375 0.44375 0.1640625 0.1375
7 0.0671875 0.43125 0.0421875 0.0953125
7 0.0375 0.4859375 0.075 0.0546875
7 0.98125 0.10625 0.0359375 0.08125
7 0.965625 0.0265625 0.06875 0.0375
7 0.9828125 0.434375 0.0328125 0.0984375
7 0.940625 0.5484375 0.0765625 0.059375
7 0.8875 0.0546875 0.028125 0.053125