7 0.2375 0.290625 0.1078125 0.1078125
7 0.6359375 0.30625 0.115625 0.10625
7 0.7984375 0.525 0.1 0.103125
7 0.85625 0.4296875 0.196875 0.1078125
7 0.709375 0.4625 0.159375 0.103125
7 0.5578125 0.596875 0.1 0.20625
7 0.4546875 0.634375 0.159375 0.1234375
7 0.3671875 0.6578125 0.153125 0.125
7 0.215625 0.671875 0.1703125 0.0609375
7 0.171875 0.7203125 0.178125 0.0828125
7 0.1 0.509375 0.10625 0.15625
7 0.2984375 0.4765625 0.0578125 0.14375
7 0.3796875 0.4515625 0.090625 0.1375
7 0.496875 0.29375 0.11875 0.0734375
7 0.453125 0.3671875 0.0765625 0.1015625
7 0.3984375 0.3453125 0.096875 0.1671875
7 0.3640625 0.275 0.1375 0.0890625
7 0.9109375 0.7984375 0.175 0.0921875
7 0.4703125 0.8078125 0.1234375 0.0703125
7 0.103125 0.7359375 0.18125 0.1234375
7 0.1171875 0.628125 0.084375 0.1234375
7 0.1671875 0.5296875 0.078125 0.1375
7 0.2328125 0.496875 0.090625 0.084375
7 0.2578125 0.553125 0.125 0.1625
7 0.2359375 0.0359375 0.1078125 0.071875
7 0.6359375 0.028125 0.115625 0.05625
7 0.3671875 0.984375 0.153125 0.03125
7 0.2140625 0.9921875 0.1703125 0.0140625
7 0.171875 0.9625 0.178125 0.0734375
7 0.496875 0.025 0.11875 0.05
7 0.3984375 0.0234375 0.096875 0.046875
7 0.3640625 0.0390625 0.1375 0.078125
7 0.9109375 0.890625 0.175 0.0921875
7 0.4703125 0.88125 0.1234375 0.0703125
7 0.103125 0.9453125 0.18125 0.109375