7 0.3578125 0.35625 0.115625 0.10625
7 0.534375 0.2453125 0.171875 0.0765625
7 0.8125 0.2125 0.1359375 0.109375
7 0.8734375 0.346875 0.10625 0.159375
7 0.7609375 0.403125 0.1484375 0.128125
7 0.73125 0.521875 0.1625 0.0875
7 0.7609375 0.634375 0.103125 0.09375
7 0.921875 0.728125 0.096875 0.1515625
7 0.934375 0.84375 0.09375 0.115625
7 0.9265625 0.5328125 0.10625 0.153125
7 0.50625 0.63125 0.1171875 0.125
7 0.146875 0.76875 0.15 0.1
7 0.1546875 0.88125 0.140625 0.065625
7 0.1421875 0.4125 0.121875 0.10625
7 0.065625 0.36875 0.10625 0.11875
7 0.065625 0.515625 0.13125 0.121875
7 0.934375 0.975 0.09375 0.0484375
7 0.1546875 0.96875 0.140625 0.0609375