7 0.484375 0.5203125 0.18125 0.16875
7 0.4671875 0.7265625 0.265625 0.178125
7 0.1375 0.56875 0.165625 0.171875
7 0.2703125 0.2875 0.165625 0.15
7 0.7234375 0.371875 0.14375 0.146875
7 0.925 0.3640625 0.134375 0.134375
7 0.8109375 0.2296875 0.1 0.1015625
7 0.89375 0.190625 0.15 0.06875
7 0.678125 0.2109375 0.0890625 0.1125
7 0.509375 0.1859375 0.140625 0.0625
7 0.4671875 0.934375 0.265625 0.1296875
7 0.2703125 0.0484375 0.165625 0.096875
7 0.8109375 0.0796875 0.1 0.1015625
7 0.89375 0.11875 0.15 0.06875
7 0.678125 0.0984375 0.0890625 0.1125
7 0.509375 0.1234375 0.140625 0.0625