9 0.196875 0.55625 0.2484375 0.259375
9 0.4609375 0.25625 0.259375 0.2
9 0.7078125 0.1328125 0.30625 0.225
9 0.6671875 0.4390625 0.228125 0.2265625
9 0.4 0.61875 0.2 0.25
9 0.41875 0.8359375 0.253125 0.2015625
9 0.6296875 0.7640625 0.240625 0.2375
9 0.6703125 0.64375 0.171875 0.2796875
9 0.9375 0.54375 0.121875 0.196875
9 0.884375 0.6984375 0.2296875 0.146875
9 0.71875 0.9265625 0.203125 0.1453125
9 0.5734375 0.928125 0.146875 0.140625
9 0.4734375 0.465625 0.1875 0.0859375
9 0.49375 0.3875 0.1828125 0.11875
9 0.840625 0.8375 0.171875 0.265625