7 0.0953125 0.403125 0.16875 0.1375
7 0.2375 0.1125 0.1359375 0.08125
7 0.6953125 0.31875 0.0984375 0.165625
7 0.709375 0.5046875 0.1421875 0.0890625
7 0.6421875 0.6234375 0.0796875 0.1125
7 0.3765625 0.6421875 0.08125 0.1296875
7 0.3203125 0.7078125 0.0890625 0.134375
7 0.565625 0.3953125 0.10625 0.1125
7 0.5796875 0.515625 0.115625 0.1078125
7 0.4921875 0.4953125 0.06875 0.1109375
7 0.475 0.5671875 0.0890625 0.0765625
7 0.459375 0.625 0.10625 0.0734375
7 0.5 0.6734375 0.0671875 0.0921875
7 0.55 0.621875 0.071875 0.1046875
7 0.5015625 0.421875 0.05 0.0734375
7 0.2359375 0.0359375 0.1359375 0.071875