7 0.7125 0.565625 0.1015625 0.0796875
7 0.9421875 0.4296875 0.103125 0.06875
7 0.859375 0.4234375 0.134375 0.0671875
7 0.69375 0.403125 0.1 0.08125
7 0.628125 0.4046875 0.0671875 0.08125
7 0.5546875 0.3671875 0.134375 0.06875
7 0.55 0.428125 0.0890625 0.0671875
7 0.3828125 0.4015625 0.1359375 0.1140625
7 0.5109375 0.5140625 0.315625 0.1859375
7 0.5234375 0.6 0.15625 0.0734375
7 0.5328125 0.709375 0.06875 0.09375
7 0.4671875 0.6984375 0.1125 0.115625
7 0.090625 0.6984375 0.125 0.075
7 0.5328125 0.953125 0.06875 0.09375
7 0.4671875 0.953125 0.1125 0.09375
7 0.090625 0.9625 0.125 0.0734375