7 0.1890625 0.440625 0.075 0.0875
7 0.15 0.36875 0.1015625 0.0546875
7 0.2359375 0.2359375 0.096875 0.090625
7 0.453125 0.221875 0.090625 0.0875
7 0.44375 0.31875 0.05625 0.0828125
7 0.4328125 0.4125 0.0765625 0.0703125
7 0.3109375 0.484375 0.0890625 0.065625
7 0.265625 0.571875 0.0609375 0.075
7 0.14375 0.5875 0.103125 0.078125
7 0.178125 0.71875 0.08125 0.0703125
7 0.2578125 0.6390625 0.046875 0.078125
7 0.46875 0.634375 0.0515625 0.1078125
7 0.415625 0.640625 0.053125 0.084375
7 0.3515625 0.6875 0.0328125 0.1265625
7 0.296875 0.765625 0.0734375 0.115625
7 0.51875 0.725 0.078125 0.0828125
7 0.5953125 0.5875 0.06875 0.0984375
7 0.6453125 0.5328125 0.0921875 0.0765625
7 0.5421875 0.4921875 0.084375 0.028125
7 0.4890625 0.4546875 0.0609375 0.065625
7 0.69375 0.3453125 0.0953125 0.0578125
7 0.6203125 0.278125 0.09375 0.059375
7 0.7890625 0.371875 0.0578125 0.0421875
7 0.740625 0.328125 0.0265625 0.0546875
7 0.7375 0.753125 0.078125 0.0953125
7 0.95 0.759375 0.0625 0.1125
7 0.040625 0.5671875 0.08125 0.1
7 0.3375 0.39375 0.0625 0.0828125
7 0.271875 0.41875 0.078125 0.0640625
7 0.2359375 0.0140625 0.096875 0.028125
7 0.453125 0.0203125 0.090625 0.040625
7 0.2953125 0.9765625 0.0734375 0.0453125
7 0.7375 0.9875 0.078125 0.0234375
7 0.95 0.98125 0.0625 0.0375