9 0.49375 0.4609375 0.1296875 0.253125
9 0.6453125 0.40625 0.1609375 0.225
9 0.66875 0.190625 0.159375 0.1328125
9 0.34375 0.403125 0.2140625 0.253125
9 0.1921875 0.484375 0.15 0.2921875
9 0.121875 0.60625 0.159375 0.2359375
9 0.21875 0.7671875 0.21875 0.1375
9 0.43125 0.7625 0.2140625 0.15625
9 0.615625 0.628125 0.15 0.2328125
9 0.890625 0.575 0.2 0.1828125
9 0.065625 0.821875 0.13125 0.103125
9 0.240625 0.8390625 0.11875 0.06875
9 0.66875 0.0625 0.159375 0.125
9 0.21875 0.95625 0.21875 0.0859375
9 0.4296875 0.9546875 0.2140625 0.090625
9 0.065625 0.928125 0.13125 0.103125
9 0.240625 0.9109375 0.11875 0.06875