7 0.296875 0.290625 0.0921875 0.1015625
7 0.090625 0.296875 0.1125 0.10625
7 0.1296875 0.4046875 0.115625 0.128125
7 0.5046875 0.35 0.08125 0.0625
7 0.428125 0.3203125 0.0671875 0.096875
7 0.5546875 0.2546875 0.0984375 0.0734375
7 0.7390625 0.340625 0.0578125 0.075
7 0.690625 0.3734375 0.0796875 0.06875
7 0.65625 0.415625 0.09375 0.065625
7 0.6484375 0.475 0.0703125 0.040625
7 0.55 0.54375 0.09375 0.0796875
7 0.7625 0.5203125 0.08125 0.084375
7 0.7125 0.61875 0.1015625 0.059375
7 0.5890625 0.75625 0.096875 0.115625
7 0.9125 0.3453125 0.0796875 0.1046875
7 0.8390625 0.309375 0.0390625 0.059375
7 0.8984375 0.24375 0.065625 0.05625
7 0.978125 0.4265625 0.040625 0.053125
7 0.653125 0.196875 0.06875 0.0484375
7 0.553125 0.0078125 0.0984375 0.015625
7 0.5890625 0.975 0.096875 0.05
7 0.8984375 0.009375 0.065625 0.01875
7 0.653125 0.0375 0.06875 0.0484375