7 0.071875 0.5203125 0.05625 0.0703125
7 0.1328125 0.49375 0.0328125 0.059375
7 0.1875 0.50625 0.0515625 0.0484375
7 0.2015625 0.5390625 0.0421875 0.05
7 0.23125 0.5640625 0.0453125 0.046875
7 0.4015625 0.640625 0.059375 0.0671875
7 0.434375 0.690625 0.065625 0.040625
7 0.3796875 0.7171875 0.05 0.05
7 0.334375 0.74375 0.05625 0.065625
7 0.25 0.6203125 0.04375 0.0484375
7 0.328125 0.6109375 0.021875 0.0421875
7 0.34375 0.375 0.05 0.053125
7 0.321875 0.2328125 0.09375 0.0578125
7 0.196875 0.1828125 0.059375 0.0265625
7 0.5625 0.190625 0.0484375 0.0546875
7 0.784375 0.3296875 0.0765625 0.065625
7 0.8203125 0.4546875 0.0703125 0.04375
7 0.8 0.51875 0.0625 0.0609375
7 0.7171875 0.4890625 0.0453125 0.0375
7 0.7078125 0.4390625 0.040625 0.0375
7 0.696875 0.3703125 0.05625 0.05625
7 0.609375 0.384375 0.0671875 0.053125
7 0.6421875 0.440625 0.040625 0.046875
7 0.66875 0.503125 0.04375 0.0484375
7 0.665625 0.534375 0.05625 0.0390625
7 0.8734375 0.584375 0.046875 0.053125
7 0.96875 0.5734375 0.0578125 0.0640625
7 0.9703125 0.465625 0.05625 0.0515625
7 0.9328125 0.665625 0.05625 0.05
7 0.93125 0.7140625 0.065625 0.040625
7 0.84375 0.71875 0.046875 0.05625
7 0.8359375 0.66875 0.0546875 0.04375
7 0.8 0.7046875 0.0421875 0.0484375
7 0.7625 0.7421875 0.059375 0.0375
7 0.6203125 0.7625 0.0453125 0.0390625
7 0.603125 0.71875 0.0359375 0.0375
7 0.6109375 0.671875 0.0421875 0.040625
7 0.5828125 0.65625 0.0296875 0.034375
7 0.571875 0.634375 0.0296875 0.0390625
7 0.53125 0.65 0.0296875 0.046875
7 0.4828125 0.6328125 0.034375 0.053125
7 0.4359375 0.609375 0.04375 0.0546875
7 0.45625 0.5796875 0.0421875 0.0375
7 0.503125 0.5421875 0.0453125 0.025
7 0.55625 0.7 0.040625 0.05625
7 0.40625 0.4125 0.040625 0.0375
7 0.378125 0.4375 0.034375 0.0515625
7 0.2875 0.4609375 0.05625 0.0453125
7 0.3390625 0.5125 0.040625 0.05
7 0.3109375 0.5296875 0.0375 0.05
7 0.3328125 0.5609375 0.0453125 0.040625
7 0.2984375 0.5875 0.028125 0.0484375
7 0.6265625 0.50625 0.04375 0.04375
7 0.6296875 0.475 0.040625 0.03125
7 0.5640625 0.38125 0.0359375 0.0390625
7 0.5125 0.3875 0.03125 0.040625
7 0.53125 0.4296875 0.0484375 0.034375
7 0.478125 0.45625 0.05625 0.0359375
7 0.396875 0.5703125 0.034375 0.05625
7 0.46875 0.54375 0.0328125 0.0375
7 0.75625 0.5390625 0.053125 0.0546875
7 0.8265625 0.5828125 0.04375 0.059375
7 0.84375 0.6234375 0.0546875 0.046875
7 0.65 0.7140625 0.0484375 0.0484375
7 0.6046875 0.5703125 0.046875 0.0375
7 0.553125 0.5359375 0.053125 0.0484375
7 0.590625 0.5203125 0.0265625 0.0390625
7 0.5875 0.45625 0.0421875 0.0328125
7 0.56875 0.4234375 0.046875 0.0265625
7 0.4359375 0.5234375 0.0578125 0.0171875
7 0.40625 0.528125 0.0296875 0.028125
7 0.3796875 0.5109375 0.0328125 0.040625
7 0.4328125 0.484375 0.0421875 0.0328125
7 0.440625 0.4390625 0.0296875 0.0515625
7 0.434375 0.975 0.065625 0.040625
7 0.3796875 0.9484375 0.05 0.05
7 0.334375 0.921875 0.05625 0.065625
7 0.321875 0.0953125 0.09375 0.0578125
7 0.196875 0.1453125 0.059375 0.0265625
7 0.5625 0.1375 0.0484375 0.0546875
7 0.7828125 0.015625 0.0765625 0.03125
7 0.9328125 0.9875 0.05625 0.025
7 0.93125 0.9515625 0.065625 0.040625
7 0.84375 0.946875 0.046875 0.05625
7 0.834375 0.9875 0.0546875 0.025
7 0.8 0.9609375 0.0421875 0.0484375
7 0.7625 0.9234375 0.059375 0.0375
7 0.6203125 0.903125 0.0453125 0.0390625
7 0.603125 0.946875 0.0359375 0.0375
7 0.609375 0.9859375 0.0421875 0.0265625
7 0.58125 0.9953125 0.0296875 0.0078125
7 0.55625 0.965625 0.040625 0.05625
7 0.65 0.9515625 0.0484375 0.0484375