7 0.6265625 0.296875 0.2375 0.175
7 0.0703125 0.3640625 0.140625 0.1703125
7 0.60625 0.546875 0.196875 0.10625
7 0.5359375 0.4890625 0.1140625 0.1421875
7 0.4171875 0.54375 0.221875 0.125
7 0.2765625 0.68125 0.1890625 0.15
7 0.546875 0.6796875 0.2015625 0.1546875
7 0.853125 0.75 0.171875 0.1625
7 0.88125 0.534375 0.15625 0.2171875
7 0.6265625 0.0609375 0.2375 0.121875
7 0.0703125 0.025 0.140625 0.05
7 0.275 0.953125 0.1890625 0.09375
7 0.5453125 0.9515625 0.2015625 0.0953125
7 0.853125 0.9125 0.171875 0.1625