7 0.41875 0.409375 0.159375 0.1515625
7 0.2671875 0.590625 0.1453125 0.175
7 0.115625 0.5078125 0.16875 0.1015625
7 0.053125 0.6859375 0.10625 0.13125
7 0.5046875 0.73125 0.1265625 0.1484375
7 0.6953125 0.6484375 0.159375 0.171875
7 0.753125 0.7421875 0.165625 0.0875
7 0.8828125 0.6375 0.1796875 0.1265625
7 0.671875 0.371875 0.125 0.1140625
7 0.659375 0.271875 0.1703125 0.0703125
7 0.41875 0.025 0.159375 0.05
7 0.265625 0.9671875 0.1453125 0.0640625
7 0.053125 0.928125 0.10625 0.13125
7 0.5046875 0.8828125 0.1265625 0.1484375
7 0.6953125 0.9390625 0.159375 0.1203125
7 0.753125 0.871875 0.165625 0.0875
7 0.88125 0.95625 0.1796875 0.0875
7 0.671875 0.034375 0.125 0.06875
7 0.659375 0.1125 0.1703125 0.0703125