7 0.4921875 0.4625 0.1390625 0.0828125
7 0.328125 0.409375 0.11875 0.0765625
7 0.2359375 0.4671875 0.1265625 0.0671875
7 0.2125 0.5625 0.1265625 0.10625
7 0.36875 0.61875 0.1390625 0.08125
7 0.3890625 0.765625 0.0921875 0.109375
7 0.2609375 0.778125 0.0578125 0.1046875
7 0.2203125 0.765625 0.0671875 0.06875
7 0.1640625 0.734375 0.1515625 0.1
7 0.671875 0.778125 0.08125 0.096875
7 0.875 0.790625 0.0828125 0.08125
7 0.965625 0.6890625 0.0671875 0.103125
7 0.975 0.6109375 0.0484375 0.0828125
7 0.8609375 0.4734375 0.0984375 0.084375
7 0.884375 0.390625 0.1015625 0.0796875
7 0.7765625 0.36875 0.090625 0.071875
7 0.7046875 0.4203125 0.09375 0.075
7 0.5640625 0.30625 0.0609375 0.0859375
7 0.4921875 0.253125 0.1015625 0.05625
7 0.5578125 0.18125 0.08125 0.0328125
7 0.728125 0.1828125 0.053125 0.034375
7 0.853125 0.215625 0.0625 0.1015625
7 0.928125 0.259375 0.1203125 0.0625
7 0.9828125 0.196875 0.03125 0.0640625
7 0.9890625 0.4984375 0.01875 0.0359375
7 0.990625 0.325 0.015625 0.04375
7 0.3890625 0.896875 0.0921875 0.109375
7 0.2609375 0.884375 0.0578125 0.1046875
7 0.2203125 0.896875 0.0671875 0.06875
7 0.1640625 0.928125 0.1515625 0.1
7 0.671875 0.884375 0.08125 0.096875
7 0.875 0.871875 0.0828125 0.08125
7 0.9640625 0.9609375 0.0671875 0.078125
7 0.56171875 0.0328125 0.0609375 0.065625
7 0.4921875 0.078125 0.1015625 0.05625
7 0.5578125 0.15 0.08125 0.0328125
7 0.728125 0.1484375 0.053125 0.034375
7 0.853125 0.115625 0.0625 0.1015625
7 0.928125 0.071875 0.1203125 0.0625
7 0.9828125 0.134375 0.03125 0.0640625
7 0.990625 0.0140625 0.015625 0.028125