7 0.4609375 0.6515625 0.0484375 0.090625
7 0.4015625 0.60625 0.071875 0.0375
7 0.3984375 0.6453125 0.05 0.0609375
7 0.3625 0.58125 0.071875 0.046875
7 0.38125 0.51875 0.0640625 0.0421875
7 0.41875 0.5140625 0.034375 0.0640625
7 0.415625 0.4546875 0.040625 0.0484375
7 0.4578125 0.4984375 0.04375 0.0828125
7 0.4796875 0.53125 0.0359375 0.053125
7 0.45 0.55625 0.071875 0.0390625
7 0.640625 0.55 0.0671875 0.0640625
7 0.734375 0.5859375 0.0546875 0.0375
7 0.859375 0.628125 0.09375 0.05
7 0.946875 0.609375 0.0875 0.0640625
7 0.88125 0.7734375 0.0671875 0.0546875
7 0.7984375 0.7640625 0.08125 0.075
7 0.6921875 0.8140625 0.046875 0.028125
7 0.6 0.771875 0.084375 0.0625
7 0.7203125 0.5375 0.034375 0.0296875
7 0.690625 0.5375 0.0375 0.034375
7 0.7390625 0.509375 0.034375 0.053125
7 0.7734375 0.5015625 0.0546875 0.0453125
7 0.828125 0.4984375 0.040625 0.0546875
7 0.7640625 0.4484375 0.0421875 0.046875
7 0.490625 0.234375 0.0640625 0.059375
7 0.5359375 0.5703125 0.034375 0.028125
7 0.4859375 0.60625 0.0734375 0.0515625
7 0.5078125 0.559375 0.040625 0.03125
7 0.459375 0.9796875 0.0484375 0.040625
7 0.3984375 0.9890625 0.05 0.0203125
7 0.88125 0.8828125 0.0671875 0.0546875
7 0.7984375 0.8921875 0.08125 0.075
7 0.6921875 0.8421875 0.046875 0.028125
7 0.6 0.884375 0.084375 0.0625
7 0.490625 0.103125 0.0640625 0.059375