7 0.625 0.434375 0.0703125 0.125
7 0.64375 0.34375 0.0625 0.1203125
7 0.525 0.321875 0.078125 0.08125
7 0.4703125 0.2171875 0.0390625 0.0515625
7 0.4859375 0.25625 0.078125 0.065625
7 0.3359375 0.16875 0.0796875 0.0828125
7 0.353125 0.215625 0.0421875 0.0640625
7 0.2453125 0.2125 0.103125 0.0890625
7 0.165625 0.225 0.053125 0.065625
7 0.2640625 0.275 0.075 0.090625
7 0.3390625 0.275 0.0609375 0.05625
7 0.2890625 0.3421875 0.075 0.05
7 0.503125 0.6921875 0.084375 0.0921875
7 0.559375 0.7375 0.0609375 0.1015625
7 0.709375 0.8359375 0.1203125 0.0703125
7 0.6203125 0.809375 0.078125 0.046875
7 0.8015625 0.825 0.0796875 0.0515625
7 0.3828125 0.4671875 0.0375 0.0953125
7 0.3484375 0.4296875 0.065625 0.065625
7 0.4 0.3359375 0.075 0.0359375
7 0.425 0.4921875 0.05 0.0921875
7 0.46796875 0.0203125 0.0390625 0.040625
7 0.3359375 0.065625 0.0796875 0.0828125
7 0.3515625 0.025 0.0421875 0.05
7 0.2453125 0.0328125 0.103125 0.065625
7 0.165625 0.0203125 0.053125 0.040625
7 0.5578125 0.9875 0.0609375 0.025
7 0.709375 0.928125 0.1203125 0.0703125
7 0.6203125 0.9546875 0.078125 0.046875
7 0.8015625 0.9390625 0.0796875 0.0515625