7 0.496875 0.5046875 0.084375 0.1046875
7 0.4203125 0.428125 0.08125 0.096875
7 0.378125 0.7390625 0.1265625 0.11875
7 0.1515625 0.7390625 0.08125 0.134375
7 0.8765625 0.6671875 0.065625 0.084375
7 0.859375 0.6140625 0.1234375 0.0453125
7 0.7921875 0.5453125 0.0828125 0.1046875
7 0.7578125 0.4796875 0.0578125 0.0953125
7 0.7 0.4546875 0.075 0.078125
7 0.6703125 0.4 0.1 0.0828125
7 0.646875 0.5203125 0.0828125 0.0921875
7 0.58125 0.61875 0.0875 0.075
7 0.9 0.3625 0.14375 0.05625
7 0.9453125 0.46875 0.0640625 0.11875
7 0.3765625 0.975 0.1265625 0.0484375
7 0.1515625 0.971875 0.08125 0.05625