7 0.409375 0.5125 0.0671875 0.04375
7 0.4765625 0.5171875 0.0921875 0.0484375
7 0.5890625 0.5125 0.065625 0.034375
7 0.5296875 0.5953125 0.084375 0.0328125
7 0.1421875 0.59375 0.103125 0.0515625
7 0.3328125 0.5015625 0.05625 0.0515625
7 0.884375 0.3953125 0.0765625 0.084375
7 0.5546875 0.325 0.084375 0.0546875
7 0.43125 0.2640625 0.0703125 0.053125
7 0.5296875 0.9890625 0.084375 0.0203125
7 0.1421875 0.9859375 0.103125 0.028125
7 0.8828125 0.0265625 0.0765625 0.053125
7 0.5546875 0.08125 0.084375 0.0546875
7 0.43125 0.1421875 0.0703125 0.053125