7 0.76875 0.440625 0.125 0.1046875
7 0.6390625 0.425 0.0953125 0.09375
7 0.7671875 0.159375 0.0828125 0.1015625
7 0.8609375 0.1453125 0.1 0.0703125
7 0.384375 0.3671875 0.090625 0.065625
7 0.521875 0.478125 0.3703125 0.14375
7 0.6609375 0.590625 0.125 0.06875
7 0.775 0.721875 0.1390625 0.153125
7 0.89375 0.759375 0.1359375 0.1265625
7 0.6515625 0.8640625 0.09375 0.078125
7 0.19375 0.8640625 0.0984375 0.078125
7 0.15 0.6109375 0.078125 0.0984375
7 0.15625 0.525 0.09375 0.096875
7 0.271875 0.6671875 0.09375 0.1
7 0.3859375 0.8046875 0.1078125 0.1078125
7 0.765625 0.0390625 0.0828125 0.078125
7 0.8609375 0.0421875 0.1 0.0703125
7 0.6515625 0.9421875 0.09375 0.078125
7 0.19375 0.9421875 0.0984375 0.078125
7 0.384375 0.9734375 0.1078125 0.053125