7 0.6109375 0.5359375 0.0921875 0.14375
7 0.8328125 0.440625 0.134375 0.1375
7 0.3046875 0.21875 0.1125 0.1046875
7 0.5171875 0.384375 0.11875 0.109375
7 0.5640625 0.4484375 0.1125 0.0859375
7 0.575 0.28125 0.1046875 0.13125
7 0.4375 0.4296875 0.075 0.075
7 0.384375 0.471875 0.1015625 0.0609375
7 0.4375 0.5 0.084375 0.08125
7 0.446875 0.7390625 0.1546875 0.1390625
7 0.3421875 0.621875 0.1171875 0.1171875
7 0.3046875 0.1125 0.1125 0.1046875
7 0.5734375 0.0578125 0.1046875 0.115625
7 0.446875 0.9265625 0.1546875 0.1390625