7 0.678125 0.471875 0.1359375 0.0890625
7 0.5578125 0.303125 0.121875 0.0984375
7 0.6671875 0.303125 0.0875 0.1171875
7 0.5515625 0.23125 0.178125 0.0546875
7 0.4125 0.278125 0.1125 0.103125
7 0.46875 0.3453125 0.078125 0.0953125
7 0.50625 0.40625 0.109375 0.0859375
7 0.4640625 0.4671875 0.1171875 0.090625
7 0.3953125 0.509375 0.1203125 0.096875
7 0.3671875 0.396875 0.115625 0.0953125
7 0.2875 0.3140625 0.0609375 0.11875
7 0.1671875 0.328125 0.0828125 0.1140625
7 0.2578125 0.4078125 0.0953125 0.115625
7 0.0625 0.3703125 0.103125 0.075
7 0.3875 0.8078125 0.0734375 0.0875
7 0.3 0.7546875 0.1015625 0.05625
7 0.7859375 0.59375 0.1265625 0.090625
7 0.778125 0.3828125 0.0828125 0.1171875
7 0.8265625 0.2734375 0.0984375 0.090625
7 0.9296875 0.3203125 0.1203125 0.0765625
7 0.884375 0.378125 0.1203125 0.1
7 0.5515625 0.021875 0.178125 0.04375
7 0.4125 0.0109375 0.1125 0.021875
7 0.3875 0.9421875 0.0734375 0.0875
7 0.2984375 0.9828125 0.1015625 0.0328125
7 0.825 0.0109375 0.0984375 0.021875