7 0.70625 0.5515625 0.1125 0.140625
7 0.534375 0.290625 0.103125 0.1359375
7 0.728125 0.1359375 0.15 0.1390625
7 0.359375 0.253125 0.0640625 0.1015625
7 0.44375 0.496875 0.0578125 0.15625
7 0.303125 0.590625 0.0734375 0.128125
7 0.2234375 0.7046875 0.0609375 0.08125
7 0.1640625 0.603125 0.078125 0.1265625
7 0.2078125 0.81875 0.0734375 0.103125
7 0.153125 0.7921875 0.05625 0.109375
7 0.1875 0.94375 0.0625 0.1109375
7 0.4375 0.75 0.0484375 0.115625
7 0.5515625 0.7203125 0.078125 0.0890625
7 0.628125 0.8296875 0.0578125 0.1046875
7 0.4984375 0.8609375 0.109375 0.1015625
7 0.6140625 0.96875 0.0703125 0.059375
7 0.665625 0.9734375 0.0515625 0.053125
7 0.7078125 0.971875 0.0734375 0.046875
7 0.784375 0.95625 0.1015625 0.0875
7 0.6375 0.4640625 0.065625 0.1046875
7 0.5796875 0.4828125 0.05 0.0890625
7 0.578125 0.5578125 0.078125 0.05
7 0.3046875 0.0171875 0.1 0.034375
7 0.9734375 0.134375 0.053125 0.1390625
7 0.028125 0.7046875 0.05625 0.08125
7 0.0859375 0.603125 0.078125 0.1265625
7 0.0421875 0.81875 0.0734375 0.103125
7 0.096875 0.7921875 0.05625 0.109375
7 0.0625 0.94375 0.0625 0.1109375
7 0.95625 0.95625 0.0859375 0.0875