9 0.284375 0.428125 0.1484375 0.190625
9 0.284375 0.246875 0.109375 0.1625
9 0.4078125 0.2140625 0.1953125 0.128125
9 0.7 0.3265625 0.2328125 0.115625
9 0.76875 0.4296875 0.1796875 0.078125
9 0.64375 0.4890625 0.09375 0.1640625
9 0.74375 0.603125 0.10625 0.1375
9 0.63125 0.634375 0.128125 0.1296875
9 0.765625 0.7421875 0.1421875 0.1421875
9 0.91875 0.6703125 0.140625 0.1953125
9 0.546875 0.75 0.2078125 0.1421875
9 0.35 0.65 0.1640625 0.1625
9 0.1875 0.6140625 0.140625 0.15
9 0.203125 0.5140625 0.1328125 0.1375
9 0.040625 0.378125 0.08125 0.128125
9 0.159375 0.20625 0.1375 0.125
9 0.3078125 0.778125 0.171875 0.078125
9 0.6359375 0.8234375 0.0734375 0.1015625
9 0.5328125 0.415625 0.0828125 0.2125
9 0.4609375 0.4125 0.08125 0.2203125
9 0.284375 0.0421875 0.109375 0.084375
9 0.40625 0.05 0.1953125 0.1
9 0.7640625 0.9671875 0.1421875 0.0640625
9 0.5453125 0.9640625 0.2078125 0.071875
9 0.159375 0.053125 0.1375 0.10625
9 0.3078125 0.965625 0.171875 0.0671875
9 0.6359375 0.9265625 0.0734375 0.1015625