7 0.4796875 0.45 0.0984375 0.15625
7 0.0890625 0.3609375 0.115625 0.1203125
7 0.53125 0.575 0.103125 0.0953125
7 0.5515625 0.4890625 0.0796875 0.0890625
7 0.6109375 0.43125 0.0859375 0.096875
7 0.621875 0.3328125 0.0703125 0.0875
7 0.6328125 0.2265625 0.0765625 0.1046875
7 0.5640625 0.1859375 0.09375 0.090625
7 0.5125 0.2828125 0.08125 0.0921875
7 0.4046875 0.70625 0.0859375 0.090625
7 0.684375 0.1546875 0.0828125 0.0609375
7 0.58125 0.2515625 0.071875 0.11875
7 0.5609375 0.3578125 0.0734375 0.11875
7 0.63125 0.0375 0.0765625 0.075
7 0.5640625 0.0640625 0.09375 0.090625
7 0.684375 0.0953125 0.0828125 0.0609375
7 0.58125 0.028125 0.071875 0.05625