9 0.6265625 0.621875 0.165625 0.0859375
9 0.653125 0.4390625 0.078125 0.1140625
9 0.7265625 0.390625 0.128125 0.0953125
9 0.6 0.3078125 0.115625 0.0921875
9 0.4890625 0.3328125 0.0953125 0.071875
9 0.55 0.4390625 0.0859375 0.128125
9 0.434375 0.4609375 0.1234375 0.0859375
9 0.40625 0.4109375 0.0796875 0.071875
9 0.41875 0.33125 0.1140625 0.05
9 0.2953125 0.38125 0.065625 0.115625
9 0.2625 0.2875 0.0859375 0.128125
9 0.2203125 0.4953125 0.0609375 0.153125
9 0.278125 0.5625 0.08125 0.0953125
9 0.3140625 0.6546875 0.0921875 0.103125
9 0.090625 0.528125 0.1328125 0.0875
9 0.478125 0.7515625 0.1578125 0.1203125
9 0.5 0.834375 0.0828125 0.078125
9 0.325 0.846875 0.121875 0.05625
9 0.9640625 0.55625 0.0703125 0.165625
9 0.9296875 0.8375 0.1390625 0.075
9 0.4515625 0.528125 0.08125 0.115625
9 0.4703125 0.5875 0.125 0.0765625
9 0.4890625 0.2421875 0.0921875 0.1
9 0.3890625 0.2765625 0.1203125 0.028125
9 0.3890625 0.184375 0.084375 0.053125
9 0.640625 0.234375 0.140625 0.0890625
9 0.665625 0.290625 0.065625 0.0671875
9 0.26015625 0.0125 0.0859375 0.025
9 0.4765625 0.96875 0.1578125 0.0625
9 0.5 0.915625 0.0828125 0.078125
9 0.325 0.903125 0.121875 0.05625
9 0.9296875 0.9125 0.1390625 0.075
9 0.48671875 0.028125 0.0921875 0.05625
9 0.3890625 0.065625 0.084375 0.053125
9 0.640625 0.0296875 0.140625 0.059375