7 0.2796875 0.528125 0.178125 0.1625
7 0.221875 0.65625 0.1875 0.15
7 0.3890625 0.7 0.225 0.1390625
7 0.409375 0.59375 0.16875 0.109375
7 0.6609375 0.490625 0.23125 0.1859375
7 0.8265625 0.55 0.1625 0.203125
7 0.8890625 0.4078125 0.128125 0.1375
7 0.8015625 0.2734375 0.175 0.1859375
7 0.6171875 0.259375 0.121875 0.203125
7 0.0625 0.1953125 0.125 0.140625
7 0.209375 0.721875 0.1984375 0.1546875
7 0.075 0.7296875 0.1296875 0.1546875
7 0.16875 0.8375 0.178125 0.071875
7 0.8015625 0.034375 0.175 0.06875
7 0.6171875 0.0453125 0.121875 0.090625
7 0.0625 0.0625 0.125 0.125
7 0.2078125 0.975 0.1984375 0.05
7 0.0734375 0.9703125 0.1296875 0.0578125
7 0.16875 0.9125 0.178125 0.071875