7 0.6765625 0.3 0.240625 0.0875
7 0.6328125 0.1890625 0.0828125 0.0734375
7 0.4625 0.2578125 0.09375 0.0578125
7 0.415625 0.2171875 0.053125 0.059375
7 0.35 0.28125 0.090625 0.0984375
7 0.275 0.403125 0.0890625 0.05625
7 0.14375 0.4984375 0.21875 0.2265625
7 0.215625 0.5984375 0.2296875 0.096875
7 0.284375 0.6734375 0.075 0.1515625
7 0.190625 0.7671875 0.0921875 0.1
7 0.346875 0.8765625 0.0796875 0.071875
7 0.425 0.734375 0.08125 0.1078125
7 0.43125 0.8171875 0.1 0.09375
7 0.6875 0.696875 0.08125 0.0625
7 0.8484375 0.659375 0.078125 0.059375
7 0.95 0.63125 0.1 0.0515625
7 0.9734375 0.4765625 0.040625 0.0671875
7 0.8671875 0.5203125 0.0765625 0.0453125
7 0.7953125 0.4515625 0.0328125 0.0765625
7 0.615625 0.440625 0.19375 0.121875
7 0.48125 0.4015625 0.0625 0.053125
7 0.49375 0.1015625 0.0703125 0.0328125
7 0.0359375 0.3046875 0.05 0.0546875
7 0.0765625 0.39375 0.06875 0.08125
7 0.3875 0.5359375 0.059375 0.0546875
7 0.3859375 0.6046875 0.1375 0.096875
7 0.265625 0.5390625 0.1234375 0.0375
7 0.63125 0.009375 0.0828125 0.01875
7 0.346875 0.95 0.0796875 0.071875
7 0.43125 0.98125 0.1 0.0375
7 0.49375 0.0703125 0.0703125 0.0328125