7 0.846875 0.4375 0.0875 0.1015625
7 0.78125 0.403125 0.0765625 0.1046875
7 0.49375 0.3203125 0.1125 0.05
7 0.078125 0.5828125 0.090625 0.0640625
7 0.34375 0.578125 0.1078125 0.0859375
7 0.3859375 0.7328125 0.140625 0.0890625
7 0.575 0.646875 0.0765625 0.0515625
7 0.453125 0.5359375 0.0625 0.090625
7 0.6640625 0.6140625 0.034375 0.103125
7 0.7453125 0.5515625 0.0796875 0.0921875
7 0.91875 0.696875 0.08125 0.0828125
7 0.5921875 0.56875 0.0625 0.0796875
7 0.846875 0.0234375 0.0875 0.046875
7 0.77890625 0.040625 0.0765625 0.08125
7 0.49375 0.1140625 0.1125 0.05
7 0.078125 0.971875 0.090625 0.0546875
7 0.3421875 0.96875 0.1078125 0.0609375
7 0.3859375 0.828125 0.140625 0.0890625
7 0.575 0.9140625 0.0765625 0.0515625
7 0.453125 0.9890625 0.0625 0.0203125
7 0.6640625 0.946875 0.034375 0.103125
7 0.74375 0.98125 0.0796875 0.0375
7 0.91875 0.8640625 0.08125 0.0828125
7 0.5921875 0.975 0.0625 0.0484375