9 0.7578125 0.4 0.21875 0.1296875
9 0.6015625 0.2625 0.15 0.15625
9 0.503125 0.4625 0.1046875 0.1828125
9 0.6078125 0.4484375 0.1515625 0.159375
9 0.35 0.43125 0.1359375 0.1921875
9 0.2484375 0.475 0.1 0.228125
9 0.1171875 0.4890625 0.1625 0.1265625
9 0.0875 0.5671875 0.1640625 0.109375
9 0.1625 0.6640625 0.096875 0.1609375
9 0.4421875 0.6640625 0.171875 0.0890625
9 0.4265625 0.59375 0.10625 0.1
9 0.39375 0.521875 0.1359375 0.1484375
9 0.5703125 0.653125 0.13125 0.1015625
9 0.6921875 0.5421875 0.1421875 0.1359375
9 0.834375 0.565625 0.1515625 0.11875
9 0.9109375 0.496875 0.1328125 0.159375
9 0.83125 0.7234375 0.1484375 0.121875
9 0.4671875 0.7125 0.1015625 0.0796875
9 0.2609375 0.6765625 0.090625 0.1
9 0.0390625 0.3484375 0.078125 0.1140625
9 0.6015625 0.0734375 0.15 0.146875
9 0.1625 0.9578125 0.096875 0.0828125
9 0.4421875 0.9765625 0.171875 0.046875
9 0.5703125 0.978125 0.13125 0.0421875
9 0.83125 0.9390625 0.1484375 0.121875
9 0.4671875 0.95 0.1015625 0.0796875
9 0.2609375 0.9671875 0.090625 0.0640625
9 0.0390625 0.01875 0.078125 0.0375