9 0.3765625 0.6453125 0.075 0.0796875
9 0.3671875 0.271875 0.0875 0.053125
9 0.5390625 0.1953125 0.103125 0.0828125
9 0.59375 0.19375 0.0828125 0.05625
9 0.234375 0.234375 0.0578125 0.0578125
9 0.2484375 0.3765625 0.071875 0.046875
9 0.103125 0.415625 0.0703125 0.0703125
9 0.1359375 0.5515625 0.0359375 0.0640625
9 0.1828125 0.63125 0.04375 0.071875
9 0.3015625 0.6421875 0.06875 0.053125
9 0.4375 0.6765625 0.0828125 0.0578125
9 0.4921875 0.73125 0.05 0.0703125
9 0.765625 0.790625 0.053125 0.0734375
9 0.2140625 0.71875 0.0796875 0.0640625
9 0.278125 0.75625 0.075 0.0390625
9 0.5390625 0.0546875 0.103125 0.0828125
9 0.59375 0.05625 0.0828125 0.05625
9 0.2328125 0.021875 0.0578125 0.04375
9 0.4921875 0.9890625 0.05 0.0203125
9 0.765625 0.95625 0.053125 0.0734375
9 0.278125 0.984375 0.075 0.0296875