7 0.171875 0.4328125 0.159375 0.1
7 0.18125 0.525 0.184375 0.10625
7 0.409375 0.5890625 0.1234375 0.16875
7 0.4453125 0.40625 0.1296875 0.1375
7 0.565625 0.4265625 0.15 0.115625
7 0.8609375 0.4421875 0.1859375 0.1875
7 0.634375 0.23125 0.165625 0.046875
7 0.4453125 0.24375 0.171875 0.0734375
7 0.171875 0.015625 0.159375 0.03125
7 0.4078125 0.9546875 0.1234375 0.090625
7 0.44375 0.0390625 0.1296875 0.078125
7 0.565625 0.0234375 0.15 0.046875
7 0.85859375 0.0328125 0.1859375 0.065625
7 0.634375 0.184375 0.165625 0.046875
7 0.4453125 0.171875 0.171875 0.0734375