9 0.4703125 0.6 0.090625 0.24375
9 0.4125 0.4484375 0.08125 0.140625
9 0.3109375 0.44375 0.1875 0.171875
9 0.3328125 0.259375 0.1390625 0.1796875
9 0.5890625 0.19375 0.159375 0.05625
9 0.7625 0.196875 0.0890625 0.05
9 0.6734375 0.2640625 0.15 0.096875
9 0.58125 0.453125 0.1203125 0.1984375
9 0.478125 0.3640625 0.1171875 0.1515625
9 0.6046875 0.571875 0.1140625 0.1609375
9 0.753125 0.4390625 0.0671875 0.19375
9 0.35 0.7046875 0.1453125 0.1328125
9 0.240625 0.5609375 0.0953125 0.15625
9 0.7609375 0.6484375 0.2015625 0.1015625
9 0.8203125 0.446875 0.0875 0.1671875
9 0.4703125 0.971875 0.090625 0.05625
9 0.33046875 0.0796875 0.1390625 0.159375
9 0.5890625 0.1375 0.159375 0.05625
9 0.7625 0.134375 0.0890625 0.05
9 0.6734375 0.0671875 0.15 0.096875
9 0.47578125 0.0203125 0.1171875 0.040625
9 0.3484375 0.946875 0.1453125 0.10625
9 0.759375 0.9828125 0.2015625 0.034375