7 0.6 0.4953125 0.053125 0.109375
7 0.5078125 0.471875 0.0890625 0.0796875
7 0.565625 0.6 0.0828125 0.0921875
7 0.4515625 0.5734375 0.071875 0.0796875
7 0.39375 0.6265625 0.125 0.053125
7 0.128125 0.6296875 0.0796875 0.0890625
7 0.0859375 0.5390625 0.0859375 0.1
7 0.0703125 0.7 0.0984375 0.071875
7 0.365625 0.796875 0.0984375 0.0671875
7 0.4484375 0.7859375 0.059375 0.084375
7 0.9203125 0.503125 0.0515625 0.0921875
7 0.73125 0.33125 0.0546875 0.0921875
7 0.678125 0.3203125 0.0625 0.09375
7 0.6265625 0.2484375 0.05625 0.0734375
7 0.43125 0.265625 0.0875 0.0546875
7 0.275 0.24375 0.059375 0.1
7 0.41875 0.4390625 0.0640625 0.090625
7 0.0703125 0.9625 0.0984375 0.071875
7 0.365625 0.865625 0.0984375 0.0671875
7 0.4484375 0.8765625 0.059375 0.084375
7 0.72890625 0.021875 0.0546875 0.04375
7 0.678125 0.028125 0.0625 0.05625
7 0.6265625 0.0828125 0.05625 0.0734375
7 0.43125 0.065625 0.0875 0.0546875
7 0.275 0.0875 0.059375 0.1