9 0.1953125 0.4140625 0.3859375 0.2203125
9 0.3421875 0.6421875 0.225 0.315625
9 0.7703125 0.603125 0.2703125 0.3125
9 0.8984375 0.4828125 0.203125 0.225
9 0.8296875 0.3578125 0.1984375 0.11875
9 0.6875 0.434375 0.1328125 0.2140625
9 0.653125 0.296875 0.2125 0.1453125
9 0.4265625 0.2109375 0.2921875 0.128125
9 0.8515625 0.221875 0.1578125 0.0984375
9 0.8546875 0.1703125 0.259375 0.046875
9 0.3421875 0.953125 0.225 0.09375
9 0.653125 0.034375 0.2125 0.06875
9 0.4265625 0.0828125 0.2921875 0.128125
9 0.8515625 0.071875 0.1578125 0.0984375
9 0.8546875 0.1234375 0.259375 0.046875