7 0.7765625 0.7828125 0.1265625 0.0875
7 0.69375 0.6625 0.1328125 0.0859375
7 0.621875 0.5609375 0.0703125 0.0828125
7 0.60625 0.490625 0.0703125 0.075
7 0.5609375 0.5234375 0.078125 0.065625
7 0.4953125 0.5359375 0.0671875 0.0828125
7 0.4875 0.5890625 0.0546875 0.0734375
7 0.571875 0.6578125 0.0484375 0.1125
7 0.525 0.7578125 0.065625 0.109375
7 0.4578125 0.6484375 0.0578125 0.0984375
7 0.4390625 0.54375 0.0578125 0.096875
7 0.3109375 0.675 0.078125 0.1
7 0.2265625 0.75 0.0828125 0.0875
7 0.36875 0.79375 0.075 0.11875
7 0.3 0.4796875 0.0921875 0.05
7 0.2390625 0.403125 0.0734375 0.0625
7 0.3125 0.384375 0.0765625 0.09375
7 0.340625 0.2875 0.0484375 0.0703125
7 0.4296875 0.2453125 0.0625 0.0828125
7 0.496875 0.2375 0.0828125 0.0640625
7 0.6046875 0.2734375 0.0671875 0.0625
7 0.5578125 0.26875 0.075 0.08125
7 0.4890625 0.3453125 0.028125 0.0703125
7 0.546875 0.3625 0.090625 0.053125
7 0.4921875 0.421875 0.078125 0.0625
7 0.43125 0.415625 0.040625 0.096875
7 0.3828125 0.4359375 0.0453125 0.09375
7 0.55 0.4359375 0.078125 0.0890625
7 0.7265625 0.41875 0.065625 0.0796875
7 0.8515625 0.3703125 0.053125 0.0875
7 0.84375 0.16875 0.0640625 0.08125
7 0.3375 0.1796875 0.078125 0.0671875
7 0.434375 0.1609375 0.075 0.0359375
7 0.578125 0.15 0.1359375 0.0515625
7 0.775 0.959375 0.1265625 0.0796875
7 0.525 0.9671875 0.065625 0.065625
7 0.225 0.9765625 0.0828125 0.046875
7 0.36875 0.946875 0.075 0.10625
7 0.4296875 0.021875 0.0625 0.04375
7 0.4953125 0.021875 0.0828125 0.04375
7 0.5578125 0.0109375 0.075 0.021875
7 0.84375 0.08125 0.0640625 0.08125
7 0.3375 0.0703125 0.078125 0.0671875
7 0.434375 0.0890625 0.075 0.0359375
7 0.578125 0.1 0.1359375 0.0515625