9 0.434375 0.575 0.1078125 0.103125
9 0.2796875 0.4625 0.1375 0.0625
9 0.3875 0.4015625 0.084375 0.1078125
9 0.4296875 0.3046875 0.11875 0.05
9 0.3921875 0.2671875 0.0984375 0.0734375
9 0.303125 0.221875 0.1203125 0.0671875
9 0.290625 0.3078125 0.0828125 0.1015625
9 0.1921875 0.30625 0.0890625 0.084375
9 0.15 0.2046875 0.08125 0.0625
9 0.2625 0.1390625 0.0921875 0.0671875
9 0.0984375 0.1125 0.115625 0.06875
9 0.04375 0.2078125 0.0875 0.0796875
9 0.075 0.3015625 0.11875 0.0890625
9 0.1671875 0.3875 0.10625 0.1140625
9 0.0453125 0.403125 0.0875 0.059375
9 0.0375 0.5140625 0.05625 0.0953125
9 0.103125 0.58125 0.0953125 0.08125
9 0.2109375 0.5765625 0.075 0.09375
9 0.1890625 0.703125 0.1 0.1265625
9 0.328125 0.740625 0.134375 0.075
9 0.4 0.909375 0.08125 0.04375
9 0.225 0.896875 0.146875 0.0671875
9 0.15 0.8375 0.13125 0.09375
9 0.0265625 0.7359375 0.053125 0.090625
9 0.021875 0.8984375 0.04375 0.0640625
9 0.5828125 0.5859375 0.09375 0.0859375
9 0.6421875 0.609375 0.078125 0.1421875
9 0.7640625 0.5875 0.13125 0.0609375
9 0.8578125 0.61875 0.125 0.1125
9 0.70625 0.740625 0.125 0.10625
9 0.5875 0.775 0.078125 0.090625
9 0.5421875 0.7328125 0.1015625 0.1171875
9 0.5203125 0.8859375 0.1453125 0.0890625
9 0.715625 0.85625 0.1703125 0.075
9 0.7703125 0.78125 0.103125 0.06875
9 0.85625 0.80625 0.0921875 0.128125
9 0.9515625 0.834375 0.09375 0.0890625
9 0.9390625 0.7265625 0.1203125 0.0890625
9 0.90625 0.65625 0.0765625 0.1
9 0.8625 0.48125 0.1 0.096875
9 0.85 0.4 0.0828125 0.0875
9 0.7296875 0.3890625 0.075 0.1125
9 0.725 0.453125 0.0953125 0.0625
9 0.6328125 0.5046875 0.0625 0.1328125
9 0.5796875 0.5015625 0.053125 0.1
9 0.521875 0.490625 0.0859375 0.0703125
9 0.521875 0.4140625 0.08125 0.05625
9 0.54375 0.3390625 0.13125 0.06875
9 0.625 0.215625 0.1234375 0.059375
9 0.675 0.121875 0.1140625 0.046875
9 0.6453125 0.084375 0.125 0.0375
9 0.903125 0.0796875 0.1140625 0.0296875
9 0.9171875 0.2140625 0.1125 0.0703125
9 0.9875 0.2984375 0.025 0.078125
9 0.75625 0.2953125 0.140625 0.0703125
9 0.2609375 0.0125 0.0921875 0.025
9 0.0984375 0.0265625 0.115625 0.053125
9 0.4 0.953125 0.08125 0.04375
9 0.225 0.965625 0.146875 0.0671875
9 0.15 0.9890625 0.13125 0.021875
9 0.021875 0.9640625 0.04375 0.0640625
9 0.51875 0.965625 0.1453125 0.06875
9 0.7140625 0.984375 0.1703125 0.03125
9 0.67265625 0.015625 0.1140625 0.03125
9 0.6453125 0.046875 0.125 0.0375
9 0.903125 0.0515625 0.1140625 0.0296875