7 0.546875 0.415625 0.140625 0.1078125
7 0.51875 0.509375 0.140625 0.1328125
7 0.3359375 0.5046875 0.1578125 0.140625
7 0.2046875 0.571875 0.121875 0.1921875
7 0.1265625 0.496875 0.1765625 0.159375
7 0.06875 0.71875 0.1375 0.165625
7 0.265625 0.6953125 0.1703125 0.153125
7 0.5578125 0.8390625 0.140625 0.06875
7 0.5953125 0.5734375 0.1609375 0.1265625
7 0.6296875 0.4734375 0.1125 0.1203125
7 0.7046875 0.390625 0.184375 0.0953125
7 0.8328125 0.265625 0.13125 0.16875
7 0.93125 0.4296875 0.134375 0.1078125
7 0.6265625 0.203125 0.140625 0.1578125
7 0.06875 0.9734375 0.1375 0.0515625
7 0.5578125 0.9109375 0.140625 0.06875
7 0.8328125 0.034375 0.13125 0.06875
7 0.6265625 0.0625 0.140625 0.125