6 0.315625 0.515625 0.1890625 0.1671875
6 0.41875 0.428125 0.1328125 0.1171875
6 0.5671875 0.3734375 0.128125 0.0953125
6 0.75625 0.3546875 0.1578125 0.1203125
6 0.6609375 0.503125 0.1671875 0.109375
6 0.5421875 0.475 0.1640625 0.134375
6 0.55625 0.74375 0.16875 0.071875
6 0.3140625 0.98125 0.1890625 0.0375
6 0.415625 0.0328125 0.1328125 0.065625
6 0.5671875 0.0640625 0.128125 0.0953125
6 0.75625 0.0828125 0.1578125 0.1203125
6 0.5390625 0.0140625 0.1640625 0.028125
6 0.55625 0.81875 0.16875 0.071875