6 0.8578125 0.578125 0.10625 0.0875
6 0.421875 0.5875 0.121875 0.08125
6 0.5 0.484375 0.1390625 0.0828125
6 0.421875 0.2953125 0.1421875 0.121875
6 0.2203125 0.4390625 0.0921875 0.1078125
6 0.18125 0.5359375 0.11875 0.0625
6 0.075 0.515625 0.09375 0.0671875
6 0.0875 0.5828125 0.071875 0.0828125
6 0.134375 0.7421875 0.1015625 0.0859375
6 0.2453125 0.5734375 0.0546875 0.134375
6 0.04375 0.25625 0.0875 0.0796875
6 0.6765625 0.6171875 0.078125 0.1109375
6 0.7015625 0.65625 0.0765625 0.0875
6 0.85625 0.73125 0.065625 0.096875
6 0.940625 0.725 0.0875 0.103125
6 0.8296875 0.4375 0.0765625 0.109375
6 0.54375 0.3734375 0.0578125 0.078125
6 0.6953125 0.41875 0.10625 0.209375
6 0.8578125 0.975 0.10625 0.05
6 0.421875 0.971875 0.121875 0.05625
6 0.421875 0.1296875 0.1421875 0.121875
6 0.2171875 0.01875 0.0921875 0.0375
6 0.0875 0.9734375 0.071875 0.053125
6 0.134375 0.8296875 0.1015625 0.0859375
6 0.24375 0.965625 0.0546875 0.06875
6 0.04375 0.165625 0.0875 0.0796875
6 0.6765625 0.9484375 0.078125 0.1015625
6 0.7015625 0.915625 0.0765625 0.0875
6 0.85625 0.840625 0.065625 0.096875
6 0.940625 0.846875 0.0875 0.103125
6 0.8265625 0.0203125 0.0765625 0.040625
6 0.54375 0.0515625 0.0578125 0.078125
6 0.6953125 0.0546875 0.10625 0.109375