6 0.475 0.3453125 0.184375 0.25625
6 0.653125 0.4359375 0.1328125 0.2375
6 0.7671875 0.540625 0.15 0.1890625
6 0.9046875 0.65 0.125 0.246875
6 0.69375 0.76875 0.1375 0.125
6 0.58125 0.6796875 0.15 0.2015625
6 0.45625 0.5765625 0.18125 0.21875
6 0.30625 0.3984375 0.1296875 0.2171875
6 0.1390625 0.35625 0.146875 0.2546875
6 0.1796875 0.6078125 0.178125 0.1890625
6 0.275 0.5859375 0.1109375 0.178125
6 0.278125 0.6953125 0.2 0.0875
6 0.14375 0.7859375 0.2421875 0.0921875
6 0.384375 0.784375 0.1390625 0.09375
6 0.759375 0.2296875 0.14375 0.1296875
6 0.55625 0.2046875 0.14375 0.078125
6 0.0546875 0.2859375 0.109375 0.121875
6 0.475 0.05625 0.184375 0.1125
6 0.9046875 0.9453125 0.125 0.1078125
6 0.69375 0.896875 0.1375 0.125
6 0.58125 0.9421875 0.15 0.115625
6 0.1390625 0.05 0.146875 0.1
6 0.278125 0.9625 0.2 0.0734375
6 0.14375 0.8796875 0.2421875 0.0921875
6 0.384375 0.88125 0.1390625 0.09375
6 0.759375 0.1015625 0.14375 0.1296875
6 0.55625 0.1265625 0.14375 0.078125
6 0.0546875 0.053125 0.109375 0.10625