7 0.3453125 0.5875 0.0484375 0.08125
7 0.3125 0.3953125 0.103125 0.053125
7 0.278125 0.2875 0.0578125 0.0953125
7 0.1828125 0.290625 0.0578125 0.078125
7 0.121875 0.221875 0.075 0.0484375
7 0.071875 0.73125 0.1109375 0.0390625
7 0.3546875 0.6828125 0.0453125 0.078125
7 0.425 0.784375 0.05625 0.0890625
7 0.5046875 0.640625 0.0484375 0.053125
7 0.440625 0.6 0.0484375 0.0640625
7 0.5390625 0.5578125 0.075 0.0609375
7 0.640625 0.5640625 0.0640625 0.071875
7 0.5828125 0.621875 0.0578125 0.040625
7 0.49375 0.5078125 0.0578125 0.0375
7 0.609375 0.4375 0.06875 0.040625
7 0.815625 0.334375 0.078125 0.053125
7 0.84375 0.775 0.05 0.08125
7 0.4 0.4109375 0.0859375 0.0703125
7 0.121875 0.028125 0.075 0.0484375
7 0.425 0.959375 0.05625 0.0796875
7 0.84375 0.9671875 0.05 0.065625