7 0.2859375 0.365625 0.1125 0.1
7 0.346875 0.3875 0.0953125 0.0671875
7 0.3390625 0.428125 0.15 0.0578125
7 0.25 0.459375 0.1390625 0.0734375
7 0.1421875 0.58125 0.15 0.053125
7 0.1640625 0.6453125 0.1234375 0.1328125
7 0.065625 0.6796875 0.13125 0.11875
7 0.3328125 0.740625 0.1609375 0.096875
7 0.396875 0.615625 0.128125 0.0875
7 0.525 0.65625 0.1578125 0.075
7 0.5578125 0.5390625 0.15 0.075
7 0.5 0.4953125 0.0859375 0.0875
7 0.4234375 0.4421875 0.0921875 0.0875
7 0.509375 0.38125 0.1 0.075
7 0.64375 0.29375 0.1296875 0.1125
7 0.85 0.5 0.1875 0.1203125
7 0.33125 0.9796875 0.1609375 0.0390625