7 0.409375 0.478125 0.10625 0.1625
7 0.7078125 0.4875 0.1921875 0.14375
7 0.6078125 0.71875 0.0875 0.1359375
7 0.50625 0.7140625 0.1328125 0.1203125
7 0.390625 0.7875 0.096875 0.0859375
7 0.1609375 0.7578125 0.1 0.115625
7 0.103125 0.6921875 0.1359375 0.09375
7 0.75625 0.6671875 0.1625 0.1203125
7 0.9140625 0.725 0.0890625 0.1
7 0.6078125 0.9421875 0.0875 0.1140625
7 0.5046875 0.9484375 0.1328125 0.1015625
7 0.390625 0.8859375 0.096875 0.0859375
7 0.1609375 0.915625 0.1 0.115625
7 0.1015625 0.9671875 0.1359375 0.065625
7 0.75625 0.971875 0.1625 0.0546875
7 0.9140625 0.9484375 0.0890625 0.1