7 0.4921875 0.35625 0.0859375 0.06875
7 0.4875 0.2125 0.078125 0.0828125
7 0.41875 0.3375 0.0609375 0.0703125
7 0.38125 0.3953125 0.0546875 0.0515625
7 0.4515625 0.4078125 0.0796875 0.0765625
7 0.415625 0.4765625 0.1046875 0.06875
7 0.4390625 0.5421875 0.06875 0.0984375
7 0.3515625 0.5734375 0.0640625 0.0890625
7 0.3359375 0.484375 0.040625 0.0765625
7 0.2984375 0.63125 0.06875 0.0734375
7 0.3703125 0.6578125 0.071875 0.0625
7 0.325 0.728125 0.090625 0.0515625
7 0.2234375 0.696875 0.0890625 0.0734375
7 0.2390625 0.7796875 0.0921875 0.059375
7 0.1921875 0.7625 0.0703125 0.059375
7 0.565625 0.65 0.0734375 0.0671875
7 0.6421875 0.6296875 0.0703125 0.0703125
7 0.7046875 0.58125 0.059375 0.075
7 0.7078125 0.7734375 0.1015625 0.0734375
7 0.4875 0.11875 0.078125 0.0828125
7 0.4171875 0.0140625 0.0609375 0.028125
7 0.3703125 0.9875 0.071875 0.025
7 0.325 0.9359375 0.090625 0.0515625
7 0.221875 0.9640625 0.0890625 0.0703125
7 0.2390625 0.884375 0.0921875 0.059375
7 0.1921875 0.9015625 0.0703125 0.059375
7 0.5640625 0.9890625 0.0734375 0.0203125
7 0.7078125 0.890625 0.1015625 0.0734375