7 0.3 0.5234375 0.11875 0.071875
7 0.3640625 0.6046875 0.0921875 0.1171875
7 0.4984375 0.6171875 0.115625 0.096875
7 0.6421875 0.7 0.125 0.1109375
7 0.578125 0.5078125 0.078125 0.1078125
7 0.525 0.409375 0.09375 0.0828125
7 0.453125 0.4453125 0.0875 0.078125
7 0.421875 0.39375 0.0765625 0.084375
7 0.453125 0.3328125 0.09375 0.09375
7 0.6828125 0.271875 0.125 0.1265625
7 0.490625 0.190625 0.084375 0.0671875
7 0.1078125 0.2359375 0.140625 0.078125
7 0.2203125 0.2390625 0.11875 0.059375
7 0.6421875 0.96875 0.125 0.0609375
7 0.6828125 0.046875 0.125 0.09375
7 0.490625 0.1125 0.084375 0.0671875
7 0.1078125 0.0671875 0.140625 0.078125
7 0.2203125 0.0640625 0.11875 0.059375