9 0.50625 0.40625 0.1890625 0.1609375
9 0.3203125 0.490625 0.1140625 0.1703125
9 0.7359375 0.28125 0.1359375 0.1359375
9 0.73125 0.1390625 0.128125 0.075
9 0.328125 0.375 0.165625 0.1109375
9 0.2 0.51875 0.103125 0.0796875
9 0.0546875 0.6546875 0.109375 0.084375
9 0.26875 0.7171875 0.178125 0.0796875
9 0.45625 0.565625 0.109375 0.178125
9 0.4671875 0.671875 0.1296875 0.140625
9 0.51875 0.5921875 0.109375 0.140625
9 0.303125 0.759375 0.121875 0.1109375
9 0.390625 0.684375 0.071875 0.1359375
9 0.078125 0.8125 0.15625 0.13125
9 0.1953125 0.8640625 0.14375 0.0609375
9 0.73125 0.0640625 0.128125 0.075
9 0.303125 0.9875 0.121875 0.0234375
9 0.078125 0.95625 0.15625 0.0859375
9 0.1953125 0.928125 0.14375 0.0609375