7 0.5234375 0.48125 0.1953125 0.153125
7 0.5953125 0.628125 0.2484375 0.1015625
7 0.5265625 0.74375 0.1671875 0.1734375
7 0.3421875 0.7828125 0.153125 0.0953125
7 0.19375 0.7203125 0.196875 0.1625
7 0.0453125 0.36875 0.090625 0.15
7 0.390625 0.3609375 0.109375 0.15625
7 0.3234375 0.271875 0.15 0.10625
7 0.478125 0.2203125 0.1078125 0.109375
7 0.628125 0.290625 0.1640625 0.134375
7 0.8265625 0.315625 0.19375 0.125
7 0.915625 0.43125 0.134375 0.171875
7 0.7578125 0.4609375 0.1734375 0.159375
7 0.8140625 0.590625 0.1421875 0.10625
7 0.89375 0.7609375 0.128125 0.1390625
7 0.8 0.209375 0.14375 0.0890625
7 0.6453125 0.2015625 0.134375 0.071875
7 0.33125 0.190625 0.1125 0.0515625
7 0.525 0.915625 0.1671875 0.16875
7 0.3421875 0.8796875 0.153125 0.0953125
7 0.19375 0.9296875 0.196875 0.1390625
7 0.0453125 0.01875 0.090625 0.0375
7 0.390625 0.0234375 0.109375 0.046875
7 0.3234375 0.059375 0.15 0.10625
7 0.478125 0.1109375 0.1078125 0.109375
7 0.62578125 0.053125 0.1640625 0.10625
7 0.8265625 0.0390625 0.19375 0.078125
7 0.89375 0.9015625 0.128125 0.1390625
7 0.8 0.121875 0.14375 0.0890625
7 0.6453125 0.1296875 0.134375 0.071875
7 0.33125 0.140625 0.1125 0.0515625