7 0.4828125 0.509375 0.1125 0.1015625
7 0.371875 0.453125 0.11875 0.0625
7 0.1515625 0.475 0.1171875 0.0703125
7 0.071875 0.54375 0.1171875 0.06875
7 0.0765625 0.621875 0.10625 0.06875
7 0.2453125 0.5890625 0.1421875 0.084375
7 0.278125 0.7046875 0.125 0.09375
7 0.1609375 0.775 0.06875 0.1140625
7 0.4515625 0.6734375 0.078125 0.1015625
7 0.5359375 0.5609375 0.1140625 0.096875
7 0.75625 0.571875 0.1140625 0.096875
7 0.8828125 0.6765625 0.1359375 0.0921875
7 0.7421875 0.74375 0.0859375 0.134375
7 0.84375 0.4203125 0.121875 0.0953125
7 0.9375 0.3078125 0.121875 0.0671875
7 0.875 0.2921875 0.109375 0.071875
7 0.740625 0.303125 0.0875 0.0921875
7 0.6734375 0.29375 0.08125 0.0921875
7 0.734375 0.36875 0.1125 0.0578125
7 0.6171875 0.396875 0.1125 0.0671875
7 0.4 0.234375 0.134375 0.0890625
7 0.3640625 0.2875 0.08125 0.0953125
7 0.240625 0.203125 0.1140625 0.0765625
7 0.078125 0.259375 0.1 0.071875
7 0.025 0.1890625 0.05 0.046875
7 0.278125 0.95625 0.125 0.0859375
7 0.1609375 0.890625 0.06875 0.1140625
7 0.4515625 0.9703125 0.078125 0.059375
7 0.88125 0.9703125 0.1359375 0.0578125
7 0.7421875 0.921875 0.0859375 0.134375
7 0.9375 0.028125 0.121875 0.05625
7 0.875 0.0390625 0.109375 0.071875
7 0.740625 0.0359375 0.0875 0.071875
7 0.6734375 0.040625 0.08125 0.08125
7 0.4 0.096875 0.134375 0.0890625
7 0.3640625 0.0453125 0.08125 0.090625
7 0.240625 0.128125 0.1140625 0.0765625
7 0.078125 0.071875 0.1 0.071875
7 0.025 0.1421875 0.05 0.046875