7 0.78125 0.453125 0.0640625 0.05625
7 0.9 0.4890625 0.04375 0.0640625
7 0.9609375 0.515625 0.025 0.0515625
7 0.890625 0.209375 0.0609375 0.046875
7 0.6890625 0.203125 0.0453125 0.0296875
7 0.675 0.2546875 0.0546875 0.034375
7 0.5734375 0.1984375 0.0421875 0.025
7 0.5234375 0.309375 0.0296875 0.0390625
7 0.50625 0.278125 0.034375 0.03125
7 0.475 0.2484375 0.0390625 0.03125
7 0.4375 0.2640625 0.040625 0.028125
7 0.4625 0.309375 0.046875 0.0640625
7 0.4140625 0.25 0.0375 0.053125
7 0.375 0.2421875 0.03125 0.05
7 0.3234375 0.2046875 0.05 0.034375
7 0.3140625 0.240625 0.0296875 0.03125
7 0.3078125 0.284375 0.034375 0.0421875
7 0.29375 0.2359375 0.025 0.0453125
7 0.3515625 0.3640625 0.0453125 0.059375
7 0.3140625 0.409375 0.0296875 0.046875
7 0.315625 0.475 0.053125 0.065625
7 0.3484375 0.515625 0.0421875 0.0375
7 0.4 0.496875 0.0546875 0.034375
7 0.4390625 0.5109375 0.0296875 0.046875
7 0.465625 0.5046875 0.025 0.046875
7 0.50625 0.515625 0.05625 0.0375
7 0.5078125 0.4671875 0.0421875 0.034375
7 0.528125 0.4140625 0.046875 0.03125
7 0.5984375 0.446875 0.025 0.0421875
7 0.559375 0.490625 0.0296875 0.0375
7 0.75 0.55 0.05 0.046875
7 0.7765625 0.6859375 0.0671875 0.053125
7 0.5984375 0.7046875 0.0640625 0.059375
7 0.53125 0.6546875 0.0625 0.0359375
7 0.5421875 0.575 0.034375 0.0296875
7 0.5640625 0.5421875 0.0171875 0.0546875
7 0.58125 0.5640625 0.0328125 0.05
7 0.5046875 0.5828125 0.040625 0.05625
7 0.4640625 0.5875 0.0421875 0.05
7 0.428125 0.5515625 0.04375 0.0328125
7 0.4171875 0.5921875 0.0390625 0.0359375
7 0.3984375 0.61875 0.0421875 0.0375
7 0.409375 0.6671875 0.0421875 0.04375
7 0.41875 0.715625 0.0484375 0.046875
7 0.3734375 0.6375 0.0265625 0.05625
7 0.353125 0.5875 0.04375 0.034375
7 0.325 0.56875 0.0234375 0.0421875
7 0.3265625 0.6390625 0.05 0.046875
7 0.24375 0.6578125 0.0296875 0.05
7 0.2171875 0.621875 0.034375 0.03125
7 0.1625 0.559375 0.046875 0.046875
7 0.2015625 0.534375 0.03125 0.0515625
7 0.1265625 0.46875 0.0359375 0.04375
7 0.128125 0.63125 0.04375 0.05625
7 0.1078125 0.571875 0.028125 0.0640625
7 0.1109375 0.7453125 0.05 0.0671875
7 0.0953125 0.653125 0.05 0.0453125
7 0.1203125 0.7921875 0.0515625 0.0375
7 0.071875 0.796875 0.0390625 0.0296875
7 0.2140625 0.7296875 0.0390625 0.0515625
7 0.2 0.6703125 0.0390625 0.0296875
7 0.28125 0.5734375 0.034375 0.04375
7 0.2609375 0.4921875 0.0296875 0.0390625
7 0.2609375 0.3875 0.0375 0.0390625
7 0.0734375 0.2921875 0.0578125 0.0296875
7 0.0515625 0.5078125 0.0515625 0.0671875
7 0.05625 0.678125 0.04375 0.04375
7 0.05625 0.5828125 0.0296875 0.059375
7 0.2734375 0.425 0.05 0.021875
7 0.26875 0.4515625 0.0390625 0.025
7 0.890625 0.1625 0.0609375 0.046875
7 0.6890625 0.16875 0.0453125 0.0296875
7 0.675 0.1171875 0.0546875 0.034375
7 0.5734375 0.1734375 0.0421875 0.025
7 0.5234375 0.0625 0.0296875 0.0390625
7 0.50625 0.09375 0.034375 0.03125
7 0.475 0.1234375 0.0390625 0.03125
7 0.4375 0.1078125 0.040625 0.028125
7 0.4625 0.0625 0.046875 0.0640625
7 0.4140625 0.121875 0.0375 0.053125
7 0.375 0.1296875 0.03125 0.05
7 0.3234375 0.1671875 0.05 0.034375
7 0.3140625 0.13125 0.0296875 0.03125
7 0.3078125 0.0875 0.034375 0.0421875
7 0.29375 0.1359375 0.025 0.0453125
7 0.35 0.01875 0.0453125 0.0375
7 0.7765625 0.9375 0.0671875 0.053125
7 0.5984375 0.91875 0.0640625 0.059375
7 0.53125 0.96875 0.0625 0.0359375
7 0.396875 0.9921875 0.0421875 0.0140625
7 0.409375 0.95625 0.0421875 0.04375
7 0.41875 0.9078125 0.0484375 0.046875
7 0.371875 0.978125 0.0265625 0.0421875
7 0.3265625 0.9796875 0.05 0.0390625
7 0.24375 0.965625 0.0296875 0.05
7 0.2171875 0.9921875 0.034375 0.0140625
7 0.128125 0.98125 0.04375 0.0359375
7 0.1109375 0.878125 0.05 0.0671875
7 0.0953125 0.9703125 0.05 0.0453125
7 0.1203125 0.83125 0.0515625 0.0375
7 0.071875 0.8265625 0.0390625 0.0296875
7 0.2140625 0.89375 0.0390625 0.0515625
7 0.2 0.953125 0.0390625 0.0296875
7 0.0734375 0.0796875 0.0578125 0.0296875
7 0.05625 0.9453125 0.04375 0.04375