9 0.146875 0.7203125 0.090625 0.146875
9 0.2125 0.4796875 0.0859375 0.1
9 0.221875 0.5921875 0.084375 0.1203125
9 0.2046875 0.84375 0.1109375 0.0625
9 0.4625 0.76875 0.1078125 0.0921875
9 0.5703125 0.55 0.1109375 0.140625
9 0.3609375 0.4859375 0.1578125 0.075
9 0.3890625 0.3375 0.078125 0.0984375
9 0.49375 0.3828125 0.09375 0.128125
9 0.3015625 0.3265625 0.0984375 0.0953125
9 0.49375 0.246875 0.075 0.0953125
9 0.6359375 0.18125 0.1046875 0.090625
9 0.790625 0.2578125 0.065625 0.0953125
9 0.603125 0.321875 0.053125 0.078125
9 0.6859375 0.4 0.0640625 0.0875
9 0.85625 0.403125 0.1046875 0.0796875
9 0.9609375 0.3625 0.075 0.0765625
9 0.83125 0.5265625 0.0671875 0.128125
9 0.7484375 0.6046875 0.04375 0.134375
9 0.7125 0.671875 0.075 0.1125
9 0.6703125 0.521875 0.0890625 0.1203125
9 0.675 0.3171875 0.065625 0.0796875
9 0.7234375 0.3171875 0.0859375 0.078125
9 0.3890625 0.225 0.1125 0.0625
9 0.5328125 0.303125 0.09375 0.1
9 0.2328125 0.7375 0.065625 0.075
9 0.7 0.8015625 0.09375 0.103125
9 0.8 0.7265625 0.1234375 0.0703125
9 0.146875 0.978125 0.090625 0.04375
9 0.2046875 0.90625 0.1109375 0.0625
9 0.4609375 0.9671875 0.1078125 0.065625
9 0.49375 0.025 0.075 0.05
9 0.6359375 0.06875 0.1046875 0.090625
9 0.790625 0.01875 0.065625 0.0375
9 0.3890625 0.028125 0.1125 0.05625
9 0.2328125 0.9875 0.065625 0.025
9 0.7 0.9484375 0.09375 0.103125