7 0.6515625 0.41875 0.078125 0.1140625
7 0.7703125 0.35 0.11875 0.075
7 0.884375 0.3265625 0.0765625 0.0765625
7 0.8765625 0.4109375 0.096875 0.08125
7 0.76875 0.4375 0.096875 0.071875
7 0.54375 0.5 0.109375 0.05625
7 0.5046875 0.4421875 0.078125 0.075
7 0.4609375 0.5375 0.05625 0.1046875
7 0.415625 0.5203125 0.0734375 0.0640625
7 0.4765625 0.6140625 0.078125 0.075
7 0.5421875 0.5625 0.0546875 0.0578125
7 0.6515625 0.0375 0.078125 0.075
7 0.7703125 0.0875 0.11875 0.075
7 0.884375 0.1109375 0.0765625 0.0765625
7 0.8765625 0.0328125 0.096875 0.065625
7 0.76875 0.0171875 0.096875 0.034375
7 0.5046875 0.015625 0.078125 0.03125
7 0.4609375 0.9859375 0.05625 0.028125
7 0.4765625 0.9484375 0.078125 0.075
7 0.540625 0.984375 0.0546875 0.0296875