7 0.6546875 0.446875 0.0859375 0.10625
7 0.43125 0.2765625 0.11875 0.096875
7 0.515625 0.1578125 0.1546875 0.065625
7 0.4328125 0.6328125 0.0765625 0.121875
7 0.5828125 0.64375 0.075 0.1109375
7 0.865625 0.5328125 0.09375 0.103125
7 0.8734375 0.39375 0.1109375 0.0921875
7 0.796875 0.1609375 0.078125 0.06875
7 0.6171875 0.1421875 0.0875 0.034375
7 0.86875 0.175 0.10625 0.075
7 0.053125 0.728125 0.0859375 0.1234375
7 0.571875 0.8109375 0.1171875 0.128125
7 0.7359375 0.846875 0.1265625 0.0546875
7 0.775 0.6984375 0.0828125 0.1015625
7 0.859375 0.678125 0.096875 0.121875
7 0.9421875 0.70625 0.01875 0.125
7 0.9828125 0.7125 0.03125 0.078125
7 0.8859375 0.8046875 0.11875 0.0734375
7 0.575 0.2390625 0.0875 0.0734375
7 0.43125 0.0109375 0.11875 0.021875
7 0.515625 0.0921875 0.1546875 0.065625
7 0.796875 0.0890625 0.078125 0.06875
7 0.6171875 0.1078125 0.0875 0.034375
7 0.86875 0.075 0.10625 0.075
7 0.0515625 0.9796875 0.0859375 0.040625
7 0.5703125 0.9375 0.1171875 0.125
7 0.7359375 0.903125 0.1265625 0.0546875
7 0.8859375 0.9453125 0.11875 0.0734375
7 0.575 0.0234375 0.0875 0.046875