9 0.45625 0.515625 0.2578125 0.3375
9 0.2703125 0.428125 0.3 0.34375
9 0.1875 0.334375 0.2140625 0.3328125
9 0.5890625 0.246875 0.2109375 0.20625
9 0.7140625 0.334375 0.2109375 0.3546875
9 0.690625 0.6 0.2734375 0.19375
9 0.8890625 0.5109375 0.2203125 0.2234375
9 0.84375 0.6921875 0.309375 0.153125
9 0.384375 0.7265625 0.296875 0.1125
9 0.09375 0.678125 0.1875 0.140625
9 0.1859375 0.059375 0.2140625 0.11875
9 0.5875 0.071875 0.2109375 0.14375
9 0.71171875 0.0640625 0.2109375 0.128125
9 0.84375 0.9703125 0.309375 0.059375
9 0.384375 0.9625 0.296875 0.0734375
9 0.09375 0.9796875 0.1875 0.0390625