7 0.4296875 0.41875 0.19375 0.1953125
7 0.596875 0.375 0.1796875 0.175
7 0.7765625 0.3359375 0.165625 0.20625
7 0.909375 0.43125 0.1625 0.175
7 0.7546875 0.71875 0.19375 0.140625
7 0.91875 0.8046875 0.14375 0.1421875
7 0.940625 0.9140625 0.1 0.1703125
7 0.4296875 0.8703125 0.096875 0.1703125
7 0.3828125 0.6703125 0.225 0.125
7 0.165625 0.5703125 0.1390625 0.165625
7 0.184375 0.7984375 0.1375 0.2296875
7 0.1578125 0.39375 0.11875 0.190625
7 0.2921875 0.165625 0.1125 0.1984375
7 0.4328125 0.1609375 0.13125 0.1984375
7 0.58125 0.1328125 0.1375 0.2265625