7 0.35 0.4609375 0.2328125 0.15625
7 0.1015625 0.3296875 0.1921875 0.2203125
7 0.5828125 0.3484375 0.1203125 0.1625
7 0.6171875 0.2265625 0.1609375 0.159375
7 0.78125 0.2390625 0.109375 0.184375
7 0.8171875 0.53125 0.24375 0.121875
7 0.5890625 0.54375 0.18125 0.1484375
7 0.6984375 0.6859375 0.2984375 0.153125
7 0.9046875 0.728125 0.1890625 0.21875
7 0.1609375 0.803125 0.1640625 0.09375
7 0.09921875 0.0359375 0.1921875 0.071875
7 0.615625 0.0734375 0.1609375 0.146875
7 0.78125 0.0734375 0.109375 0.146875
7 0.696875 0.96875 0.2984375 0.0625
7 0.903125 0.93125 0.1890625 0.1375
7 0.1609375 0.896875 0.1640625 0.09375