7 0.425 0.5359375 0.125 0.0703125
7 0.45 0.6390625 0.08125 0.1109375
7 0.3828125 0.65625 0.1078125 0.059375
7 0.1390625 0.65625 0.1109375 0.0875
7 0.271875 0.4015625 0.09375 0.1125
7 0.3578125 0.353125 0.075 0.0765625
7 0.4828125 0.2125 0.09375 0.05625
7 0.5671875 0.3640625 0.090625 0.08125
7 0.5609375 0.4140625 0.084375 0.078125
7 0.59375 0.475 0.1015625 0.109375
7 0.6734375 0.54375 0.125 0.078125
7 0.7734375 0.4421875 0.090625 0.115625
7 0.9578125 0.3578125 0.0828125 0.0515625
7 0.984375 0.428125 0.028125 0.0890625
7 0.3984375 0.4421875 0.071875 0.06875
7 0.45 0.9640625 0.08125 0.0703125
7 0.3828125 0.96875 0.1078125 0.059375
7 0.1375 0.9625 0.1109375 0.075
7 0.271875 0.0109375 0.09375 0.021875
7 0.3578125 0.0265625 0.075 0.053125
7 0.4828125 0.15625 0.09375 0.05625
7 0.5671875 0.021875 0.090625 0.04375
7 0.95546875 0.0171875 0.0828125 0.034375