7 0.909375 0.4109375 0.128125 0.10625
7 0.8359375 0.278125 0.071875 0.125
7 0.7125 0.290625 0.096875 0.0796875
7 0.728125 0.3515625 0.1109375 0.0703125
7 0.590625 0.25 0.096875 0.128125
7 0.546875 0.3265625 0.0765625 0.0921875
7 0.5375 0.4203125 0.109375 0.125
7 0.634375 0.4171875 0.0890625 0.096875
7 0.684375 0.51875 0.075 0.0984375
7 0.7640625 0.4796875 0.153125 0.1015625
7 0.8703125 0.5703125 0.115625 0.13125
7 0.7796875 0.703125 0.125 0.1390625
7 0.6671875 0.7421875 0.1125 0.146875
7 0.6015625 0.6296875 0.1296875 0.059375
7 0.6015625 0.55 0.084375 0.109375
7 0.4640625 0.440625 0.115625 0.0796875
7 0.4015625 0.35 0.06875 0.08125
7 0.3359375 0.228125 0.15625 0.0859375
7 0.1484375 0.1828125 0.13125 0.0984375
7 0.0875 0.215625 0.140625 0.090625
7 0.0953125 0.26875 0.109375 0.0640625
7 0.1328125 0.3546875 0.1 0.096875
7 0.05 0.3171875 0.1 0.0671875
7 0.184375 0.3515625 0.103125 0.1046875
7 0.275 0.40625 0.09375 0.0875
7 0.3 0.334375 0.103125 0.071875
7 0.3765625 0.4375 0.0875 0.103125
7 0.315625 0.53125 0.14375 0.0625
7 0.184375 0.5265625 0.0859375 0.125
7 0.13125 0.4375 0.140625 0.071875
7 0.1 0.5984375 0.14375 0.10625
7 0.45 0.60625 0.10625 0.1015625
7 0.390625 0.75 0.1171875 0.1625
7 0.5234375 0.7671875 0.090625 0.13125
7 0.8375 0.8265625 0.10625 0.078125
7 0.4578125 0.525 0.140625 0.08125
7 0.8359375 0.025 0.071875 0.05
7 0.590625 0.0390625 0.096875 0.078125
7 0.7796875 0.9796875 0.125 0.040625
7 0.6671875 0.9578125 0.1125 0.0828125
7 0.3359375 0.0390625 0.15625 0.078125
7 0.1484375 0.0828125 0.13125 0.0984375
7 0.0875 0.05 0.140625 0.090625
7 0.0953125 0.0140625 0.109375 0.028125
7 0.3890625 0.95 0.1171875 0.0984375
7 0.5234375 0.95 0.090625 0.1
7 0.8375 0.90625 0.10625 0.078125