7 0.5 0.709375 0.0765625 0.075
7 0.484375 0.59375 0.1109375 0.0921875
7 0.5109375 0.4390625 0.059375 0.1078125
7 0.5546875 0.459375 0.0625 0.1125
7 0.521875 0.85 0.08125 0.084375
7 0.509375 0.953125 0.08125 0.075
7 0.3625 0.3109375 0.0515625 0.0953125
7 0.35 0.246875 0.0703125 0.0515625
7 0.4484375 0.2421875 0.053125 0.0625
7 0.440625 0.159375 0.06875 0.090625
7 0.4796875 0.334375 0.084375 0.08125
7 0.4609375 0.4140625 0.075 0.1125
7 0.4265625 0.340625 0.0515625 0.0984375
7 0.0171875 0.309375 0.034375 0.0953125
7 0.028125 0.2453125 0.05625 0.0515625