9 0.8078125 0.4859375 0.071875 0.065625
9 0.71875 0.4484375 0.0796875 0.05625
9 0.7109375 0.496875 0.0890625 0.0453125
9 0.696875 0.5296875 0.0546875 0.05625
9 0.6453125 0.5328125 0.0328125 0.0640625
9 0.603125 0.5484375 0.0546875 0.059375
9 0.546875 0.6484375 0.0796875 0.075
9 0.7359375 0.61875 0.096875 0.059375
9 0.8328125 0.5671875 0.0796875 0.0484375
9 0.3734375 0.6890625 0.1078125 0.075
9 0.1359375 0.4421875 0.065625 0.0609375
9 0.25625 0.4625 0.0625 0.0390625
9 0.234375 0.5203125 0.0765625 0.0453125
9 0.2984375 0.503125 0.0390625 0.0375
9 0.40625 0.565625 0.0796875 0.059375
9 0.3578125 0.625 0.078125 0.0390625
9 0.2515625 0.60625 0.0640625 0.053125
9 0.3234375 0.5890625 0.0484375 0.034375
9 0.5015625 0.5875 0.0921875 0.04375
9 0.45625 0.6171875 0.078125 0.05
9 0.5453125 0.96875 0.0796875 0.0625
9 0.7359375 0.9875 0.096875 0.025
9 0.3734375 0.934375 0.1078125 0.075
9 0.3578125 0.9890625 0.078125 0.021875
9 0.45625 0.990625 0.078125 0.01875