7 0.4109375 0.5859375 0.209375 0.1625
7 0.4953125 0.4140625 0.05 0.0671875
7 0.75 0.428125 0.2515625 0.103125
7 0.740625 0.3140625 0.1796875 0.1734375
7 0.8 0.36875 0.13125 0.11875
7 0.6359375 0.48125 0.1203125 0.10625
7 0.609375 0.4921875 0.0640625 0.0796875
7 0.528125 0.565625 0.1828125 0.1546875
7 0.60625 0.584375 0.1203125 0.1296875
7 0.665625 0.4703125 0.2140625 0.1234375
7 0.4109375 0.94375 0.209375 0.1125
7 0.4953125 0.03125 0.05 0.0625
7 0.74765625 0.0328125 0.2515625 0.065625
7 0.740625 0.1296875 0.1796875 0.1734375
7 0.8 0.075 0.13125 0.11875
7 0.5265625 0.9546875 0.1828125 0.0890625
7 0.6046875 0.9515625 0.1203125 0.0953125
7 0.6640625 0.0171875 0.2140625 0.034375