0 0.7125 0.4875 0.0375 0.0453125
0 0.60625 0.3375 0.053125 0.04375
0 0.6046875 0.5953125 0.053125 0.0296875
0 0.7515625 0.5328125 0.046875 0.0296875
0 0.4890625 0.809375 0.0359375 0.0375
0 0.74375 0.615625 0.0390625 0.046875
0 0.775 0.6515625 0.065625 0.0265625
0 0.571875 0.55 0.0328125 0.0296875
0 0.5453125 0.5828125 0.04375 0.034375
0 0.5140625 0.534375 0.034375 0.0296875
0 0.5 0.5015625 0.0375 0.0265625
0 0.4609375 0.478125 0.028125 0.0328125
0 0.44375 0.4609375 0.0359375 0.028125
0 0.30625 0.6078125 0.0296875 0.021875
0 0.6515625 0.53125 0.028125 0.021875
0 0.6625 0.5015625 0.021875 0.034375
0 0.61875 0.5125 0.0328125 0.0203125
0 0.590625 0.5078125 0.034375 0.0203125
0 0.553125 0.5 0.0265625 0.015625
0 0.546875 0.528125 0.0171875 0.0265625
0 0.559375 0.3640625 0.0359375 0.021875
0 0.5859375 0.390625 0.0203125 0.0296875
0 0.7484375 0.3921875 0.034375 0.0234375
0 0.8578125 0.4015625 0.021875 0.028125
0 0.878125 0.425 0.03125 0.021875
0 0.8875 0.353125 0.0234375 0.015625
0 0.70625 0.54375 0.025 0.015625
0 0.7796875 0.6015625 0.0234375 0.021875
0 0.359375 0.6171875 0.03125 0.021875
0 0.6484375 0.2484375 0.021875 0.0234375
0 0.4890625 0.940625 0.0359375 0.0375
0 0.6484375 0.00625 0.021875 0.0125