10 0.6390625 0.496875 0.2453125 0.38125
10 0.8546875 0.33125 0.225 0.2265625
10 0.3953125 0.28125 0.4203125 0.1265625
10 0.115625 0.3203125 0.165625 0.203125
10 0.1125 0.4796875 0.225 0.2984375
10 0.053125 0.6796875 0.10625 0.1046875
10 0.1375 0.746875 0.1296875 0.0671875
10 0.3390625 0.63125 0.2859375 0.2265625
10 0.3359375 0.4453125 0.3390625 0.15
10 0.753125 0.6796875 0.2640625 0.2
10 0.9359375 0.6546875 0.1265625 0.23125
10 0.6375 0.065625 0.2453125 0.13125
10 0.6375 0.9375 0.2453125 0.125
10 0.8546875 0.109375 0.225 0.21875
10 0.3953125 0.15625 0.4203125 0.1265625
10 0.115625 0.1171875 0.165625 0.203125
10 0.1125 0.053125 0.225 0.10625
10 0.1125 0.965625 0.225 0.0671875
10 0.053125 0.8796875 0.10625 0.1046875
10 0.1375 0.815625 0.1296875 0.0671875
10 0.3375 0.9078125 0.2859375 0.1828125
10 0.33359375 0.0328125 0.3390625 0.065625
10 0.753125 0.8828125 0.2640625 0.2
10 0.934375 0.8953125 0.1265625 0.2078125