9 0.575 0.5625 0.090625 0.1484375
9 0.25 0.540625 0.1984375 0.1171875
9 0.078125 0.41875 0.1296875 0.15625
9 0.1859375 0.278125 0.1578125 0.140625
9 0.490625 0.3765625 0.1015625 0.1296875
9 0.51875 0.303125 0.1171875 0.0875
9 0.5734375 0.2234375 0.0515625 0.1125
9 0.84375 0.315625 0.0953125 0.121875
9 0.95625 0.2671875 0.0765625 0.171875
9 0.2453125 0.7921875 0.121875 0.078125
9 0.7140625 0.6828125 0.121875 0.128125
9 0.690625 0.546875 0.1296875 0.15625
9 0.9453125 0.5921875 0.10625 0.1
9 0.796875 0.7859375 0.128125 0.0890625
9 0.1484375 0.6875 0.0921875 0.1328125
9 0.028125 0.6796875 0.05625 0.14375
9 0.0359375 0.7875 0.071875 0.0875
9 0.959375 0.3984375 0.078125 0.0703125
9 0.18359375 0.0625 0.1578125 0.125
9 0.5171875 0.0375 0.1171875 0.075
9 0.5734375 0.1109375 0.0515625 0.1125
9 0.84140625 0.0390625 0.0953125 0.078125
9 0.9546875 0.0765625 0.0765625 0.153125
9 0.2453125 0.871875 0.121875 0.078125
9 0.7140625 0.9578125 0.121875 0.0828125
9 0.796875 0.878125 0.128125 0.0890625
9 0.146875 0.9546875 0.0921875 0.090625
9 0.028125 0.95625 0.05625 0.0875
9 0.0359375 0.8765625 0.071875 0.0875