0 0.746875 0.525 0.090625 0.059375
0 0.759375 0.36875 0.0625 0.0640625
0 0.8125 0.3546875 0.05625 0.071875
0 0.4234375 0.45 0.0609375 0.0640625
0 0.646875 0.4875 0.046875 0.0546875
0 0.6078125 0.484375 0.0484375 0.053125
0 0.4234375 0.6703125 0.05625 0.04375
0 0.3625 0.646875 0.0453125 0.0484375
0 0.4046875 0.6453125 0.040625 0.0234375
0 0.5671875 0.50625 0.034375 0.040625
0 0.4625 0.5734375 0.05625 0.0546875
0 0.5265625 0.5078125 0.05625 0.0390625
0 0.284375 0.7265625 0.0390625 0.028125
0 0.746875 0.0078125 0.090625 0.015625
0 0.746875 0.9578125 0.090625 0.059375
0 0.759375 0.14375 0.0625 0.0640625
0 0.8125 0.1578125 0.05625 0.071875
0 0.4234375 0.0625 0.0609375 0.0640625
0 0.646875 0.025 0.046875 0.05
0 0.646875 0.9828125 0.046875 0.0328125
0 0.6078125 0.028125 0.0484375 0.053125
0 0.60625 0.9859375 0.0484375 0.028125
0 0.4234375 0.8125 0.05625 0.04375
0 0.3625 0.8359375 0.0453125 0.0484375
0 0.4046875 0.8375 0.040625 0.0234375
0 0.5671875 0.0125 0.034375 0.025
0 0.5671875 0.9765625 0.034375 0.040625
0 0.4625 0.909375 0.05625 0.0546875
0 0.5265625 0.0109375 0.05625 0.021875
0 0.5265625 0.975 0.05625 0.0390625
0 0.284375 0.75625 0.0390625 0.028125