10 0.403125 0.4265625 0.19375 0.1390625
10 0.6359375 0.325 0.209375 0.1390625
10 0.5953125 0.4453125 0.2375 0.0984375
10 0.5109375 0.525 0.2625 0.084375
10 0.55 0.6203125 0.2453125 0.1046875
10 0.70625 0.68125 0.2265625 0.1296875
10 0.390625 0.796875 0.1984375 0.1515625
10 0.23125 0.5453125 0.1578125 0.165625
10 0.1421875 0.396875 0.2078125 0.153125
10 0.0953125 0.4828125 0.190625 0.0875
10 0.140625 0.190625 0.15 0.1359375
10 0.3890625 0.9359375 0.1984375 0.1265625
10 0.140625 0.0609375 0.15 0.121875