10 0.459375 0.803125 0.0734375 0.065625
10 0.490625 0.371875 0.0640625 0.06875
10 0.5296875 0.346875 0.065625 0.0703125
10 0.559375 0.3671875 0.025 0.065625
10 0.615625 0.375 0.04375 0.08125
10 0.634375 0.4203125 0.0546875 0.04375
10 0.63125 0.509375 0.05 0.059375
10 0.575 0.534375 0.04375 0.0453125
10 0.3796875 0.5046875 0.0359375 0.065625
10 0.40625 0.4890625 0.03125 0.071875
10 0.440625 0.4734375 0.0390625 0.0390625
10 0.459375 0.4671875 0.0515625 0.046875
10 0.490625 0.4453125 0.0640625 0.046875
10 0.5265625 0.4453125 0.0609375 0.0375
10 0.503125 0.4015625 0.0453125 0.0484375
10 0.5609375 0.396875 0.05 0.0453125
10 0.5640625 0.4328125 0.0640625 0.04375
10 0.5390625 0.5 0.0484375 0.05625
10 0.55625 0.5171875 0.0453125 0.05
10 0.603125 0.475 0.0765625 0.0265625
10 0.603125 0.4625 0.0359375 0.0671875
10 0.4984375 0.4921875 0.0609375 0.0359375
10 0.690625 0.8125 0.071875 0.0390625
10 0.459375 0.946875 0.0734375 0.065625
10 0.690625 0.9375 0.071875 0.0390625