12 0.3734375 0.6921875 0.1046875 0.078125
12 0.70625 0.4484375 0.1265625 0.0765625
12 0.5328125 0.60625 0.1359375 0.1203125
12 0.3359375 0.38125 0.128125 0.0796875
12 0.2609375 0.2109375 0.14375 0.065625
12 0.28125 0.665625 0.1140625 0.1
12 0.6046875 0.5203125 0.11875 0.0765625
12 0.3796875 0.59375 0.1 0.0953125
12 0.446875 0.55 0.115625 0.071875
12 0.396875 0.484375 0.103125 0.0875
12 0.51875 0.73125 0.1109375 0.1265625
12 0.715625 0.35625 0.128125 0.13125
12 0.253125 0.5140625 0.0921875 0.13125
12 0.7109375 0.5234375 0.103125 0.115625
12 0.371875 0.21875 0.109375 0.1046875
12 0.1796875 0.3828125 0.084375 0.125
12 0.1375 0.675 0.0890625 0.0828125
12 0.328125 0.515625 0.0984375 0.046875
12 0.515625 0.2265625 0.1015625 0.1203125
12 0.578125 0.44375 0.0921875 0.115625
12 0.490625 0.3375 0.1125 0.078125
12 0.3390625 0.8046875 0.13125 0.053125
12 0.20625 0.625 0.0875 0.0796875
12 0.671875 0.209375 0.1421875 0.08125
12 0.171875 0.55625 0.06875 0.0765625
12 0.41875 0.3984375 0.0546875 0.0796875
12 0.2703125 0.6046875 0.13125 0.0453125
12 0.1296875 0.29375 0.09375 0.1234375
12 0.4296875 0.7625 0.05625 0.075
12 0.4640625 0.425 0.0828125 0.0796875
12 0.36875 0.309375 0.084375 0.1109375
12 0.81875 0.20625 0.1 0.08125
12 0.45 0.80625 0.090625 0.05
12 0.45 0.6453125 0.0625 0.103125
12 0.840625 0.3609375 0.0921875 0.134375
12 0.471875 0.5015625 0.0796875 0.0671875
12 0.7921875 0.6453125 0.1 0.1203125
12 0.5875 0.3859375 0.1078125 0.0640625
12 0.2328125 0.771875 0.0671875 0.0765625
12 0.79375 0.415625 0.0734375 0.08125
12 0.8484375 0.4625 0.103125 0.11875
12 0.371875 0.965625 0.1046875 0.0671875
12 0.2609375 0.1203125 0.14375 0.065625
12 0.2796875 0.9734375 0.1140625 0.0515625
12 0.51875 0.9328125 0.1109375 0.1265625
12 0.715625 0.0203125 0.128125 0.040625
12 0.371875 0.1125 0.109375 0.1046875
12 0.1359375 0.9734375 0.0890625 0.053125
12 0.515625 0.1046875 0.1015625 0.1203125
12 0.490625 0.015625 0.1125 0.03125
12 0.3390625 0.859375 0.13125 0.053125
12 0.671875 0.121875 0.1421875 0.08125
12 0.1296875 0.0484375 0.09375 0.096875
12 0.4296875 0.9015625 0.05625 0.075
12 0.36875 0.0375 0.084375 0.075
12 0.81875 0.125 0.1 0.08125
12 0.45 0.8578125 0.090625 0.05
12 0.45 0.9828125 0.0625 0.0328125
12 0.8390625 0.01875 0.0921875 0.0375
12 0.7921875 0.978125 0.1 0.0421875
12 0.2328125 0.8921875 0.0671875 0.0765625