0 0.3890625 0.6984375 0.1578125 0.1078125
0 0.45 0.821875 0.171875 0.071875
0 0.5484375 0.678125 0.1296875 0.090625
0 0.9328125 0.5734375 0.13125 0.075
0 0.328125 0.5671875 0.1109375 0.1265625
0 0.83125 0.753125 0.1328125 0.090625
0 0.44375 0.284375 0.1765625 0.1484375
0 0.4015625 0.4171875 0.1640625 0.09375
0 0.6359375 0.56875 0.096875 0.1046875
0 0.5453125 0.5109375 0.09375 0.1453125
0 0.725 0.85 0.1375 0.0484375
0 0.5625 0.4296875 0.06875 0.1015625
0 0.5234375 0.3703125 0.0703125 0.09375
0 0.4359375 0.7265625 0.115625 0.0671875
0 0.5234375 0.74375 0.0875 0.0796875
0 0.6671875 0.7625 0.115625 0.0546875
0 0.884375 0.8515625 0.13125 0.04375
0 0.8296875 0.634375 0.0984375 0.096875
0 0.9265625 0.671875 0.0921875 0.096875
0 0.575 0.834375 0.0828125 0.0796875
0 0.7921875 0.8015625 0.103125 0.0703125
0 0.6890625 0.80625 0.0859375 0.0578125
0 0.45 0.928125 0.171875 0.071875
0 0.8296875 0.975 0.1328125 0.0484375
0 0.44140625 0.01875 0.1765625 0.0375
0 0.725 0.9 0.1375 0.0484375
0 0.5234375 0.9828125 0.0875 0.034375
0 0.6671875 0.9796875 0.115625 0.040625
0 0.884375 0.8984375 0.13125 0.04375
0 0.575 0.915625 0.0828125 0.0796875
0 0.7921875 0.9484375 0.103125 0.0703125
0 0.6890625 0.94375 0.0859375 0.0578125