2 0.35625 0.375 0.0390625 0.0453125
2 0.35625 0.4296875 0.04375 0.0671875
2 0.1734375 0.296875 0.04375 0.071875
2 0.415625 0.2734375 0.03125 0.0671875
2 0.2859375 0.178125 0.046875 0.0625
2 0.4546875 0.7046875 0.0828125 0.0890625
2 0.2921875 0.0859375 0.0359375 0.0625
2 0.496875 0.1625 0.0375 0.040625
2 0.4953125 0.3328125 0.0421875 0.078125
2 0.6984375 0.0515625 0.0421875 0.0375
2 0.228125 0.4578125 0.0359375 0.0734375
2 0.35625 0.2890625 0.0421875 0.0734375
2 0.484375 0.25 0.0609375 0.065625
2 0.16875 0.6578125 0.0515625 0.075
2 0.2109375 0.3375 0.0609375 0.0671875
2 0.33125 0.5 0.0359375 0.0375
2 0.2625 0.665625 0.05625 0.046875
2 0.3328125 0.071875 0.0296875 0.0640625
2 0.44375 0.3671875 0.053125 0.0421875
2 0.43125 0.1765625 0.0296875 0.0484375
2 0.4296875 0.803125 0.040625 0.0765625
2 0.390625 0.0515625 0.04375 0.0453125
2 0.5671875 0.278125 0.03125 0.0515625
2 0.303125 0.134375 0.04375 0.03125
2 0.7828125 0.7765625 0.053125 0.0515625
2 0.390625 0.7625 0.0484375 0.0703125
2 0.796875 0.9015625 0.0640625 0.0921875
2 0.65 0.3921875 0.0515625 0.04375
2 0.45 0.7828125 0.0578125 0.06875
2 0.2734375 0.6015625 0.0359375 0.034375
2 0.5046875 0.60625 0.0484375 0.084375
2 0.371875 0.5390625 0.0359375 0.0515625
2 0.1859375 0.8703125 0.059375 0.071875
2 0.33125 0.5578125 0.0375 0.0546875
2 0.5671875 0.853125 0.0578125 0.0390625
2 0.590625 0.596875 0.0578125 0.0484375
2 0.559375 0.728125 0.0546875 0.0390625
2 0.7046875 0.609375 0.04375 0.0796875
2 0.70625 0.896875 0.0578125 0.0546875
2 0.6953125 0.7015625 0.0625 0.04375
2 0.1453125 0.3359375 0.040625 0.059375
2 0.284375 0.5125 0.034375 0.0359375
2 0.671875 0.5703125 0.03125 0.0671875
2 0.3203125 0.615625 0.0578125 0.046875
2 0.8484375 0.746875 0.0390625 0.0703125
2 0.5796875 0.653125 0.0703125 0.04375
2 0.4390625 0.471875 0.04375 0.0390625
2 0.3546875 0.725 0.0703125 0.046875
2 0.6296875 0.234375 0.0234375 0.05625
2 0.40625 0.43125 0.0296875 0.04375
2 0.4765625 0.48125 0.0265625 0.0515625
2 0.5796875 0.55625 0.0765625 0.0453125
2 0.5484375 0.225 0.034375 0.0453125
2 0.8015625 0.7109375 0.0734375 0.053125
2 0.509375 0.471875 0.028125 0.0640625
2 0.728125 0.840625 0.0390625 0.0640625
2 0.7015625 0.50625 0.075 0.08125
2 0.2234375 0.2125 0.0296875 0.0515625
2 0.51875 0.7890625 0.034375 0.0828125
2 0.30625 0.5796875 0.05625 0.0453125
2 0.396875 0.4421875 0.046875 0.0609375
2 0.4 0.525 0.0421875 0.046875
2 0.6203125 0.71875 0.059375 0.059375
2 0.4578125 0.440625 0.025 0.034375
2 0.534375 0.4421875 0.053125 0.0515625
2 0.5359375 0.8046875 0.0609375 0.0609375
2 0.4453125 0.509375 0.040625 0.0515625
2 0.5484375 0.7375 0.075 0.05
2 0.56875 0.496875 0.075 0.0359375
2 0.534375 0.4796875 0.0421875 0.034375
2 0.5890625 0.51875 0.0640625 0.0484375
2 0.6765625 0.14375 0.065625 0.04375
2 0.64375 0.5734375 0.0203125 0.046875
2 0.6453125 0.65625 0.0421875 0.0703125
2 0.6671875 0.6359375 0.03125 0.0625
2 0.0765625 0.296875 0.04375 0.071875
2 0.021875 0.4578125 0.0359375 0.0734375
2 0.08125 0.6578125 0.0515625 0.075
2 0.0390625 0.3375 0.0609375 0.0671875
2 0.0078125 0.665625 0.015625 0.046875
2 0.9671875 0.7765625 0.053125 0.0515625
2 0.953125 0.9015625 0.0640625 0.0921875
2 0.0640625 0.8703125 0.059375 0.071875
2 0.1046875 0.3359375 0.040625 0.059375
2 0.9015625 0.746875 0.0390625 0.0703125
2 0.9484375 0.7109375 0.0734375 0.053125
2 0.0265625 0.2125 0.0296875 0.0515625