6 0.7015625 0.2875 0.090625 0.0953125
6 0.5390625 0.284375 0.0796875 0.0703125
6 0.4640625 0.2671875 0.065625 0.0765625
6 0.3828125 0.290625 0.0859375 0.1265625
6 0.246875 0.4234375 0.109375 0.06875
6 0.309375 0.5015625 0.1125 0.084375
6 0.44375 0.51875 0.1 0.09375
6 0.5359375 0.7140625 0.1 0.05
6 0.5875 0.65 0.11875 0.046875
6 0.590625 0.5625 0.06875 0.0953125
6 0.703125 0.5609375 0.0671875 0.0921875
6 0.715625 0.6546875 0.071875 0.1046875
6 0.4109375 0.8125 0.0640625 0.109375
6 0.4046875 0.7 0.0828125 0.075
6 0.084375 0.6703125 0.1078125 0.0640625
6 0.5515625 0.421875 0.115625 0.071875
6 0.5828125 0.384375 0.14375 0.0375
6 0.7015625 0.4546875 0.1234375 0.075
6 0.834375 0.5828125 0.08125 0.071875
6 0.4640625 0.009375 0.065625 0.01875
6 0.4109375 0.934375 0.0640625 0.109375