6 0.7453125 0.4859375 0.1625 0.165625
6 0.690625 0.5265625 0.109375 0.084375
6 0.440625 0.4609375 0.1125 0.08125
6 0.4 0.5 0.0953125 0.071875
6 0.3515625 0.58125 0.1046875 0.1296875
6 0.1 0.378125 0.103125 0.1015625
6 0.7453125 0.04375 0.1625 0.0875
6 0.7453125 0.96875 0.1625 0.0609375
6 0.690625 0.96875 0.109375 0.0609375
6 0.440625 0.034375 0.1125 0.06875
6 0.396875 0.0125 0.0953125 0.025
6 0.3984375 0.9859375 0.0953125 0.028125
6 0.3515625 0.9265625 0.1046875 0.1296875
6 0.1 0.1125 0.103125 0.1015625