6 0.6078125 0.6421875 0.453125 0.271875
6 0.8421875 0.446875 0.3140625 0.159375
6 0.646875 0.3046875 0.190625 0.3609375
6 0.425 0.425 0.275 0.4140625
6 0.115625 0.371875 0.23125 0.4390625
6 0.2125 0.240625 0.2453125 0.2328125
6 0.2125 0.7171875 0.425 0.15625
6 0.9171875 0.778125 0.1609375 0.1890625
6 0.9625 0.721875 0.0734375 0.140625
6 0.7921875 0.2390625 0.196875 0.1921875
6 0.646875 0.0625 0.190625 0.125
6 0.115625 0.0484375 0.23125 0.096875
6 0.2109375 0.0625 0.2453125 0.125
6 0.2125 0.975 0.425 0.0484375
6 0.915625 0.9359375 0.1609375 0.1265625
6 0.9609375 0.9765625 0.0734375 0.0453125
6 0.7921875 0.053125 0.196875 0.10625