7 0.2796875 0.4625 0.071875 0.0390625
7 0.2 0.415625 0.06875 0.078125
7 0.2328125 0.4328125 0.040625 0.0546875
7 0.2375 0.515625 0.0796875 0.0515625
7 0.234375 0.58125 0.075 0.0546875
7 0.31875 0.55625 0.0765625 0.0515625
7 0.3453125 0.6015625 0.0765625 0.046875
7 0.4171875 0.6296875 0.0890625 0.05625
7 0.4953125 0.5734375 0.1046875 0.053125
7 0.440625 0.50625 0.05 0.0578125
7 0.39375 0.4796875 0.0484375 0.071875
7 0.375 0.4515625 0.0390625 0.0546875
7 0.34375 0.4421875 0.0546875 0.075
7 0.3046875 0.40625 0.0375 0.0390625
7 0.2734375 0.378125 0.0578125 0.0515625
7 0.3046875 0.3359375 0.046875 0.0703125
7 0.1140625 0.3203125 0.078125 0.05
7 0.06875 0.7140625 0.0484375 0.090625
7 0.309375 0.7265625 0.0359375 0.0671875
7 0.31875 0.7734375 0.06875 0.0515625
7 0.271875 0.8203125 0.046875 0.021875
7 0.20625 0.8109375 0.06875 0.040625
7 0.4765625 0.7515625 0.0640625 0.053125
7 0.515625 0.6453125 0.08125 0.0609375
7 0.5921875 0.590625 0.059375 0.0515625
7 0.6453125 0.6015625 0.053125 0.0671875
7 0.715625 0.6296875 0.0578125 0.046875
7 0.7390625 0.5890625 0.0390625 0.071875
7 0.79375 0.5421875 0.05 0.05
7 0.8484375 0.5234375 0.0453125 0.0515625
7 0.9234375 0.553125 0.0578125 0.0859375
7 0.8921875 0.640625 0.06875 0.0765625
7 0.940625 0.7296875 0.1 0.046875
7 0.8125 0.7875 0.1046875 0.0625
7 0.7390625 0.465625 0.04375 0.05625
7 0.709375 0.4046875 0.04375 0.053125
7 0.584375 0.3796875 0.0671875 0.034375
7 0.5921875 0.3515625 0.06875 0.040625
7 0.5453125 0.3046875 0.06875 0.0640625
7 0.59375 0.30625 0.0671875 0.034375
7 0.628125 0.303125 0.040625 0.0390625
7 0.51875 0.2484375 0.06875 0.05
7 0.478125 0.3234375 0.0390625 0.059375
7 0.4234375 0.290625 0.0640625 0.0484375
7 0.43125 0.3625 0.0734375 0.0296875
7 0.45625 0.403125 0.059375 0.0359375
7 0.43125 0.434375 0.0515625 0.05
7 0.49375 0.3859375 0.0453125 0.0390625
7 0.503125 0.4171875 0.025 0.0296875
7 0.5140625 0.4453125 0.05 0.046875
7 0.5578125 0.4265625 0.0515625 0.0765625
7 0.50625 0.503125 0.0828125 0.0421875
7 0.384375 0.33125 0.034375 0.04375
7 0.134375 0.4296875 0.0515625 0.0421875
7 0.6796875 0.459375 0.0453125 0.0578125
7 0.684375 0.3296875 0.065625 0.03125
7 0.3046875 0.0140625 0.046875 0.028125
7 0.1140625 0.0171875 0.078125 0.034375
7 0.06875 0.9484375 0.0484375 0.090625
7 0.309375 0.9359375 0.0359375 0.0671875
7 0.31875 0.8890625 0.06875 0.0515625
7 0.271875 0.8421875 0.046875 0.021875
7 0.20625 0.8515625 0.06875 0.040625
7 0.4765625 0.9109375 0.0640625 0.053125
7 0.515625 0.9921875 0.08125 0.0140625
7 0.8921875 0.990625 0.06875 0.0171875
7 0.940625 0.9328125 0.1 0.046875
7 0.8125 0.875 0.1046875 0.0625
7 0.5453125 0.028125 0.06875 0.05625
7 0.59375 0.025 0.0671875 0.034375
7 0.628125 0.028125 0.040625 0.0390625
7 0.51875 0.0828125 0.06875 0.05
7 0.4765625 0.01875 0.0390625 0.0375
7 0.4234375 0.040625 0.0640625 0.0484375
7 0.384375 0.0109375 0.034375 0.021875
7 0.684375 0.0078125 0.065625 0.015625