6 0.4828125 0.425 0.0578125 0.0984375
6 0.49375 0.8171875 0.0890625 0.075
6 0.4625 0.7734375 0.0703125 0.0359375
6 0.375 0.834375 0.046875 0.09375
6 0.421875 0.3046875 0.09375 0.0609375
6 0.5203125 0.184375 0.0921875 0.05
6 0.4734375 0.1453125 0.09375 0.0546875
6 0.56875 0.103125 0.0859375 0.0609375
6 0.315625 0.1515625 0.05 0.065625
6 0.2875 0.159375 0.0484375 0.1
6 0.246875 0.6515625 0.053125 0.1015625
6 0.5671875 0.6625 0.0859375 0.05
6 0.6625 0.5640625 0.096875 0.059375
6 0.6390625 0.5078125 0.0625 0.0578125
6 0.84375 0.640625 0.053125 0.1046875
6 0.6875 0.684375 0.08125 0.071875
6 0.8265625 0.7921875 0.046875 0.1015625
6 0.753125 0.759375 0.0921875 0.059375
6 0.725 0.8015625 0.0671875 0.078125
6 0.6359375 0.765625 0.0609375 0.0734375
6 0.5609375 0.7515625 0.0671875 0.0546875
6 0.5265625 0.7265625 0.059375 0.046875
6 0.5765625 0.84375 0.090625 0.0515625
6 0.0140625 0.6484375 0.028125 0.1015625
6 0.90625 0.640625 0.053125 0.1046875
6 0.9234375 0.7921875 0.046875 0.1015625
6 0.975 0.759375 0.05 0.059375