6 0.4 0.453125 0.128125 0.1046875
6 0.4953125 0.4734375 0.103125 0.121875
6 0.5796875 0.4625 0.096875 0.103125
6 0.646875 0.440625 0.115625 0.1109375
6 0.775 0.44375 0.103125 0.125
6 0.86875 0.409375 0.0953125 0.084375
6 0.7671875 0.3125 0.1234375 0.10625
6 0.6640625 0.3515625 0.1171875 0.10625
6 0.59375 0.321875 0.08125 0.08125
6 0.4828125 0.296875 0.1328125 0.084375
6 0.39375 0.3234375 0.0859375 0.140625
6 0.30625 0.4 0.071875 0.034375
6 0.196875 0.4640625 0.059375 0.0828125
6 0.146875 0.409375 0.075 0.1015625
6 0.084375 0.3515625 0.134375 0.1515625
6 0.096875 0.246875 0.103125 0.1015625
6 0.2828125 0.2640625 0.0984375 0.0875
6 0.2171875 0.31875 0.0578125 0.0953125
6 0.4578125 0.7609375 0.0890625 0.071875
6 0.8484375 0.740625 0.115625 0.08125
6 0.7703125 0.6484375 0.0921875 0.1
6 0.74375 0.590625 0.128125 0.0953125
6 0.65 0.59375 0.075 0.0625
6 0.403125 0.540625 0.0984375 0.06875
6 0.3390625 0.55 0.0703125 0.1265625
6 0.2734375 0.440625 0.0828125 0.0609375
6 0.9234375 0.2375 0.125 0.0640625
6 0.703125 0.26875 0.08125 0.071875
6 0.8671875 0.5140625 0.059375 0.11875
6 0.7515625 0.53125 0.1171875 0.0875
6 0.865625 0.0125 0.0953125 0.025
6 0.7671875 0.08125 0.1234375 0.10625
6 0.6609375 0.046875 0.1171875 0.09375
6 0.59375 0.071875 0.08125 0.08125
6 0.4828125 0.096875 0.1328125 0.084375
6 0.39375 0.0703125 0.0859375 0.140625
6 0.30625 0.0046875 0.071875 0.009375
6 0.146875 0.0171875 0.075 0.034375
6 0.084375 0.0578125 0.134375 0.115625
6 0.096875 0.146875 0.103125 0.1015625
6 0.2828125 0.1296875 0.0984375 0.0875
6 0.2171875 0.075 0.0578125 0.0953125
6 0.4578125 0.8453125 0.0890625 0.071875
6 0.8484375 0.865625 0.115625 0.08125
6 0.76875 0.953125 0.0921875 0.0921875
6 0.74375 0.9828125 0.128125 0.0328125
6 0.65 0.990625 0.075 0.01875
6 0.9234375 0.15625 0.125 0.0640625
6 0.703125 0.125 0.08125 0.071875