6 0.3171875 0.6234375 0.2875 0.165625
6 0.5765625 0.6625 0.2375 0.225
6 0.35 0.8125 0.215625 0.2
6 0.51875 0.865625 0.2875 0.178125
6 0.734375 0.7375 0.1078125 0.2453125
6 0.7890625 0.4890625 0.2125 0.178125
6 0.8578125 0.35625 0.2578125 0.14375
6 0.9296875 0.26875 0.115625 0.1828125
6 0.659375 0.05 0.2296875 0.1
6 0.428125 0.3640625 0.1875 0.1984375
6 0.2828125 0.296875 0.1140625 0.2390625
6 0.121875 0.3484375 0.221875 0.1453125
6 0.2125 0.4515625 0.315625 0.1640625
6 0.1609375 0.09375 0.2296875 0.1578125
6 0.21875 0.165625 0.1203125 0.1640625
6 0.0609375 0.8921875 0.121875 0.2125
6 0.1984375 0.94375 0.140625 0.1109375
6 0.878125 0.8921875 0.228125 0.1203125
6 0.9484375 0.75 0.096875 0.1375