6 0.21875 0.4703125 0.15625 0.3375
6 0.5890625 0.3125 0.1109375 0.225
6 0.7328125 0.30625 0.128125 0.253125
6 0.759375 0.484375 0.3203125 0.1859375
6 0.44375 0.5140625 0.3203125 0.2
6 0.234375 0.7125 0.215625 0.1515625
6 0.171875 0.8140625 0.2140625 0.11875
6 0.8703125 0.2421875 0.134375 0.234375
6 0.4296875 0.2796875 0.1875 0.14375
6 0.50625 0.1796875 0.246875 0.109375
6 0.96875 0.23125 0.0609375 0.159375
6 0.5875 0.025 0.1109375 0.05
6 0.7328125 0.034375 0.128125 0.06875
6 0.234375 0.9796875 0.215625 0.0390625
6 0.171875 0.9359375 0.2140625 0.11875
6 0.8703125 0.0625 0.134375 0.125
6 0.4296875 0.0203125 0.1875 0.040625
6 0.50625 0.0703125 0.246875 0.109375
6 0.965625 0.0484375 0.0609375 0.096875