7 0.71875 0.671875 0.08125 0.0609375
7 0.6390625 0.63125 0.0640625 0.0796875
7 0.74375 0.5171875 0.0703125 0.075
7 0.88125 0.471875 0.0734375 0.065625
7 0.928125 0.3828125 0.05625 0.04375
7 0.840625 0.384375 0.0390625 0.0796875
7 0.7859375 0.4 0.04375 0.075
7 0.73125 0.4015625 0.053125 0.040625
7 0.675 0.4609375 0.0625 0.053125
7 0.6328125 0.4265625 0.0484375 0.0328125
7 0.653125 0.3796875 0.053125 0.0484375
7 0.63125 0.3703125 0.0484375 0.028125
7 0.609375 0.346875 0.0625 0.0296875
7 0.559375 0.3859375 0.0421875 0.0625
7 0.51875 0.4828125 0.034375 0.0421875
7 0.540625 0.465625 0.0515625 0.0265625
7 0.4671875 0.5671875 0.04375 0.075
7 0.415625 0.540625 0.0453125 0.04375
7 0.4203125 0.471875 0.06875 0.0421875
7 0.3875 0.4859375 0.046875 0.0359375
7 0.265625 0.55 0.065625 0.0375
7 0.26875 0.578125 0.071875 0.04375
7 0.1671875 0.603125 0.0609375 0.0484375
7 0.1484375 0.634375 0.0828125 0.04375
7 0.128125 0.5765625 0.05625 0.0484375
7 0.05625 0.5671875 0.075 0.0609375
7 0.0515625 0.521875 0.065625 0.04375
7 0.265625 0.7765625 0.065625 0.0484375
7 0.246875 0.7265625 0.0609375 0.05625
7 0.6640625 0.73125 0.0484375 0.05625
7 0.60625 0.7296875 0.0625 0.065625
7 0.734375 0.715625 0.0484375 0.04375
7 0.7515625 0.7625 0.0609375 0.053125
7 0.7296875 0.8515625 0.0640625 0.053125
7 0.925 0.7640625 0.109375 0.065625
7 0.9125 0.6640625 0.065625 0.04375
7 0.9125 0.634375 0.040625 0.0359375
7 0.875 0.5828125 0.0609375 0.025
7 0.86875 0.5328125 0.0796875 0.046875
7 0.8515625 0.259375 0.065625 0.0546875
7 0.865625 0.2078125 0.0734375 0.0515625
7 0.9796875 0.159375 0.0359375 0.0296875
7 0.9609375 0.2 0.05625 0.04375
7 0.7296875 0.1765625 0.06875 0.0359375
7 0.5765625 0.24375 0.06875 0.053125
7 0.5609375 0.2953125 0.0578125 0.0375
7 0.5171875 0.3484375 0.0484375 0.0296875
7 0.4234375 0.4125 0.0421875 0.0546875
7 0.4265625 0.2734375 0.046875 0.0359375
7 0.3953125 0.178125 0.053125 0.0484375
7 0.059375 0.1796875 0.059375 0.065625
7 0.240625 0.65 0.04375 0.04375
7 0.3296875 0.63125 0.05625 0.0421875
7 0.4265625 0.5921875 0.05 0.06875
7 0.3875 0.69375 0.08125 0.0453125
7 0.3796875 0.7875 0.0765625 0.04375
7 0.35 0.753125 0.040625 0.053125
7 0.3359375 0.8125 0.05625 0.046875
7 0.275 0.846875 0.096875 0.0296875
7 0.978125 0.859375 0.0421875 0.0421875
7 0.640625 0.2734375 0.04375 0.0578125
7 0.6125 0.3125 0.0515625 0.034375
7 0.721875 0.228125 0.065625 0.0390625
7 0.6828125 0.3140625 0.04375 0.075
7 0.728125 0.3359375 0.0609375 0.0328125
7 0.7453125 0.3109375 0.0421875 0.04375
7 0.725 0.2640625 0.0359375 0.0421875
7 0.81875 0.1515625 0.0453125 0.0546875
7 0.890625 0.1609375 0.05625 0.05
7 0.1890625 0.5515625 0.059375 0.0390625
7 0.2375 0.5203125 0.046875 0.0484375
7 0.3234375 0.4625 0.040625 0.0484375
7 0.303125 0.146875 0.065625 0.034375
7 0.575 0.184375 0.06875 0.04375
7 0.4671875 0.3046875 0.046875 0.059375
7 0.265625 0.9796875 0.065625 0.040625
7 0.75 0.9859375 0.0609375 0.028125
7 0.7296875 0.909375 0.0640625 0.053125
7 0.925 0.98125 0.109375 0.0359375
7 0.865625 0.0296875 0.0734375 0.0515625
7 0.9796875 0.078125 0.0359375 0.0296875
7 0.9609375 0.0375 0.05625 0.04375
7 0.7296875 0.0609375 0.06875 0.0359375
7 0.5765625 0.009375 0.06875 0.01875
7 0.3953125 0.059375 0.053125 0.0484375
7 0.059375 0.0578125 0.059375 0.065625
7 0.3796875 0.9734375 0.0765625 0.04375
7 0.35 0.990625 0.040625 0.01875
7 0.3359375 0.9484375 0.05625 0.046875
7 0.275 0.9140625 0.096875 0.0296875
7 0.978125 0.9015625 0.0421875 0.0421875
7 0.721875 0.0140625 0.065625 0.028125
7 0.81875 0.0859375 0.0453125 0.0546875
7 0.890625 0.0765625 0.05625 0.05
7 0.303125 0.090625 0.065625 0.034375
7 0.575 0.053125 0.06875 0.04375