6 0.828125 0.61875 0.21875 0.1171875
6 0.8765625 0.6546875 0.1328125 0.2015625
6 0.603125 0.521875 0.14375 0.175
6 0.478125 0.153125 0.15 0.096875
6 0.425 0.26875 0.15625 0.1640625
6 0.415625 0.39375 0.15 0.11875
6 0.3953125 0.4828125 0.11875 0.0796875
6 0.3328125 0.3984375 0.109375 0.15625
6 0.221875 0.409375 0.1875 0.1296875
6 0.2578125 0.59375 0.1 0.1453125
6 0.159375 0.5578125 0.13125 0.09375
6 0.1484375 0.65625 0.1234375 0.1265625
6 0.2515625 0.7859375 0.1515625 0.2265625
6 0.478125 0.015625 0.15 0.03125