6 0.36875 0.484375 0.1203125 0.096875
6 0.346875 0.4359375 0.0953125 0.1234375
6 0.2296875 0.415625 0.1046875 0.0859375
6 0.2421875 0.3328125 0.0828125 0.0546875
6 0.225 0.2484375 0.0890625 0.103125
6 0.3078125 0.284375 0.078125 0.1546875
6 0.3515625 0.296875 0.075 0.146875
6 0.453125 0.3703125 0.128125 0.109375
6 0.534375 0.5046875 0.0890625 0.128125
6 0.5046875 0.5859375 0.071875 0.1265625
6 0.41875 0.63125 0.1171875 0.0625
6 0.4484375 0.70625 0.1015625 0.1109375
6 0.521875 0.678125 0.134375 0.0625
6 0.5921875 0.7078125 0.0890625 0.1265625
6 0.6875 0.7234375 0.0625 0.1359375
6 0.76875 0.6609375 0.0890625 0.159375
6 0.9328125 0.7390625 0.1328125 0.1265625
6 0.884375 0.4578125 0.1484375 0.0765625
6 0.8765625 0.3265625 0.1640625 0.0859375
6 0.7515625 0.4359375 0.128125 0.1359375
6 0.6375 0.4375 0.134375 0.1203125
6 0.596875 0.41875 0.096875 0.0796875
6 0.559375 0.2640625 0.078125 0.0984375
6 0.590625 0.184375 0.1078125 0.06875
6 0.4609375 0.1921875 0.1125 0.090625
6 0.509375 0.278125 0.096875 0.1171875
6 0.6296875 0.271875 0.1203125 0.153125
6 0.125 0.390625 0.1 0.109375
6 0.0609375 0.353125 0.1125 0.1125
6 0.1296875 0.1765625 0.11875 0.08125
6 0.05625 0.234375 0.1125 0.0921875
6 0.128125 0.5671875 0.1109375 0.15
6 0.2515625 0.6640625 0.0984375 0.065625
6 0.2703125 0.7390625 0.096875 0.1125
6 0.196875 0.7140625 0.103125 0.06875
6 0.184375 0.7859375 0.128125 0.1171875
6 0.0421875 0.7015625 0.084375 0.125
6 0.38125 0.8359375 0.13125 0.075
6 0.5953125 0.825 0.15625 0.096875
6 0.6265625 0.778125 0.08125 0.075
6 0.775 0.5359375 0.1921875 0.109375
6 0.2234375 0.0265625 0.0890625 0.053125
6 0.3078125 0.0203125 0.078125 0.040625
6 0.6875 0.978125 0.0625 0.0421875
6 0.93125 0.9734375 0.1328125 0.053125
6 0.559375 0.0171875 0.078125 0.034375
6 0.590625 0.065625 0.1078125 0.06875
6 0.4609375 0.0578125 0.1125 0.090625
6 0.509375 0.0140625 0.096875 0.028125
6 0.6265625 0.0265625 0.1203125 0.053125
6 0.1296875 0.0734375 0.11875 0.08125
6 0.05625 0.0296875 0.1125 0.059375
6 0.2703125 0.9765625 0.096875 0.0453125
6 0.184375 0.9515625 0.128125 0.0953125
6 0.38125 0.9140625 0.13125 0.075
6 0.5953125 0.925 0.15625 0.096875
6 0.6265625 0.9671875 0.08125 0.065625