6 0.40625 0.5140625 0.08125 0.1203125
6 0.2984375 0.503125 0.109375 0.0921875
6 0.2421875 0.4265625 0.1109375 0.05625
6 0.26875 0.2875 0.1578125 0.10625
6 0.934375 0.240625 0.1296875 0.0875
6 0.453125 0.40625 0.1015625 0.1
6 0.34375 0.4015625 0.084375 0.0953125
6 0.546875 0.53125 0.1 0.0703125
6 0.771875 0.621875 0.10625 0.115625
6 0.6953125 0.7 0.1078125 0.0796875
6 0.26875 0.06875 0.1578125 0.10625
6 0.934375 0.115625 0.1296875 0.0875
6 0.771875 0.978125 0.10625 0.0421875
6 0.6953125 0.9375 0.1078125 0.0796875