6 0.66875 0.3578125 0.1 0.128125
6 0.653125 0.2875 0.1203125 0.0875
6 0.7703125 0.275 0.1125 0.1015625
6 0.76875 0.515625 0.1 0.103125
6 0.75625 0.61875 0.165625 0.075
6 0.5171875 0.6296875 0.1234375 0.075
6 0.2734375 0.5796875 0.1578125 0.10625
6 0.146875 0.490625 0.11875 0.1421875
6 0.0640625 0.409375 0.075 0.1765625
6 0.04375 0.5640625 0.0875 0.125
6 0.3328125 0.7828125 0.1421875 0.08125
6 0.5953125 0.825 0.18125 0.0953125
6 0.6453125 0.453125 0.065625 0.1015625
6 0.5796875 0.4828125 0.0859375 0.0828125
6 0.515625 0.3890625 0.153125 0.0859375
6 0.44375 0.4671875 0.11875 0.115625
6 0.3140625 0.50625 0.1125 0.159375
6 0.0765625 0.31875 0.1203125 0.0953125
6 0.4890625 0.253125 0.10625 0.1234375
6 0.40625 0.1890625 0.140625 0.08125
6 0.3 0.2734375 0.1078125 0.1078125
6 0.7703125 0.0125 0.1125 0.025
6 0.33125 0.9609375 0.1421875 0.0765625
6 0.5953125 0.921875 0.18125 0.0953125
6 0.4890625 0.028125 0.10625 0.05625
6 0.40625 0.0609375 0.140625 0.08125
6 0.296875 0.0140625 0.1078125 0.028125