6 0.4875 0.496875 0.078125 0.06875
6 0.2453125 0.4875 0.0828125 0.0625
6 0.2109375 0.534375 0.075 0.05
6 0.2546875 0.578125 0.0796875 0.0484375
6 0.1015625 0.653125 0.08125 0.046875
6 0.3953125 0.396875 0.0875 0.040625
6 0.2765625 0.3140625 0.0515625 0.040625
6 0.6234375 0.2890625 0.078125 0.06875
6 0.646875 0.359375 0.0734375 0.0375
6 0.6328125 0.44375 0.0625 0.0484375
6 0.6765625 0.4671875 0.0640625 0.0328125
6 0.75 0.4078125 0.0578125 0.05
6 0.8 0.1921875 0.075 0.028125
6 0.7375 0.1875 0.0515625 0.0515625
6 0.81875 0.140625 0.053125 0.0328125
6 0.9796875 0.259375 0.0390625 0.053125
6 0.559375 0.6 0.06875 0.0625
6 0.7109375 0.5203125 0.0578125 0.0515625
6 0.51875 0.7109375 0.0421875 0.0734375
6 0.8 0.0578125 0.075 0.028125
6 0.7375 0.0625 0.0515625 0.0515625
6 0.81875 0.109375 0.053125 0.0328125
6 0.9765625 0.0078125 0.0390625 0.015625