6 0.6265625 0.465625 0.0625 0.0890625
6 0.60625 0.3953125 0.05625 0.0625
6 0.55 0.4390625 0.0828125 0.06875
6 0.4109375 0.39375 0.0921875 0.06875
6 0.0546875 0.5484375 0.0734375 0.053125
6 0.03125 0.6 0.0625 0.0625
6 0.2109375 0.6578125 0.071875 0.0671875
6 0.284375 0.5765625 0.0640625 0.065625
6 0.303125 0.6515625 0.0875 0.0765625
6 0.4578125 0.51875 0.0875 0.04375
6 0.44375 0.4515625 0.0734375 0.0421875
6 0.325 0.3421875 0.0703125 0.05
6 0.7640625 0.334375 0.0453125 0.059375
6 0.2109375 0.965625 0.071875 0.0671875
6 0.303125 0.9671875 0.0875 0.065625
6 0.325 0.0265625 0.0703125 0.05
6 0.7640625 0.034375 0.0453125 0.059375