6 0.5859375 0.53125 0.15 0.2796875
6 0.7 0.36875 0.0859375 0.1515625
6 0.721875 0.2125 0.259375 0.11875
6 0.103125 0.2046875 0.178125 0.103125
6 0.04375 0.328125 0.0875 0.125
6 0.134375 0.584375 0.2140625 0.1421875
6 0.465625 0.621875 0.1765625 0.115625
6 0.9203125 0.4125 0.1578125 0.2921875
6 0.7859375 0.584375 0.128125 0.221875
6 0.040625 0.7796875 0.08125 0.1234375
6 0.4625 0.1890625 0.18125 0.0734375
6 0.721875 0.09375 0.259375 0.11875
6 0.103125 0.1015625 0.178125 0.103125
6 0.04375 0.0203125 0.0875 0.040625
6 0.040625 0.90625 0.08125 0.1234375
6 0.4625 0.1171875 0.18125 0.0734375