6 0.490625 0.45625 0.06875 0.0625
6 0.5484375 0.4015625 0.0671875 0.05
6 0.6203125 0.3234375 0.0578125 0.0734375
6 0.50625 0.25 0.065625 0.0359375
6 0.4625 0.240625 0.05 0.059375
6 0.3796875 0.2578125 0.05 0.040625
6 0.4609375 0.3484375 0.0625 0.08125
6 0.465625 0.403125 0.0484375 0.0546875
6 0.4234375 0.4375 0.0359375 0.071875
6 0.45 0.490625 0.0578125 0.065625
6 0.525 0.509375 0.0375 0.0640625
6 0.6578125 0.546875 0.0546875 0.0625
6 0.6125 0.6046875 0.053125 0.0640625
6 0.5625 0.68125 0.0453125 0.0390625
6 0.6 0.71875 0.046875 0.0625
6 0.5390625 0.728125 0.0546875 0.0703125
6 0.50625 0.6765625 0.0359375 0.0625
6 0.465625 0.740625 0.0421875 0.0625
6 0.4 0.721875 0.0359375 0.046875
6 0.428125 0.5734375 0.0375 0.05625
6 0.3859375 0.5515625 0.040625 0.04375
6 0.3234375 0.5015625 0.05 0.0546875
6 0.3765625 0.4375 0.0578125 0.090625
6 0.2546875 0.4359375 0.05 0.05625
6 0.246875 0.5140625 0.0421875 0.0734375
6 0.1625 0.3921875 0.053125 0.0359375
6 0.165625 0.353125 0.040625 0.0390625
6 0.1578125 0.5078125 0.0828125 0.046875
6 0.1203125 0.6015625 0.040625 0.0765625
6 0.0578125 0.50625 0.0625 0.05
6 0.2265625 0.628125 0.065625 0.0640625
6 0.3015625 0.61875 0.0625 0.0609375
6 0.2875 0.5484375 0.0328125 0.06875
6 0.725 0.6140625 0.0515625 0.06875
6 0.740625 0.5140625 0.0671875 0.0875
6 0.8671875 0.5328125 0.0546875 0.0796875
6 0.8046875 0.603125 0.0328125 0.06875
6 0.771875 0.5984375 0.0421875 0.040625
6 0.8546875 0.6625 0.0578125 0.0578125
6 0.8734375 0.728125 0.05 0.078125
6 0.925 0.753125 0.0640625 0.065625
6 0.95625 0.8125 0.0359375 0.0375
6 0.290625 0.8109375 0.0578125 0.040625
6 0.1625 0.7046875 0.0515625 0.0484375
6 0.61875 0.021875 0.0578125 0.04375
6 0.50625 0.08125 0.065625 0.0359375
6 0.4625 0.090625 0.05 0.059375
6 0.3796875 0.0734375 0.05 0.040625
6 0.4609375 0.0109375 0.0625 0.021875
6 0.5609375 0.98125 0.0453125 0.0375
6 0.6 0.9453125 0.046875 0.0625
6 0.5390625 0.9359375 0.0546875 0.0703125
6 0.5046875 0.978125 0.0359375 0.04375
6 0.465625 0.9234375 0.0421875 0.0625
6 0.4 0.9421875 0.0359375 0.046875
6 0.853125 0.9859375 0.0578125 0.028125
6 0.8734375 0.9359375 0.05 0.078125
6 0.925 0.9109375 0.0640625 0.065625
6 0.95625 0.8515625 0.0359375 0.0375
6 0.290625 0.853125 0.0578125 0.040625
6 0.1625 0.959375 0.0515625 0.0484375