6 0.4265625 0.4359375 0.2625 0.146875
6 0.64375 0.5203125 0.1875 0.30625
6 0.728125 0.73125 0.3046875 0.2
6 0.8890625 0.6578125 0.21875 0.2125
6 0.7578125 0.278125 0.24375 0.221875
6 0.284375 0.2515625 0.3296875 0.1421875
6 0.046875 0.275 0.09375 0.2203125
6 0.121875 0.6921875 0.2390625 0.2
6 0.4328125 0.6578125 0.321875 0.225
6 0.96875 0.3125 0.059375 0.1375
6 0.7265625 0.915625 0.3046875 0.1671875
6 0.8890625 0.95 0.21875 0.1
6 0.7578125 0.0828125 0.24375 0.165625
6 0.284375 0.0828125 0.3296875 0.1421875
6 0.046875 0.0828125 0.09375 0.165625
6 0.1203125 0.9359375 0.2390625 0.128125
6 0.4328125 0.946875 0.321875 0.10625
6 0.96875 0.0453125 0.059375 0.090625