6 0.5265625 0.50625 0.2171875 0.1078125
6 0.5875 0.603125 0.2234375 0.146875
6 0.503125 0.696875 0.13125 0.109375
6 0.309375 0.721875 0.1890625 0.121875
6 0.14375 0.7109375 0.178125 0.103125
6 0.1359375 0.596875 0.14375 0.103125
6 0.365625 0.5375 0.2078125 0.1203125
6 0.7625 0.509375 0.1703125 0.1234375
6 0.796875 0.6390625 0.1890625 0.103125
6 0.9125 0.2875 0.0734375 0.171875
6 0.5859375 0.971875 0.2234375 0.0546875
6 0.503125 0.925 0.13125 0.109375
6 0.309375 0.9 0.1890625 0.121875
6 0.14375 0.9109375 0.178125 0.103125
6 0.1359375 0.9859375 0.14375 0.0265625
6 0.7953125 0.965625 0.1890625 0.06875
6 0.9125 0.0875 0.0734375 0.171875