6 0.6640625 0.3265625 0.159375 0.2203125
6 0.5515625 0.271875 0.15625 0.1796875
6 0.371875 0.2375 0.2203125 0.1265625
6 0.128125 0.3015625 0.25625 0.1609375
6 0.0640625 0.2 0.128125 0.1078125
6 0.2390625 0.384375 0.1125 0.1984375
6 0.2734375 0.4953125 0.1875 0.115625
6 0.4078125 0.4109375 0.096875 0.2046875
6 0.34375 0.3625 0.109375 0.0671875
6 0.5078125 0.4796875 0.1109375 0.1859375
6 0.625 0.4890625 0.1265625 0.178125
6 0.6328125 0.6015625 0.18125 0.1421875
6 0.7765625 0.584375 0.1015625 0.21875
6 0.7796875 0.7390625 0.1953125 0.1484375
6 0.9078125 0.596875 0.18125 0.1109375
6 0.934375 0.465625 0.128125 0.1984375
6 0.940625 0.7609375 0.115625 0.1328125
6 0.446875 0.76875 0.2078125 0.115625
6 0.453125 0.6203125 0.13125 0.2421875
6 0.134375 0.625 0.15 0.221875
6 0.13125 0.4453125 0.1125 0.1765625
6 0.053125 0.4328125 0.096875 0.1421875
6 0.5515625 0.0328125 0.15625 0.065625
6 0.3703125 0.0375 0.2203125 0.075
6 0.0640625 0.0515625 0.128125 0.103125
6 0.778125 0.9671875 0.1953125 0.0640625
6 0.940625 0.9609375 0.115625 0.078125
6 0.4453125 0.9609375 0.2078125 0.0765625