9 0.4578125 0.5421875 0.146875 0.0765625
9 0.45 0.475 0.1078125 0.0984375
9 0.4453125 0.3671875 0.096875 0.0765625
9 0.31875 0.425 0.1203125 0.0625
9 0.2390625 0.3734375 0.0921875 0.1125
9 0.1390625 0.41875 0.1203125 0.0703125
9 0.2453125 0.496875 0.0890625 0.1171875
9 0.215625 0.5484375 0.109375 0.0765625
9 0.2390625 0.65 0.0921875 0.0875
9 0.3015625 0.7203125 0.1171875 0.040625
9 0.3390625 0.675 0.0515625 0.096875
9 0.321875 0.5375 0.0703125 0.1375
9 0.346875 0.446875 0.0796875 0.084375
9 0.384375 0.6390625 0.0375 0.13125
9 0.434375 0.6125 0.0640625 0.1109375
9 0.453125 0.7390625 0.096875 0.08125
9 0.496875 0.6890625 0.034375 0.11875
9 0.5359375 0.628125 0.06875 0.11875
9 0.6140625 0.54375 0.0671875 0.0953125
9 0.6 0.4875 0.065625 0.1265625
9 0.6515625 0.3890625 0.1328125 0.06875
9 0.6515625 0.4 0.065625 0.1140625
9 0.546875 0.3140625 0.1296875 0.0671875
9 0.5734375 0.265625 0.0640625 0.09375
9 0.35625 0.2328125 0.1140625 0.0296875
9 0.2703125 0.2453125 0.075 0.053125
9 0.6921875 0.2984375 0.1328125 0.06875
9 0.678125 0.34375 0.125 0.078125
9 0.75 0.4 0.0875 0.09375
9 0.715625 0.5140625 0.046875 0.0984375
9 0.7578125 0.55625 0.0546875 0.125
9 0.6890625 0.6015625 0.10625 0.0875
9 0.8296875 0.61875 0.04375 0.096875
9 0.8171875 0.50625 0.078125 0.1125
9 0.946875 0.5125 0.1046875 0.0828125
9 0.9421875 0.6234375 0.0859375 0.1203125
9 0.934375 0.703125 0.08125 0.11875
9 0.8125 0.73125 0.0765625 0.0734375
9 0.6984375 0.75625 0.065625 0.046875
9 0.834375 0.284375 0.1828125 0.0890625
9 0.8140625 0.365625 0.0921875 0.1046875
9 0.965625 0.2828125 0.0671875 0.0921875
9 0.8953125 0.2890625 0.0921875 0.0921875
9 0.9578125 0.3890625 0.08125 0.0796875
9 0.4578125 0.9890625 0.146875 0.0203125
9 0.4453125 0.0703125 0.096875 0.0765625
9 0.3171875 0.021875 0.1203125 0.04375
9 0.2390625 0.0640625 0.0921875 0.1125
9 0.1375 0.0265625 0.1203125 0.053125
9 0.215625 0.9859375 0.109375 0.0265625
9 0.2390625 0.9109375 0.0921875 0.0875
9 0.3015625 0.840625 0.1171875 0.040625
9 0.3390625 0.8859375 0.0515625 0.096875
9 0.3203125 0.9765625 0.0703125 0.0453125
9 0.34453125 0.015625 0.0796875 0.03125
9 0.384375 0.921875 0.0375 0.13125
9 0.4328125 0.9453125 0.0640625 0.1078125
9 0.453125 0.821875 0.096875 0.08125
9 0.496875 0.871875 0.034375 0.11875
9 0.5359375 0.9328125 0.06875 0.11875
9 0.6125 0.984375 0.0671875 0.03125
9 0.6515625 0.0484375 0.1328125 0.06875
9 0.6515625 0.046875 0.065625 0.09375
9 0.546875 0.1234375 0.1296875 0.0671875
9 0.5734375 0.171875 0.0640625 0.09375
9 0.35625 0.2046875 0.1140625 0.0296875
9 0.2703125 0.1921875 0.075 0.053125
9 0.6921875 0.1390625 0.1328125 0.06875
9 0.678125 0.09375 0.125 0.078125
9 0.75 0.0421875 0.0875 0.084375
9 0.75625 0.9703125 0.0546875 0.0578125
9 0.6890625 0.9578125 0.10625 0.084375
9 0.8296875 0.9421875 0.04375 0.096875
9 0.9421875 0.9375 0.0859375 0.1203125
9 0.934375 0.8578125 0.08125 0.11875
9 0.8125 0.8296875 0.0765625 0.0734375
9 0.6984375 0.8046875 0.065625 0.046875
9 0.834375 0.153125 0.1828125 0.0890625
9 0.8140625 0.071875 0.0921875 0.1046875
9 0.965625 0.1546875 0.0671875 0.0921875
9 0.8953125 0.1484375 0.0921875 0.0921875
9 0.9578125 0.0484375 0.08125 0.0796875