6 0.446875 0.4921875 0.2375 0.1296875
6 0.671875 0.4484375 0.1203125 0.2109375
6 0.8015625 0.4421875 0.121875 0.19375
6 0.8234375 0.246875 0.159375 0.1515625
6 0.959375 0.24375 0.0796875 0.184375
6 0.3296875 0.2953125 0.2 0.2609375
6 0.2546875 0.740625 0.265625 0.1796875
6 0.459375 0.6640625 0.2203125 0.16875
6 0.70625 0.76875 0.1640625 0.221875
6 0.86875 0.596875 0.246875 0.1328125
6 0.075 0.834375 0.15 0.0984375
6 0.8234375 0.028125 0.159375 0.05625
6 0.95625 0.0375 0.0796875 0.075
6 0.3296875 0.03125 0.2 0.0625
6 0.2546875 0.96875 0.265625 0.0625
6 0.7046875 0.94375 0.1640625 0.1109375
6 0.075 0.934375 0.15 0.0984375