6 0.5765625 0.421875 0.134375 0.1640625
6 0.384375 0.39375 0.190625 0.159375
6 0.2015625 0.28125 0.178125 0.1234375
6 0.0953125 0.415625 0.15 0.1796875
6 0.1015625 0.578125 0.1640625 0.096875
6 0.390625 0.2390625 0.19375 0.140625
6 0.8125 0.34375 0.171875 0.115625
6 0.675 0.471875 0.1125 0.1640625
6 0.8515625 0.540625 0.159375 0.1765625
6 0.5203125 0.740625 0.134375 0.1765625
6 0.2015625 0.0578125 0.178125 0.115625
6 0.390625 0.0984375 0.19375 0.140625
6 0.8125 0.025 0.171875 0.05
6 0.5203125 0.915625 0.134375 0.1671875