6 0.3296875 0.4875 0.0921875 0.06875
6 0.3046875 0.5734375 0.1078125 0.0671875
6 0.2890625 0.625 0.134375 0.075
6 0.3859375 0.7671875 0.103125 0.10625
6 0.465625 0.7140625 0.103125 0.09375
6 0.4984375 0.665625 0.090625 0.08125
6 0.5015625 0.60625 0.1078125 0.053125
6 0.44375 0.5578125 0.1140625 0.0625
6 0.45625 0.5078125 0.090625 0.0421875
6 0.453125 0.465625 0.103125 0.08125
6 0.5125 0.3703125 0.1234375 0.0875
6 0.5765625 0.4171875 0.0984375 0.0703125
6 0.653125 0.465625 0.06875 0.1125
6 0.578125 0.5328125 0.08125 0.1375
6 0.646875 0.546875 0.1109375 0.06875
6 0.63125 0.64375 0.1125 0.109375
6 0.75 0.68125 0.1078125 0.0828125
6 0.84375 0.721875 0.11875 0.0625
6 0.9265625 0.796875 0.0453125 0.121875
6 0.8328125 0.81875 0.065625 0.109375
6 0.6890625 0.8390625 0.1078125 0.0703125
6 0.646875 0.7375 0.053125 0.1078125
6 0.278125 0.7765625 0.1125 0.1140625
6 0.0578125 0.6328125 0.115625 0.121875
6 0.075 0.5015625 0.0953125 0.125
6 0.1640625 0.44375 0.11875 0.1
6 0.1140625 0.4109375 0.1109375 0.04375
6 0.18125 0.359375 0.1484375 0.0640625
6 0.125 0.29375 0.115625 0.06875
6 0.1515625 0.2359375 0.0859375 0.046875
6 0.221875 0.2046875 0.0625 0.040625
6 0.1984375 0.153125 0.090625 0.0578125
6 0.3125 0.2140625 0.078125 0.065625
6 0.35 0.2796875 0.103125 0.0953125
6 0.4 0.196875 0.0578125 0.0640625
6 0.459375 0.159375 0.1046875 0.06875
6 0.4703125 0.2171875 0.078125 0.0796875
6 0.46875 0.3453125 0.1296875 0.078125
6 0.684375 0.1984375 0.1046875 0.0640625
6 0.81875 0.190625 0.0859375 0.075
6 0.778125 0.2734375 0.071875 0.1078125
6 0.90625 0.2984375 0.09375 0.065625
6 0.896875 0.2546875 0.0890625 0.0484375
6 0.9203125 0.175 0.084375 0.1
6 0.9234375 0.403125 0.084375 0.0375
6 0.8390625 0.3625 0.103125 0.0671875
6 0.7296875 0.4015625 0.103125 0.04375
6 0.734375 0.471875 0.0578125 0.1109375
6 0.6328125 0.3453125 0.1109375 0.0859375
6 0.6578125 0.2875 0.0671875 0.103125
6 0.6109375 0.26875 0.0515625 0.0828125
6 0.5625 0.21875 0.065625 0.0625
6 0.528125 0.2890625 0.0609375 0.090625
6 0.478125 0.28125 0.0859375 0.0640625
6 0.9671875 0.603125 0.0640625 0.0703125
6 0.9640625 0.690625 0.0703125 0.0921875
6 0.925 0.4953125 0.1 0.0703125
6 0.975 0.484375 0.0484375 0.0640625
6 0.846875 0.45625 0.0734375 0.0984375
6 0.9734375 0.3625 0.05 0.1046875
6 0.3859375 0.9640625 0.103125 0.0703125
6 0.925 0.9453125 0.0453125 0.1078125
6 0.8328125 0.93125 0.065625 0.109375
6 0.6890625 0.9109375 0.1078125 0.0703125
6 0.646875 0.978125 0.053125 0.0421875
6 0.278125 0.9578125 0.1125 0.084375
6 0.15 0.01875 0.0859375 0.0375
6 0.221875 0.0453125 0.0625 0.040625
6 0.1984375 0.096875 0.090625 0.0578125
6 0.3125 0.0359375 0.078125 0.065625
6 0.4 0.053125 0.0578125 0.0640625
6 0.459375 0.090625 0.1046875 0.06875
6 0.4703125 0.0359375 0.078125 0.071875
6 0.684375 0.0515625 0.1046875 0.0640625
6 0.81875 0.059375 0.0859375 0.075
6 0.778125 0.0140625 0.071875 0.028125
6 0.8953125 0.009375 0.0890625 0.01875
6 0.9203125 0.075 0.084375 0.1
6 0.609375 0.0109375 0.0515625 0.021875
6 0.5625 0.03125 0.065625 0.0625