6 0.6734375 0.4375 0.0796875 0.0546875
6 0.7921875 0.3359375 0.0796875 0.0625
6 0.8171875 0.2625 0.0765625 0.071875
6 0.8015625 0.425 0.04375 0.0640625
6 0.6421875 0.5625 0.065625 0.0546875
6 0.7015625 0.628125 0.084375 0.075
6 0.5484375 0.725 0.05625 0.0765625
6 0.5359375 0.653125 0.0765625 0.0390625
6 0.46875 0.6046875 0.0234375 0.0640625
6 0.41875 0.6078125 0.046875 0.0546875
6 0.4265625 0.653125 0.059375 0.065625
6 0.38125 0.5921875 0.0421875 0.05
6 0.396875 0.6921875 0.0609375 0.0625
6 0.375 0.759375 0.0625 0.0578125
6 0.4125 0.7703125 0.0375 0.09375
6 0.2671875 0.7140625 0.0890625 0.071875
6 0.2421875 0.7984375 0.0796875 0.05625
6 0.4328125 0.55 0.0375 0.071875
6 0.3890625 0.540625 0.0546875 0.0765625
6 0.409375 0.4640625 0.05 0.040625
6 0.465625 0.484375 0.06875 0.0515625
6 0.54375 0.4953125 0.0515625 0.0625
6 0.5625 0.5671875 0.0640625 0.0453125
6 0.80625 0.646875 0.0671875 0.05625
6 0.9046875 0.4125 0.0390625 0.0671875
6 0.9375 0.415625 0.040625 0.071875
6 0.98125 0.4171875 0.034375 0.0390625
6 0.9625 0.80625 0.0640625 0.05
6 0.790625 0.809375 0.0578125 0.04375
6 0.84375 0.8125 0.05625 0.0390625
6 0.8109375 0.7109375 0.05 0.0671875
6 0.6953125 0.50625 0.0375 0.0515625
6 0.6921875 0.55 0.059375 0.0390625
6 0.5125 0.6125 0.0515625 0.040625
6 0.5203125 0.5328125 0.05625 0.0390625
6 0.7890625 0.0125 0.0796875 0.025
6 0.8171875 0.06875 0.0765625 0.071875
6 0.5484375 0.940625 0.05625 0.0765625
6 0.534375 0.9953125 0.0765625 0.0078125
6 0.4265625 0.9890625 0.059375 0.0203125
6 0.3953125 0.9703125 0.0609375 0.0578125
6 0.375 0.90625 0.0625 0.0578125
6 0.4125 0.8953125 0.0375 0.09375
6 0.2671875 0.9515625 0.0890625 0.071875
6 0.2421875 0.8671875 0.0796875 0.05625
6 0.9625 0.859375 0.0640625 0.05
6 0.790625 0.85625 0.0578125 0.04375
6 0.84375 0.853125 0.05625 0.0390625
6 0.8109375 0.9546875 0.05 0.0671875