6 0.5 0.315625 0.2515625 0.24375
6 0.671875 0.40625 0.3265625 0.2609375
6 0.5828125 0.55625 0.209375 0.128125
6 0.2890625 0.553125 0.18125 0.096875
6 0.3921875 0.646875 0.1828125 0.2015625
6 0.134375 0.371875 0.259375 0.34375
6 0.5515625 0.1703125 0.278125 0.090625
6 0.821875 0.609375 0.2609375 0.1703125
6 0.8359375 0.746875 0.1390625 0.1921875
6 0.8921875 0.8078125 0.2125 0.13125
6 0.2390625 0.1828125 0.225 0.115625
6 0.4984375 0.028125 0.2515625 0.05625
6 0.5515625 0.0796875 0.278125 0.090625
6 0.834375 0.9515625 0.1390625 0.0953125
6 0.8921875 0.9375 0.2125 0.125
6 0.2390625 0.0671875 0.225 0.115625