6 0.45625 0.434375 0.175 0.121875
6 0.5046875 0.5578125 0.1953125 0.1328125
6 0.240625 0.5078125 0.1390625 0.13125
6 0.0828125 0.3984375 0.165625 0.1296875
6 0.153125 0.334375 0.090625 0.096875
6 0.3453125 0.2125 0.1203125 0.103125
6 0.4453125 0.1671875 0.203125 0.084375
6 0.621875 0.1609375 0.1703125 0.0734375
6 0.896875 0.3328125 0.203125 0.1140625
6 0.73125 0.5203125 0.20625 0.11875
6 0.884375 0.659375 0.1109375 0.128125
6 0.7234375 0.7703125 0.153125 0.1203125
6 0.5703125 0.8265625 0.209375 0.09375
6 0.3859375 0.8390625 0.171875 0.0703125
6 0.134375 0.809375 0.1484375 0.128125
6 0.046875 0.2171875 0.09375 0.13125
6 0.3421875 0.04375 0.1203125 0.0875
6 0.4453125 0.0828125 0.203125 0.084375
6 0.621875 0.0890625 0.1703125 0.0734375
6 0.7234375 0.959375 0.153125 0.08125
6 0.5703125 0.9234375 0.209375 0.09375
6 0.3859375 0.9109375 0.171875 0.0703125
6 0.1328125 0.9375 0.1484375 0.1234375
6 0.046875 0.0484375 0.09375 0.096875