6 0.6515625 0.34375 0.0828125 0.0734375
6 0.66875 0.5109375 0.08125 0.1140625
6 0.6890625 0.628125 0.096875 0.0765625
6 0.5765625 0.6640625 0.0796875 0.1078125
6 0.459375 0.73125 0.0734375 0.0703125
6 0.23125 0.803125 0.0890625 0.06875
6 0.11875 0.7296875 0.0765625 0.0671875
6 0.1234375 0.6765625 0.0609375 0.0375
6 0.225 0.496875 0.075 0.075
6 0.384375 0.3375 0.1015625 0.0578125
6 0.278125 0.6109375 0.0703125 0.0625
6 0.303125 0.6609375 0.0546875 0.075
6 0.2125 0.690625 0.090625 0.0484375
6 0.225 0.63125 0.0765625 0.040625
6 0.1609375 0.5828125 0.0703125 0.05625
6 0.425 0.640625 0.0640625 0.09375
6 0.2296875 0.98125 0.0890625 0.0375