6 0.68125 0.6234375 0.090625 0.0859375
6 0.684375 0.7234375 0.09375 0.078125
6 0.7640625 0.725 0.1234375 0.090625
6 0.8421875 0.8453125 0.103125 0.084375
6 0.490625 0.76875 0.053125 0.08125
6 0.53125 0.8140625 0.078125 0.078125
6 0.4609375 0.7875 0.053125 0.09375
6 0.4 0.7359375 0.08125 0.059375
6 0.3890625 0.659375 0.05 0.0265625
6 0.3359375 0.665625 0.0484375 0.1046875
6 0.340625 0.565625 0.0578125 0.071875
6 0.359375 0.5171875 0.040625 0.084375
6 0.4125 0.5265625 0.0671875 0.0984375
6 0.3234375 0.4703125 0.0671875 0.0640625
6 0.3421875 0.3640625 0.06875 0.05
6 0.2875 0.403125 0.0625 0.06875
6 0.165625 0.421875 0.0515625 0.1
6 0.1109375 0.415625 0.0609375 0.071875
6 0.1421875 0.3078125 0.0421875 0.084375
6 0.178125 0.2828125 0.040625 0.090625
6 0.215625 0.2578125 0.0671875 0.0703125
6 0.2625 0.2375 0.0703125 0.08125
6 0.434375 0.1453125 0.075 0.0703125
6 0.4015625 0.14375 0.06875 0.0421875
6 0.1140625 0.221875 0.0953125 0.0546875
6 0.109375 0.2734375 0.05 0.0859375
6 0.065625 0.3109375 0.0609375 0.075
6 0.0328125 0.203125 0.0421875 0.078125
6 0.046875 0.4921875 0.053125 0.0703125
6 0.0609375 0.5703125 0.0796875 0.0875
6 0.1453125 0.5484375 0.071875 0.0828125
6 0.2140625 0.5703125 0.0453125 0.06875
6 0.2109375 0.690625 0.071875 0.0875
6 0.20625 0.7625 0.09375 0.0453125
6 0.2578125 0.8296875 0.0890625 0.090625
6 0.978125 0.8328125 0.040625 0.0578125
6 0.8546875 0.4203125 0.0671875 0.04375
6 0.73125 0.5125 0.05 0.0875
6 0.6125 0.55625 0.0671875 0.0828125
6 0.575 0.6 0.0359375 0.084375
6 0.525 0.5015625 0.0671875 0.0640625
6 0.503125 0.4359375 0.0671875 0.0421875
6 0.546875 0.3828125 0.078125 0.1015625
6 0.6671875 0.3625 0.075 0.05625
6 0.828125 0.1859375 0.0953125 0.0421875
6 0.7765625 0.20625 0.053125 0.0609375
6 0.94375 0.153125 0.0765625 0.0859375
6 0.9234375 0.3609375 0.05625 0.078125
6 0.8703125 0.3453125 0.05 0.06875
6 0.8203125 0.3578125 0.0609375 0.09375
6 0.896875 0.4890625 0.053125 0.0890625
6 0.8390625 0.5203125 0.0859375 0.0578125
6 0.8421875 0.93125 0.103125 0.084375
6 0.490625 0.9828125 0.053125 0.0328125
6 0.53125 0.9609375 0.078125 0.0765625
6 0.4609375 0.9703125 0.053125 0.0578125
6 0.2609375 0.0125 0.0703125 0.025
6 0.434375 0.0765625 0.075 0.0703125
6 0.4015625 0.078125 0.06875 0.0421875
6 0.1109375 0.0125 0.0953125 0.025
6 0.0296875 0.028125 0.0421875 0.05625
6 0.20625 0.9953125 0.09375 0.009375
6 0.2578125 0.946875 0.0890625 0.090625
6 0.978125 0.94375 0.040625 0.0578125
6 0.828125 0.0359375 0.0953125 0.0421875
6 0.7765625 0.021875 0.053125 0.04375
6 0.94375 0.06875 0.0765625 0.0859375