9 0.8453125 0.4421875 0.121875 0.20625
9 0.821875 0.2828125 0.2046875 0.096875
9 0.9484375 0.2890625 0.1015625 0.10625
9 0.215625 0.2796875 0.1765625 0.1046875
9 0.153125 0.196875 0.221875 0.059375
9 0.3765625 0.2796875 0.1453125 0.1046875
9 0.303125 0.2046875 0.11875 0.0765625
9 0.59375 0.3234375 0.103125 0.1984375
9 0.3796875 0.540625 0.1890625 0.090625
9 0.66875 0.6640625 0.11875 0.1421875
9 0.596875 0.5921875 0.09375 0.1734375
9 0.6953125 0.5125 0.140625 0.134375
9 0.8390625 0.7140625 0.24375 0.125
9 0.7015625 0.771875 0.1109375 0.11875
9 0.29375 0.6328125 0.1640625 0.134375
9 0.4984375 0.634375 0.1640625 0.1296875
9 0.3984375 0.4515625 0.1640625 0.125
9 0.3484375 0.3609375 0.2171875 0.1
9 0.509375 0.246875 0.078125 0.10625
9 0.5578125 0.2015625 0.140625 0.06875
9 0.821875 0.0515625 0.2046875 0.096875
9 0.94609375 0.0484375 0.1015625 0.096875
9 0.215625 0.0546875 0.1765625 0.1046875
9 0.153125 0.1375 0.221875 0.059375
9 0.3765625 0.0546875 0.1453125 0.1046875
9 0.303125 0.1296875 0.11875 0.0765625
9 0.59375 0.0546875 0.103125 0.109375
9 0.66875 0.9640625 0.11875 0.071875
9 0.8390625 0.94375 0.24375 0.1125
9 0.7015625 0.8921875 0.1109375 0.11875
9 0.2921875 0.98125 0.1640625 0.0359375
9 0.496875 0.98125 0.1640625 0.0359375
9 0.34609375 0.0109375 0.2171875 0.021875
9 0.509375 0.0875 0.078125 0.10625
9 0.5578125 0.1328125 0.140625 0.06875