9 0.4265625 0.30625 0.0875 0.071875
9 0.365625 0.3359375 0.075 0.109375
9 0.2296875 0.45625 0.1015625 0.121875
9 0.078125 0.4359375 0.0875 0.1
9 0.0125 0.346875 0.025 0.13125
9 0.0328125 0.5390625 0.065625 0.121875
9 0.10625 0.7375 0.0859375 0.10625
9 0.2375 0.6125 0.0875 0.1109375
9 0.334375 0.6140625 0.0640625 0.078125
9 0.409375 0.696875 0.084375 0.0765625
9 0.46875 0.5734375 0.075 0.0859375
9 0.55625 0.5515625 0.090625 0.065625
9 0.590625 0.3703125 0.0734375 0.1046875
9 0.6578125 0.3890625 0.0859375 0.121875
9 0.7421875 0.375 0.1 0.10625
9 0.6921875 0.1984375 0.0921875 0.1046875
9 0.634375 0.6109375 0.0609375 0.084375
9 0.5734375 0.625 0.0609375 0.09375
9 0.1046875 0.9859375 0.0859375 0.0265625
9 0.690625 0.04375 0.0921875 0.0875