9 0.4546875 0.496875 0.1484375 0.2375
9 0.5171875 0.2875 0.196875 0.2375
9 0.153125 0.25625 0.2140625 0.1296875
9 0.046875 0.325 0.09375 0.2546875
9 0.221875 0.1546875 0.178125 0.0671875
9 0.85 0.25625 0.2453125 0.178125
9 0.80625 0.38125 0.2375 0.2546875
9 0.8828125 0.1765625 0.23125 0.1109375
9 0.7 0.5109375 0.259375 0.28125
9 0.5421875 0.615625 0.128125 0.2734375
9 0.4046875 0.7484375 0.21875 0.1734375
9 0.2859375 0.6484375 0.20625 0.203125
9 0.14375 0.465625 0.2578125 0.184375
9 0.409375 0.85625 0.121875 0.0375
9 0.528125 0.81875 0.165625 0.1140625
9 0.7078125 0.7328125 0.2984375 0.165625
9 0.9234375 0.73125 0.15 0.25
9 0.7578125 0.8203125 0.1640625 0.1109375
9 0.5171875 0.0375 0.196875 0.075
9 0.15078125 0.025 0.2140625 0.05
9 0.221875 0.0890625 0.178125 0.0671875
9 0.84765625 0.0375 0.2453125 0.075
9 0.8828125 0.0671875 0.23125 0.1109375
9 0.4046875 0.9578125 0.21875 0.0828125
9 0.409375 0.896875 0.121875 0.0375
9 0.528125 0.934375 0.165625 0.1140625
9 0.70625 0.96875 0.2984375 0.0625
9 0.9234375 0.9484375 0.15 0.103125
9 0.7578125 0.9328125 0.1640625 0.1109375