9 0.59375 0.4484375 0.1421875 0.29375
9 0.7828125 0.5046875 0.1234375 0.2296875
9 0.84375 0.3328125 0.1796875 0.13125
9 0.696875 0.309375 0.20625 0.1125
9 0.7921875 0.23125 0.1484375 0.103125
9 0.6625 0.1640625 0.1859375 0.0609375
9 0.5375 0.271875 0.234375 0.2203125
9 0.35 0.2296875 0.165625 0.190625
9 0.259375 0.4578125 0.1203125 0.328125
9 0.2171875 0.6703125 0.1421875 0.1875
9 0.078125 0.5109375 0.15625 0.225
9 0.3296875 0.7921875 0.184375 0.146875
9 0.55625 0.7390625 0.271875 0.1234375
9 0.78984375 0.04375 0.1484375 0.0875
9 0.6625 0.1046875 0.1859375 0.0609375
9 0.5375 0.053125 0.234375 0.10625
9 0.35 0.0671875 0.165625 0.134375
9 0.3296875 0.9328125 0.184375 0.134375
9 0.55625 0.9640625 0.271875 0.0703125