9 0.39375 0.5 0.3015625 0.24375
9 0.540625 0.6296875 0.146875 0.296875
9 0.665625 0.465625 0.18125 0.2984375
9 0.821875 0.1109375 0.1234375 0.221875
9 0.590625 0.0796875 0.18125 0.159375
9 0.390625 0.1671875 0.1 0.225
9 0.1734375 0.1234375 0.1265625 0.246875
9 0.3765625 0.15 0.165625 0.1125
9 0.3953125 0.8828125 0.240625 0.2109375
9 0.1765625 0.759375 0.1328125 0.16875
9 0.7203125 0.7046875 0.1984375 0.2328125
9 0.94375 0.1109375 0.1125 0.221875
9 0.0546875 0.1234375 0.109375 0.246875
9 0.0546875 0.759375 0.109375 0.16875
9 0.9765625 0.703125 0.046875 0.2328125