2 0.40625 0.69375 0.171875 0.159375
2 0.2875 0.3453125 0.24375 0.1265625
2 0.415625 0.509375 0.2703125 0.1375
2 0.7296875 0.5046875 0.20625 0.1203125
2 0.6515625 0.25625 0.184375 0.1046875
2 0.9 0.325 0.153125 0.0875
2 0.834375 0.2015625 0.1296875 0.071875
2 0.6546875 0.2046875 0.1875 0.0796875
2 0.40625 0.9453125 0.171875 0.109375
2 0.2875 0.0234375 0.24375 0.046875
2 0.6515625 0.075 0.184375 0.1046875
2 0.9 0.025 0.153125 0.05
2 0.834375 0.1296875 0.1296875 0.071875
2 0.6546875 0.1265625 0.1875 0.0796875