2 0.4625 0.3578125 0.0234375 0.0421875
2 0.5765625 0.609375 0.0515625 0.0421875
2 0.65 0.475 0.0515625 0.0390625
2 0.540625 0.371875 0.0390625 0.0296875
2 0.4609375 0.7546875 0.046875 0.0390625
2 0.3578125 0.425 0.034375 0.03125
2 0.5796875 0.471875 0.0390625 0.040625
2 0.70625 0.4984375 0.0375 0.040625
2 0.6859375 0.290625 0.03125 0.04375
2 0.496875 0.490625 0.0296875 0.0234375
2 0.4125 0.3953125 0.0265625 0.034375
2 0.3265625 0.3984375 0.0203125 0.040625
2 0.5421875 0.4328125 0.0171875 0.0296875
2 0.6234375 0.2828125 0.03125 0.04375