10 0.553125 0.528125 0.090625 0.159375
10 0.4609375 0.478125 0.103125 0.134375
10 0.390625 0.4140625 0.0828125 0.1328125
10 0.5234375 0.3609375 0.1453125 0.1046875
10 0.5203125 0.3 0.1109375 0.0734375
10 0.61875 0.2640625 0.153125 0.0890625
10 0.625 0.190625 0.1171875 0.10625
10 0.7375 0.175 0.10625 0.1
10 0.6453125 0.35625 0.0875 0.1375
10 0.6078125 0.6546875 0.0890625 0.134375
10 0.496875 0.7203125 0.071875 0.153125
10 0.61875 0.0140625 0.153125 0.028125
10 0.625 0.059375 0.1171875 0.10625
10 0.7375 0.075 0.10625 0.1
10 0.496875 0.9765625 0.071875 0.046875