2 0.696875 0.4390625 0.090625 0.0703125
2 0.465625 0.3359375 0.10625 0.084375
2 0.5203125 0.7078125 0.08125 0.0765625
2 0.7609375 0.7828125 0.0765625 0.0921875
2 0.60625 0.4203125 0.0828125 0.0640625
2 0.5125 0.45625 0.065625 0.06875
2 0.425 0.4828125 0.0765625 0.0640625
2 0.2921875 0.6375 0.0828125 0.0921875
2 0.3484375 0.315625 0.1078125 0.05625
2 0.2828125 0.475 0.1015625 0.0484375
2 0.9234375 0.7078125 0.090625 0.109375
2 0.36875 0.471875 0.071875 0.065625
2 0.1578125 0.284375 0.0484375 0.046875
2 0.6765625 0.346875 0.0515625 0.046875
2 0.759375 0.95625 0.0765625 0.0875