2 0.2125 0.8390625 0.171875 0.15625
2 0.503125 0.3296875 0.3625 0.2765625
2 0.58125 0.6453125 0.359375 0.2828125
2 0.178125 0.275 0.10625 0.2015625
2 0.184375 0.9625 0.090625 0.071875
2 0.7734375 0.259375 0.146875 0.246875
2 0.215625 0.5625 0.18125 0.1328125
2 0.3765625 0.5515625 0.209375 0.1328125
2 0.35625 0.871875 0.1078125 0.1828125
2 0.490625 0.925 0.1140625 0.1484375
2 0.0609375 0.8390625 0.121875 0.15625
2 0.071875 0.275 0.10625 0.2015625
2 0.065625 0.9625 0.090625 0.071875
2 0.9515625 0.259375 0.096875 0.246875
2 0.0625 0.5609375 0.125 0.1328125