0 0.73125 0.8375 0.0359375 0.040625
0 0.8609375 0.540625 0.0484375 0.03125
0 0.7796875 0.7578125 0.0484375 0.0359375
0 0.95625 0.7609375 0.0484375 0.025
0 0.959375 0.8296875 0.05 0.0234375
0 0.85 0.6890625 0.0421875 0.0328125
0 0.596875 0.3125 0.040625 0.0359375
0 0.6984375 0.41875 0.05625 0.03125
0 0.959375 0.565625 0.0328125 0.0390625
0 0.821875 0.6453125 0.0359375 0.053125
0 0.6359375 0.325 0.0359375 0.0390625
0 0.8484375 0.85 0.0453125 0.01875
0 0.4546875 0.7046875 0.0359375 0.0265625
0 0.88125 0.4 0.0484375 0.05
0 0.0953125 0.1828125 0.0296875 0.028125
0 0.565625 0.859375 0.03125 0.028125
0 0.928125 0.553125 0.04375 0.0296875
0 0.8734375 0.803125 0.021875 0.0265625
0 0.309375 0.6484375 0.0359375 0.0390625
0 0.6625 0.828125 0.0484375 0.0265625
0 0.3046875 0.6859375 0.0359375 0.0390625
0 0.2109375 0.6953125 0.046875 0.04375
0 0.615625 0.35 0.0296875 0.0359375
0 0.73125 0.271875 0.0359375 0.05
0 0.66875 0.609375 0.034375 0.025
0 0.9546875 0.3890625 0.04375 0.0515625
0 0.5703125 0.740625 0.0484375 0.0328125
0 0.5875 0.4640625 0.0359375 0.025
0 0.4796875 0.228125 0.046875 0.03125
0 0.809375 0.828125 0.0453125 0.0234375
0 0.6734375 0.2546875 0.0515625 0.0234375
0 0.2796875 0.6046875 0.028125 0.034375
0 0.9703125 0.790625 0.0265625 0.034375
0 0.165625 0.4015625 0.040625 0.0234375
0 0.3390625 0.7734375 0.028125 0.0328125
0 0.2 0.640625 0.040625 0.04375
0 0.9765625 0.45625 0.0453125 0.034375
0 0.44375 0.3921875 0.028125 0.034375
0 0.871875 0.83125 0.04375 0.0234375
0 0.478125 0.1953125 0.03125 0.0375
0 0.4734375 0.765625 0.0453125 0.04375
0 0.9890625 0.746875 0.0203125 0.0328125
0 0.20625 0.3078125 0.040625 0.0265625
0 0.9859375 0.6390625 0.0265625 0.0234375
0 0.6640625 0.53125 0.0328125 0.04375
0 0.63125 0.5296875 0.0265625 0.0484375
0 0.6765625 0.1890625 0.0515625 0.0375
0 0.4359375 0.83125 0.0328125 0.0375
0 0.3984375 0.828125 0.025 0.0328125
0 0.246875 0.821875 0.0265625 0.03125
0 0.2921875 0.8609375 0.028125 0.0265625
0 0.484375 0.6765625 0.046875 0.028125
0 0.859375 0.8296875 0.0328125 0.0234375
0 0.10625 0.75 0.0421875 0.04375
0 0.128125 0.44375 0.03125 0.0265625
0 0.165625 0.325 0.046875 0.025
0 0.1328125 0.3390625 0.0421875 0.0234375
0 0.4203125 0.5828125 0.0328125 0.034375
0 0.40625 0.14375 0.0359375 0.03125
0 0.425 0.4328125 0.0453125 0.025
0 0.921875 0.671875 0.0375 0.0328125
0 0.8578125 0.2703125 0.0375 0.03125
0 0.3171875 0.4359375 0.0390625 0.0234375
0 0.6078125 0.5015625 0.03125 0.0375
0 0.321875 0.8265625 0.0375 0.01875
0 0.2546875 0.446875 0.0296875 0.0390625
0 0.6015625 0.5375 0.0328125 0.0234375
0 0.1765625 0.8140625 0.03125 0.0421875
0 0.5765625 0.66875 0.03125 0.01875
0 0.2109375 0.7734375 0.0328125 0.0390625
0 0.2171875 0.359375 0.03125 0.0328125
0 0.3421875 0.290625 0.0421875 0.021875
0 0.153125 0.45625 0.0296875 0.034375
0 0.3828125 0.85 0.0296875 0.0390625
0 0.8890625 0.7015625 0.0234375 0.0140625
0 0.1375 0.8640625 0.028125 0.01875
0 0.4859375 0.51875 0.040625 0.03125
0 0.36875 0.203125 0.034375 0.0234375
0 0.3421875 0.678125 0.0390625 0.0375
0 0.1375 0.1828125 0.040625 0.03125
0 0.4921875 0.403125 0.034375 0.03125
0 0.1890625 0.546875 0.028125 0.0390625
0 0.9046875 0.5546875 0.034375 0.0328125
0 0.1171875 0.65625 0.0375 0.0265625
0 0.9703125 0.8 0.0265625 0.0234375
0 0.575 0.584375 0.04375 0.034375
0 0.565625 0.5046875 0.0328125 0.0421875
0 0.5484375 0.4796875 0.025 0.04375
0 0.446875 0.546875 0.0328125 0.0265625
0 0.453125 0.5921875 0.028125 0.0328125
0 0.45 0.609375 0.0375 0.0203125
0 0.415625 0.6203125 0.03125 0.0390625
0 0.3109375 0.60625 0.03125 0.0328125
0 0.38125 0.5765625 0.0296875 0.0296875
0 0.2953125 0.4609375 0.0375 0.01875
0 0.2875 0.5 0.03125 0.0234375
0 0.51875 0.3578125 0.025 0.0296875
0 0.446875 0.3046875 0.04375 0.0265625
0 0.353125 0.2734375 0.0390625 0.025
0 0.55625 0.1375 0.0484375 0.0265625
0 0.3140625 0.234375 0.034375 0.03125
0 0.3359375 0.1875 0.0203125 0.0328125
0 0.35625 0.1796875 0.03125 0.0296875
0 0.3875 0.1328125 0.01875 0.0171875
0 0.2828125 0.2875 0.028125 0.0296875
0 0.8171875 0.365625 0.046875 0.034375
0 0.73125 0.9125 0.0359375 0.040625
0 0.778125 0.9859375 0.0484375 0.0265625
0 0.9546875 0.9875 0.0484375 0.0234375
0 0.959375 0.9203125 0.05 0.0234375
0 0.8484375 0.9 0.0453125 0.01875
0 0.0953125 0.0671875 0.0296875 0.028125
0 0.565625 0.890625 0.03125 0.028125
0 0.8734375 0.946875 0.021875 0.0265625
0 0.6625 0.921875 0.0484375 0.0265625
0 0.56875 0.9953125 0.0484375 0.0078125
0 0.4796875 0.021875 0.046875 0.03125
0 0.809375 0.921875 0.0453125 0.0234375
0 0.671875 0.003125 0.0515625 0.00625
0 0.9703125 0.959375 0.0265625 0.034375
0 0.3390625 0.9765625 0.028125 0.0328125
0 0.871875 0.91875 0.04375 0.0234375
0 0.478125 0.0546875 0.03125 0.0375
0 0.471875 0.98125 0.0453125 0.0375
0 0.9875 0.9921875 0.0203125 0.0140625
0 0.6765625 0.0609375 0.0515625 0.0375
0 0.4359375 0.91875 0.0328125 0.0375
0 0.3984375 0.921875 0.025 0.0328125
0 0.246875 0.928125 0.0265625 0.03125
0 0.2921875 0.8890625 0.028125 0.0265625
0 0.859375 0.9203125 0.0328125 0.0234375
0 0.1046875 0.9890625 0.0421875 0.021875
0 0.40625 0.10625 0.0359375 0.03125
0 0.321875 0.9234375 0.0375 0.01875
0 0.1765625 0.9359375 0.03125 0.0421875
0 0.2109375 0.9765625 0.0328125 0.0390625
0 0.3828125 0.9 0.0296875 0.0390625
0 0.1375 0.8859375 0.028125 0.01875
0 0.36875 0.046875 0.034375 0.0234375
0 0.1375 0.0671875 0.040625 0.03125
0 0.9703125 0.95 0.0265625 0.0234375
0 0.55625 0.1125 0.0484375 0.0265625
0 0.3140625 0.015625 0.034375 0.03125
0 0.3359375 0.0625 0.0203125 0.0328125
0 0.35625 0.0703125 0.03125 0.0296875
0 0.3875 0.1171875 0.01875 0.0171875