0 0.5421875 0.3609375 0.09375 0.0765625
0 0.546875 0.4890625 0.115625 0.0609375
0 0.571875 0.4078125 0.128125 0.046875
0 0.565625 0.60625 0.1140625 0.059375
0 0.5421875 0.45 0.1109375 0.040625
0 0.4046875 0.3921875 0.109375 0.05
0 0.3765625 0.7078125 0.103125 0.04375
0 0.4015625 0.4453125 0.0953125 0.04375
0 0.3875 0.63125 0.1046875 0.046875
0 0.309375 0.621875 0.059375 0.0703125
0 0.4 0.521875 0.1109375 0.0609375
0 0.3984375 0.578125 0.08125 0.0765625
0 0.45 0.3625 0.0609375 0.0625
0 0.3765625 0.95625 0.103125 0.04375