0 0.55 0.590625 0.0953125 0.065625
0 0.2671875 0.309375 0.0984375 0.0734375
0 0.5 0.68125 0.0703125 0.075
0 0.6109375 0.415625 0.078125 0.0875
0 0.4359375 0.6015625 0.0890625 0.0546875
0 0.409375 0.6734375 0.0796875 0.090625
0 0.35625 0.3984375 0.10625 0.08125
0 0.44375 0.340625 0.0984375 0.0890625
0 0.284375 0.2546875 0.09375 0.08125
0 0.7796875 0.375 0.0953125 0.0484375
0 0.478125 0.4609375 0.0625 0.0796875
0 0.1484375 0.3234375 0.11875 0.0671875
0 0.853125 0.5046875 0.0859375 0.0578125
0 0.7078125 0.440625 0.0921875 0.040625
0 0.6359375 0.253125 0.1140625 0.059375
0 0.68125 0.3640625 0.0578125 0.0640625
0 0.54375 0.440625 0.05625 0.046875
0 0.3234375 0.7203125 0.046875 0.0515625
0 0.56875 0.3546875 0.0515625 0.0609375
0 0.940625 0.8171875 0.0671875 0.065625
0 0.3890625 0.84375 0.040625 0.034375
0 0.228125 0.8390625 0.0390625 0.04375
0 0.284375 0.0265625 0.09375 0.053125
0 0.63359375 0.021875 0.1140625 0.04375
0 0.3234375 0.9890625 0.046875 0.0203125
0 0.940625 0.909375 0.0671875 0.065625
0 0.3890625 0.8828125 0.040625 0.034375
0 0.228125 0.8875 0.0390625 0.04375