9 0.3921875 0.471875 0.0625 0.1375
9 0.5328125 0.490625 0.0765625 0.0890625
9 0.5390625 0.575 0.0703125 0.065625
9 0.621875 0.5578125 0.04375 0.140625
9 0.7234375 0.3890625 0.0640625 0.115625
9 0.721875 0.2953125 0.0734375 0.0765625
9 0.684375 0.165625 0.090625 0.0828125
9 0.5796875 0.1828125 0.10625 0.0828125
9 0.5203125 0.228125 0.0703125 0.09375
9 0.465625 0.1734375 0.053125 0.0875
9 0.459375 0.253125 0.0546875 0.0921875
9 0.3515625 0.3265625 0.0796875 0.090625
9 0.3171875 0.5515625 0.0828125 0.115625
9 0.259375 0.6953125 0.0375 0.140625
9 0.296875 0.734375 0.0484375 0.11875
9 0.325 0.7484375 0.0390625 0.1390625
9 0.35 0.628125 0.0453125 0.115625
9 0.390625 0.6296875 0.053125 0.15
9 0.4375 0.625 0.06875 0.0640625
9 0.534375 0.675 0.0734375 0.071875
9 0.79375 0.6828125 0.11875 0.096875
9 0.8734375 0.6359375 0.0578125 0.090625
9 0.6515625 0.2984375 0.059375 0.13125
9 0.596875 0.425 0.0671875 0.103125
9 0.5421875 0.3796875 0.0765625 0.08125
9 0.621875 0.371875 0.090625 0.0703125
9 0.6 0.290625 0.090625 0.128125
9 0.978125 0.6359375 0.04375 0.090625