9 0.559375 0.1046875 0.090625 0.140625
9 0.5546875 0.3359375 0.103125 0.1421875
9 0.515625 0.4625 0.06875 0.0921875
9 0.546875 0.5265625 0.103125 0.125
9 0.48125 0.6328125 0.134375 0.0875
9 0.4640625 0.7234375 0.1109375 0.090625
9 0.3484375 0.784375 0.0984375 0.1359375
9 0.4265625 0.8828125 0.065625 0.1109375
9 0.3046875 0.8046875 0.0796875 0.1078125
9 0.9125 0.1046875 0.090625 0.140625
9 0.0109375 0.334375 0.021875 0.1421875
9 0.9171875 0.3359375 0.103125 0.1421875
9 0.021875 0.4609375 0.04375 0.0921875
9 0.95625 0.4625 0.06875 0.0921875
9 0.0140625 0.5265625 0.028125 0.125
9 0.925 0.5265625 0.103125 0.125
9 0.0546875 0.6328125 0.109375 0.0875
9 0.9609375 0.6328125 0.0765625 0.0875
9 0.0609375 0.7234375 0.1109375 0.090625
9 0.975 0.7234375 0.0484375 0.090625
9 0.1765625 0.784375 0.0984375 0.1359375
9 0.0984375 0.8828125 0.065625 0.1109375
9 0.2203125 0.8046875 0.0796875 0.1078125