9 0.4234375 0.378125 0.2203125 0.271875
9 0.184375 0.253125 0.315625 0.196875
9 0.2328125 0.615625 0.2515625 0.3265625
9 0.0765625 0.796875 0.13125 0.09375
9 0.28125 0.8046875 0.2078125 0.078125
9 0.4703125 0.6265625 0.1984375 0.3328125
9 0.678125 0.503125 0.2984375 0.2625
9 0.6625 0.6953125 0.203125 0.271875
9 0.884375 0.375 0.2234375 0.175
9 0.9234375 0.2375 0.1515625 0.165625
9 0.65 0.2078125 0.146875 0.1078125
9 0.934375 0.553125 0.1296875 0.1875
9 0.8625 0.75625 0.240625 0.1734375
9 0.42109375 0.0328125 0.2203125 0.065625
9 0.184375 0.0765625 0.315625 0.153125
9 0.23125 0.9546875 0.2515625 0.090625
9 0.0765625 0.8921875 0.13125 0.09375
9 0.28125 0.884375 0.2078125 0.078125
9 0.46875 0.946875 0.1984375 0.1046875
9 0.6625 0.928125 0.203125 0.1421875
9 0.92109375 0.0765625 0.1515625 0.153125
9 0.65 0.1015625 0.146875 0.1078125
9 0.8625 0.921875 0.240625 0.1546875