9 0.5765625 0.4828125 0.125 0.153125
9 0.440625 0.5921875 0.128125 0.1703125
9 0.334375 0.5875 0.121875 0.1671875
9 0.3796875 0.4015625 0.1078125 0.1484375
9 0.4609375 0.384375 0.0703125 0.1328125
9 0.4328125 0.090625 0.18125 0.15
9 0.63125 0.159375 0.146875 0.1046875
9 0.7609375 0.4328125 0.1328125 0.1625
9 0.840625 0.5609375 0.065625 0.1109375
9 0.6828125 0.6453125 0.125 0.103125
9 0.74375 0.7 0.115625 0.090625
9 0.7890625 0.7484375 0.128125 0.0671875
9 0.778125 0.834375 0.1390625 0.0609375
9 0.8375 0.909375 0.075 0.084375
9 0.796875 0.95625 0.109375 0.0859375
9 0.5453125 0.621875 0.1296875 0.10625
9 0.1828125 0.95625 0.1125 0.0859375
9 0.9609375 0.4328125 0.078125 0.1625
9 0.909375 0.5609375 0.065625 0.1109375
9 0.9734375 0.7 0.0515625 0.090625
9 0.9484375 0.746875 0.103125 0.0671875
9 0.95 0.8328125 0.0984375 0.0609375
9 0.9125 0.909375 0.075 0.084375
9 0.9484375 0.9546875 0.1015625 0.0859375
9 0.0671875 0.95625 0.1125 0.0859375