9 0.5578125 0.5953125 0.2171875 0.171875
9 0.6828125 0.4875 0.1609375 0.1796875
9 0.753125 0.365625 0.209375 0.1078125
9 0.8328125 0.15 0.084375 0.1421875
9 0.60625 0.2484375 0.190625 0.1421875
9 0.515625 0.0828125 0.1265625 0.165625
9 0.390625 0.0453125 0.1265625 0.090625
9 0.3171875 0.065625 0.1265625 0.10625
9 0.321875 0.1921875 0.1515625 0.0953125
9 0.203125 0.328125 0.1453125 0.175
9 0.253125 0.703125 0.103125 0.1953125
9 0.2859375 0.909375 0.1671875 0.1796875
9 0.159375 0.8546875 0.0703125 0.1328125
9 0.4328125 0.634375 0.1140625 0.2125
9 0.4375 0.45 0.190625 0.153125
9 0.4484375 0.271875 0.146875 0.19375
9 0.534375 0.8078125 0.1421875 0.209375
9 0.5875 0.9234375 0.2296875 0.1203125
9 0.9453125 0.3640625 0.1078125 0.1078125
9 0.9171875 0.15 0.084375 0.1421875
9 0.059375 0.328125 0.11875 0.175
9 0.0234375 0.70078125 0.046875 0.1953125
9 0.0234375 0.9078125 0.046875 0.1796875
9 0.090625 0.8546875 0.0703125 0.1328125