9 0.5078125 0.51875 0.0875 0.0875
9 0.4078125 0.565625 0.05625 0.046875
9 0.3703125 0.5578125 0.0484375 0.0828125
9 0.3984375 0.478125 0.0625 0.0796875
9 0.3234375 0.49375 0.06875 0.0796875
9 0.2609375 0.478125 0.05 0.05625
9 0.30625 0.4328125 0.03125 0.0828125
9 0.259375 0.415625 0.065625 0.08125
9 0.221875 0.35 0.059375 0.0796875
9 0.1609375 0.4296875 0.0671875 0.0453125
9 0.1484375 0.38125 0.046875 0.059375
9 0.1671875 0.315625 0.0359375 0.05
9 0.35625 0.075 0.04375 0.0859375
9 0.290625 0.071875 0.05 0.059375
9 0.253125 0.0234375 0.05 0.046875
9 0.4578125 0.040625 0.084375 0.0796875
9 0.575 0.1484375 0.0875 0.065625
9 0.5640625 0.2921875 0.0640625 0.05625
9 0.465625 0.3921875 0.075 0.05
9 0.515625 0.4296875 0.0734375 0.05
9 0.428125 0.68125 0.065625 0.065625
9 0.3484375 0.71875 0.0625 0.08125
9 0.2921875 0.5953125 0.059375 0.065625
9 0.2578125 0.659375 0.0734375 0.0578125
9 0.15625 0.5578125 0.0625 0.0546875
9 0.165625 0.509375 0.06875 0.0578125
9 0.1390625 0.696875 0.028125 0.0984375
9 0.1796875 0.7078125 0.0796875 0.0640625
9 0.1890625 0.7765625 0.06875 0.059375
9 0.2390625 0.8359375 0.0828125 0.05
9 0.3 0.70625 0.0828125 0.06875
9 0.5765625 0.721875 0.103125 0.046875
9 0.5921875 0.671875 0.103125 0.053125
9 0.703125 0.7125 0.0875 0.05625
9 0.70625 0.64375 0.0765625 0.0484375
9 0.796875 0.6265625 0.0890625 0.040625
9 0.7921875 0.5640625 0.0859375 0.0421875
9 0.7453125 0.4984375 0.06875 0.0484375
9 0.803125 0.409375 0.0734375 0.05625
9 0.8 0.3125 0.05625 0.0578125
9 0.8 0.2296875 0.0828125 0.0515625
9 0.6640625 0.359375 0.08125 0.0828125
9 0.6703125 0.534375 0.1 0.084375
9 0.83125 0.8140625 0.053125 0.0921875
9 0.7609375 0.85 0.1046875 0.0640625
9 0.8359375 0.8859375 0.075 0.0671875
9 0.7265625 0.9703125 0.065625 0.05625
9 0.6328125 0.9671875 0.084375 0.0453125
9 0.6015625 0.75 0.0484375 0.1
9 0.8625 0.6625 0.021875 0.0640625
9 0.353125 0.6390625 0.084375 0.0734375
9 0.35 0.3890625 0.0875 0.0484375
9 0.3703125 0.2828125 0.059375 0.04375
9 0.00625 0.478125 0.0125 0.05625
9 0.0109375 0.415625 0.021875 0.08125
9 0.028125 0.34765625 0.05625 0.0796875
9 0.0890625 0.4296875 0.0671875 0.0453125
9 0.1015625 0.38125 0.046875 0.059375
9 0.0828125 0.315625 0.0359375 0.05
9 0.0109375 0.0234375 0.021875 0.046875
9 0.0140625 0.6578125 0.028125 0.0578125
9 0.09375 0.5578125 0.0625 0.0546875
9 0.084375 0.509375 0.06875 0.0578125
9 0.1109375 0.696875 0.028125 0.0984375
9 0.0703125 0.7078125 0.0796875 0.0640625
9 0.0609375 0.7765625 0.06875 0.059375
9 0.025 0.8359375 0.05 0.05
9 0.953125 0.6265625 0.0890625 0.040625
9 0.95625 0.5625 0.0859375 0.0421875
9 0.984375 0.496875 0.0296875 0.0484375
9 0.946875 0.409375 0.0734375 0.05625
9 0.95 0.3125 0.05625 0.0578125
9 0.95 0.2296875 0.0828125 0.0515625
9 0.91875 0.8140625 0.053125 0.0921875
9 0.9671875 0.8484375 0.0640625 0.0640625
9 0.9140625 0.8859375 0.075 0.0671875
9 0.8875 0.6625 0.021875 0.0640625