9 0.46875 0.3328125 0.1078125 0.1375
9 0.3765625 0.3875 0.1 0.140625
9 0.5921875 0.359375 0.1390625 0.1453125
9 0.3640625 0.5421875 0.1046875 0.1359375
9 0.3984375 0.2203125 0.08125 0.1390625
9 0.4671875 0.9359375 0.1046875 0.11875
9 0.4984375 0.45 0.0765625 0.1453125
9 0.446875 0.6515625 0.1203125 0.1
9 0.6328125 0.5703125 0.146875 0.1078125
9 0.5828125 0.6890625 0.0828125 0.096875
9 0.5890625 0.95625 0.0859375 0.0859375
9 0.4015625 0.7203125 0.0671875 0.1609375
9 0.30625 0.4328125 0.046875 0.05
9 0.2671875 0.4984375 0.0671875 0.065625
9 0.5828125 0.7625 0.059375 0.090625
9 0.3609375 0.6671875 0.1015625 0.065625
9 0.3953125 0.5578125 0.0734375 0.1171875