9 0.7359375 0.425 0.0984375 0.1671875
9 0.5609375 0.1640625 0.1484375 0.1421875
9 0.8078125 0.8953125 0.1140625 0.153125
9 0.865625 0.7171875 0.1109375 0.146875
9 0.0484375 0.096875 0.096875 0.1390625
9 0.5421875 0.8484375 0.1375 0.1234375
9 0.60625 0.75 0.115625 0.16875
9 0.84375 0.30625 0.1140625 0.125
9 0.1984375 0.7609375 0.0921875 0.165625
9 0.9171875 0.8640625 0.0984375 0.1546875
9 0.371875 0.8140625 0.1171875 0.1515625
9 0.2078125 0.3859375 0.0953125 0.165625
9 0.4765625 0.284375 0.1328125 0.1203125
9 0.8609375 0.0625 0.146875 0.125
9 0.7625 0.5703125 0.1546875 0.1296875
9 0.3875 0.4640625 0.1203125 0.1390625
9 0.65 0.3125 0.1328125 0.103125
9 0.0703125 0.21875 0.140625 0.1140625
9 0.84375 0.409375 0.134375 0.1203125
9 0.86875 0.1875 0.153125 0.0953125
9 0.3890625 0.1421875 0.1078125 0.1734375
9 0.6484375 0.0390625 0.1515625 0.078125
9 0.3796875 0.3625 0.178125 0.0921875
9 0.5078125 0.0359375 0.159375 0.071875
9 0.5046875 0.7046875 0.09375 0.1625
9 0.446875 0.884375 0.09375 0.16875
9 0.7671875 0.1390625 0.165625 0.1
9 0.4828125 0.4359375 0.078125 0.1671875
9 0.634375 0.4140625 0.1265625 0.1265625
9 0.0515625 0.459375 0.103125 0.096875
9 0.9421875 0.309375 0.1046875 0.0703125
9 0.409375 0.6421875 0.1015625 0.165625
9 0.6625 0.2234375 0.0765625 0.153125
9 0.0296875 0.7328125 0.059375 0.1703125
9 0.1296875 0.4046875 0.0796875 0.1609375
9 0.765625 0.28125 0.1265625 0.0734375
9 0.60625 0.63125 0.171875 0.0890625
9 0.959375 0.1921875 0.0796875 0.1640625
9 0.2171875 0.5609375 0.1453125 0.096875
9 0.5359375 0.5453125 0.175 0.0796875
9 0.9375 0.0453125 0.090625 0.090625
9 0.3015625 0.5671875 0.0890625 0.1234375
9 0.09375 0.746875 0.08125 0.19375
9 0.09375 0.2875 0.171875 0.078125
9 0.553125 0.4265625 0.071875 0.16875
9 0.0453125 0.371875 0.090625 0.10625
9 0.24375 0.94375 0.0875 0.0953125
9 0.509375 0.975 0.14375 0.0484375
9 0.88125 0.96875 0.0875 0.059375
9 0.021875 0.546875 0.04375 0.0796875
9 0.978125 0.365625 0.040625 0.0796875
9 0.6765625 0.9796875 0.128125 0.0390625
9 0.0140625 0.65 0.028125 0.0765625
9 0.3734375 0.5921875 0.096875 0.165625
9 0.98125 0.553125 0.0359375 0.0828125