9 0.5484375 0.4125 0.06875 0.11875
9 0.5359375 0.8171875 0.0640625 0.11875
9 0.625 0.68125 0.0703125 0.1
9 0.2703125 0.259375 0.0609375 0.125
9 0.5078125 0.7046875 0.0859375 0.096875
9 0.54375 0.609375 0.059375 0.1203125
9 0.1859375 0.4515625 0.0765625 0.0734375
9 0.6453125 0.796875 0.065625 0.109375
9 0.49375 0.2734375 0.0765625 0.1015625
9 0.7546875 0.4 0.0453125 0.0859375
9 0.7015625 0.5546875 0.0421875 0.0875
9 0.753125 0.7671875 0.0609375 0.103125
9 0.646875 0.5625 0.0546875 0.1171875
9 0.3125 0.5640625 0.0703125 0.15
9 0.5953125 0.3359375 0.0859375 0.103125
9 0.4234375 0.3046875 0.0828125 0.0734375
9 0.6640625 0.446875 0.0546875 0.1109375
9 0.41875 0.6578125 0.0984375 0.0609375
9 0.4 0.70625 0.078125 0.0875
9 0.5109375 0.953125 0.0578125 0.090625
9 0.4640625 0.8671875 0.0390625 0.0984375
9 0.403125 0.89375 0.0453125 0.0359375
9 0.1375 0.8546875 0.0265625 0.046875
9 0.1671875 0.31875 0.0859375 0.0328125
9 0.203125 0.3671875 0.0578125 0.0859375
9 0.609375 0.0296875 0.0625 0.059375
9 0.75 0.3296875 0.08125 0.0609375
9 0.0640625 0.4515625 0.0765625 0.0734375
9 0.9859375 0.3984375 0.028125 0.0859375
9 0.9828125 0.7671875 0.034375 0.103125
9 0.1125 0.8546875 0.0265625 0.046875
9 0.0828125 0.31875 0.0859375 0.0328125
9 0.046875 0.3671875 0.0578125 0.0859375
9 0.9796875 0.328125 0.040625 0.0609375