10 0.415625 0.4046875 0.1234375 0.1671875
10 0.3125 0.471875 0.05 0.1265625
10 0.2515625 0.4671875 0.075 0.159375
10 0.3171875 0.23125 0.096875 0.1328125
10 0.2609375 0.228125 0.0875 0.125
10 0.153125 0.315625 0.103125 0.15625
10 0.078125 0.3484375 0.0703125 0.1390625
10 0.0359375 0.3484375 0.071875 0.1421875
10 0.0921875 0.4578125 0.13125 0.0671875
10 0.13125 0.53125 0.178125 0.06875
10 0.0640625 0.6296875 0.1109375 0.071875
10 0.125 0.684375 0.11875 0.1609375
10 0.378125 0.5765625 0.0640625 0.1578125
10 0.4640625 0.553125 0.065625 0.1421875
10 0.5953125 0.6765625 0.1421875 0.1046875
10 0.5625 0.7203125 0.1328125 0.1203125
10 0.4890625 0.7734375 0.121875 0.115625
10 0.403125 0.7203125 0.1734375 0.071875
10 0.2859375 0.6484375 0.078125 0.140625
10 0.221875 0.7328125 0.0640625 0.1609375
10 0.3171875 0.1 0.096875 0.1328125
10 0.2609375 0.103125 0.0875 0.125
10 0.153125 0.046875 0.103125 0.09375
10 0.07578125 0.025 0.0703125 0.05
10 0.0359375 0.0265625 0.071875 0.053125
10 0.125 0.9484375 0.11875 0.1015625
10 0.59375 0.9671875 0.1421875 0.065625
10 0.5609375 0.940625 0.1328125 0.1171875
10 0.4890625 0.890625 0.121875 0.115625
10 0.403125 0.94375 0.1734375 0.071875
10 0.2859375 0.971875 0.078125 0.0546875
10 0.2203125 0.925 0.0640625 0.15