0 0.440625 0.5578125 0.4875 0.4171875
0 0.771875 0.4609375 0.2734375 0.2578125
0 0.55 0.2171875 0.4328125 0.125
0 0.9328125 0.4765625 0.1234375 0.24375
0 0.859375 0.7140625 0.2796875 0.25625
0 0.5375 0.721875 0.2203125 0.240625
0 0.128125 0.453125 0.25625 0.246875
0 0.834375 0.26875 0.1890625 0.2296875
0 0.15625 0.2546875 0.171875 0.2
0 0.55 0.0921875 0.4328125 0.125
0 0.8578125 0.921875 0.2796875 0.15625
0 0.5359375 0.921875 0.2203125 0.15625
0 0.83203125 0.0765625 0.1890625 0.153125
0 0.15625 0.0765625 0.171875 0.153125