9 0.2578125 0.3453125 0.1796875 0.121875
9 0.1109375 0.54375 0.125 0.1609375
9 0.5875 0.5828125 0.1609375 0.1
9 0.315625 0.184375 0.175 0.1203125
9 0.26875 0.490625 0.1515625 0.125
9 0.059375 0.8046875 0.11875 0.125
9 0.396875 0.3359375 0.13125 0.1484375
9 0.3109375 0.6140625 0.1921875 0.11875
9 0.5546875 0.49375 0.1328125 0.1734375
9 0.596875 0.3015625 0.2171875 0.1265625
9 0.375 0.7703125 0.2140625 0.0859375
9 0.7078125 0.6359375 0.1265625 0.175
9 0.2640625 0.425 0.14375 0.0625
9 0.096875 0.6390625 0.1 0.125
9 0.7765625 0.528125 0.125 0.1234375
9 0.696875 0.746875 0.1671875 0.0984375
9 0.3703125 0.7171875 0.13125 0.0703125
9 0.315625 0.065625 0.175 0.1203125
9 0.059375 0.940625 0.11875 0.1171875
9 0.3734375 0.9671875 0.2140625 0.0640625
9 0.6953125 0.9765625 0.1671875 0.046875