12 0.540625 0.59375 0.065625 0.1171875
12 0.425 0.621875 0.0640625 0.10625
12 0.390625 0.7109375 0.0828125 0.0546875
12 0.575 0.7203125 0.128125 0.059375
12 0.646875 0.640625 0.1125 0.071875
12 0.4859375 0.50625 0.071875 0.065625
12 0.4484375 0.4828125 0.0640625 0.0890625
12 0.3671875 0.540625 0.0875 0.0890625
12 0.3609375 0.4359375 0.046875 0.1
12 0.3625 0.328125 0.0453125 0.0890625
12 0.2671875 0.3546875 0.0703125 0.0640625
12 0.5140625 0.3140625 0.1 0.053125
12 0.44375 0.340625 0.075 0.09375
12 0.5703125 0.3703125 0.0765625 0.0890625
12 0.5390625 0.4484375 0.0875 0.0859375
12 0.621875 0.45625 0.090625 0.0546875