4 0.4234375 0.2640625 0.1359375 0.1546875
4 0.65 0.4296875 0.0875 0.1734375
4 0.528125 0.4921875 0.128125 0.13125
4 0.4875 0.6015625 0.1796875 0.125
4 0.5 0.4453125 0.128125 0.1265625
4 0.4765625 0.409375 0.14375 0.109375
4 0.3921875 0.3984375 0.103125 0.15
4 0.334375 0.3640625 0.1171875 0.1484375
4 0.25625 0.440625 0.153125 0.0828125
4 0.2265625 0.5140625 0.15625 0.0625
4 0.365625 0.53125 0.15 0.1265625
4 0.3890625 0.5734375 0.134375 0.1328125
4 0.2171875 0.6453125 0.1234375 0.175
4 0.42265625 0.03125 0.1359375 0.0625