10 0.475 0.496875 0.0984375 0.046875
10 0.38125 0.3828125 0.0640625 0.0484375
10 0.3203125 0.375 0.0546875 0.0640625
10 0.278125 0.48125 0.0703125 0.0984375
10 0.1875 0.515625 0.0609375 0.084375
10 0.3890625 0.640625 0.0515625 0.0828125
10 0.425 0.625 0.053125 0.071875
10 0.4765625 0.609375 0.05625 0.0703125
10 0.5375 0.5796875 0.0515625 0.08125
10 0.5234375 0.5265625 0.0625 0.0703125
10 0.4546875 0.55 0.075 0.0421875
10 0.609375 0.79375 0.0609375 0.0796875
10 0.428125 0.7015625 0.046875 0.078125
10 0.396875 0.7625 0.05625 0.0609375
10 0.703125 0.5296875 0.0671875 0.06875
10 0.7265625 0.4609375 0.071875 0.0703125
10 0.8140625 0.490625 0.078125 0.075
10 0.5859375 0.3953125 0.059375 0.075
10 0.5859375 0.3125 0.0484375 0.0640625
10 0.546875 0.3140625 0.0453125 0.0671875
10 0.5078125 0.4265625 0.075 0.0625
10 0.4484375 0.4484375 0.0765625 0.0421875
10 0.58125 0.246875 0.1 0.05625
10 0.6953125 0.2796875 0.09375 0.0625
10 0.609375 0.9234375 0.0609375 0.0796875
10 0.428125 0.9875 0.046875 0.0234375
10 0.396875 0.9546875 0.05625 0.0609375
10 0.58125 0.03125 0.1 0.05625
10 0.6953125 0.0140625 0.09375 0.028125