4 0.3671875 0.5421875 0.0203125 0.021875
4 0.38125 0.5578125 0.021875 0.0265625
4 0.3765625 0.5078125 0.021875 0.0140625
4 0.378125 0.521875 0.0234375 0.0140625
4 0.3484375 0.5421875 0.0234375 0.01875
4 0.3359375 0.5625 0.0234375 0.0171875
4 0.3140625 0.56875 0.0203125 0.021875
4 0.28125 0.5921875 0.0125 0.0296875
4 0.2875 0.6875 0.01875 0.025
4 0.321875 0.715625 0.0140625 0.0203125
4 0.3078125 0.75625 0.0234375 0.0109375
4 0.3125 0.7375 0.0140625 0.0171875
4 0.321875 0.734375 0.0125 0.01875
4 0.303125 0.7234375 0.01875 0.0125
4 0.2890625 0.759375 0.0171875 0.0109375
4 0.5765625 0.5625 0.025 0.01875
4 0.5703125 0.5390625 0.015625 0.0234375
4 0.5796875 0.528125 0.015625 0.01875
4 0.5859375 0.540625 0.028125 0.0140625
4 0.55 0.53125 0.015625 0.0234375
4 0.525 0.515625 0.021875 0.015625
4 0.4953125 0.5265625 0.0203125 0.01875
4 0.4859375 0.5171875 0.0140625 0.015625
4 0.4578125 0.53125 0.0140625 0.0171875
4 0.4390625 0.540625 0.0125 0.0234375
4 0.4546875 0.4609375 0.0078125 0.0234375
4 0.5203125 0.425 0.0109375 0.0109375
4 0.534375 0.4125 0.0203125 0.015625
4 0.5359375 0.4234375 0.015625 0.0171875
4 0.5421875 0.4640625 0.021875 0.021875
4 0.53125 0.4515625 0.01875 0.01875
4 0.5 0.4734375 0.021875 0.0234375
4 0.5046875 0.484375 0.0265625 0.01875
4 0.5203125 0.4875 0.0203125 0.0203125
4 0.5359375 0.4921875 0.015625 0.0234375
4 0.56875 0.4890625 0.0171875 0.0125
4 0.5875 0.4796875 0.0234375 0.015625
4 0.6140625 0.46875 0.01875 0.0203125
4 0.6140625 0.496875 0.0296875 0.01875
4 0.5640625 0.471875 0.0140625 0.015625
4 0.55625 0.4484375 0.0234375 0.0171875
4 0.625 0.528125 0.028125 0.021875
4 0.646875 0.53125 0.0140625 0.0234375
4 0.659375 0.5171875 0.0203125 0.0234375
4 0.6890625 0.5109375 0.025 0.0171875
4 0.6203125 0.65625 0.028125 0.0140625
4 0.675 0.784375 0.01875 0.021875
4 0.1828125 0.5421875 0.0203125 0.021875
4 0.16875 0.5578125 0.021875 0.0265625
4 0.1734375 0.5078125 0.021875 0.0140625
4 0.171875 0.521875 0.0234375 0.0140625
4 0.2015625 0.5421875 0.0234375 0.01875
4 0.2140625 0.5625 0.0234375 0.0171875
4 0.2359375 0.56875 0.0203125 0.021875
4 0.26875 0.5921875 0.0125 0.0296875
4 0.2625 0.6875 0.01875 0.025
4 0.228125 0.715625 0.0140625 0.0203125
4 0.2421875 0.75625 0.0234375 0.0109375
4 0.2375 0.7375 0.0140625 0.0171875
4 0.228125 0.734375 0.0125 0.01875
4 0.246875 0.7234375 0.01875 0.0125
4 0.2609375 0.759375 0.0171875 0.0109375
4 0.871875 0.5625 0.025 0.01875
4 0.878125 0.5390625 0.015625 0.0234375
4 0.86875 0.528125 0.015625 0.01875
4 0.8625 0.540625 0.028125 0.0140625
4 0.00390625 0.53046875 0.0078125 0.0234375
4 0.8984375 0.53125 0.015625 0.0234375
4 0.025 0.515625 0.021875 0.015625
4 0.9234375 0.515625 0.021875 0.015625
4 0.0546875 0.5265625 0.0203125 0.01875
4 0.953125 0.5265625 0.0203125 0.01875
4 0.0640625 0.5171875 0.0140625 0.015625
4 0.9625 0.5171875 0.0140625 0.015625
4 0.0921875 0.53125 0.0140625 0.0171875
4 0.990625 0.53125 0.0140625 0.0171875
4 0.1109375 0.540625 0.0125 0.0234375
4 0.0953125 0.4609375 0.0078125 0.0234375
4 0.99375 0.4609375 0.0078125 0.0234375
4 0.0296875 0.425 0.0109375 0.0109375
4 0.928125 0.425 0.0109375 0.0109375
4 0.015625 0.4125 0.0203125 0.015625
4 0.9140625 0.4125 0.0203125 0.015625
4 0.0140625 0.4234375 0.015625 0.0171875
4 0.9125 0.4234375 0.015625 0.0171875
4 0.009375 0.4640625 0.01875 0.021875
4 0.90625 0.4640625 0.021875 0.021875
4 0.01875 0.4515625 0.01875 0.01875
4 0.9171875 0.4515625 0.01875 0.01875
4 0.05 0.4734375 0.021875 0.0234375
4 0.9484375 0.4734375 0.021875 0.0234375
4 0.0453125 0.484375 0.0265625 0.01875
4 0.94375 0.484375 0.0265625 0.01875
4 0.0296875 0.4875 0.0203125 0.0203125
4 0.928125 0.4875 0.0203125 0.0203125
4 0.0140625 0.4921875 0.015625 0.0234375
4 0.9125 0.4921875 0.015625 0.0234375
4 0.8796875 0.4890625 0.0171875 0.0125
4 0.8609375 0.4796875 0.0234375 0.015625
4 0.834375 0.46875 0.01875 0.0203125
4 0.834375 0.496875 0.0296875 0.01875
4 0.884375 0.471875 0.0140625 0.015625
4 0.00234375 0.44765625 0.0046875 0.0171875
4 0.8921875 0.4484375 0.0234375 0.0171875
4 0.8234375 0.528125 0.028125 0.021875
4 0.8015625 0.53125 0.0140625 0.0234375
4 0.7890625 0.5171875 0.0203125 0.0234375
4 0.759375 0.5109375 0.025 0.0171875
4 0.828125 0.65625 0.028125 0.0140625
4 0.7734375 0.784375 0.01875 0.021875