2 0.3234375 0.6546875 0.1078125 0.0828125
2 0.446875 0.6578125 0.109375 0.0875
2 0.2625 0.490625 0.10625 0.0859375
2 0.5625 0.675 0.0890625 0.0703125
2 0.8 0.4703125 0.0921875 0.1203125
2 0.134375 0.440625 0.11875 0.0765625
2 0.56875 0.7671875 0.0875 0.0671875
2 0.115625 0.6125 0.1328125 0.09375
2 0.471875 0.7375 0.0796875 0.0578125
2 0.4609375 0.8 0.090625 0.059375
2 0.5640625 0.315625 0.090625 0.08125
2 0.615625 0.790625 0.1046875 0.053125
2 0.340625 0.796875 0.0796875 0.0640625
2 0.5234375 0.45625 0.078125 0.0515625
2 0.278125 0.259375 0.115625 0.075
2 0.65 0.196875 0.1015625 0.059375
2 0.940625 0.6484375 0.0984375 0.084375
2 0.3640625 0.7375 0.1171875 0.05625
2 0.390625 0.6 0.06875 0.0734375
2 0.1875 0.746875 0.078125 0.0921875
2 0.6515625 0.25 0.109375 0.05
2 0.125 0.4953125 0.1015625 0.075
2 0.153125 0.259375 0.1109375 0.0921875
2 0.584375 0.503125 0.1125 0.0640625
2 0.9078125 0.471875 0.0859375 0.05625
2 0.696875 0.3859375 0.09375 0.065625
2 0.775 0.3703125 0.0890625 0.071875
2 0.578125 0.3796875 0.075 0.05625
2 0.278125 0.3953125 0.103125 0.071875
2 0.45 0.4125 0.0671875 0.1125
2 0.6875 0.475 0.084375 0.0734375
2 0.6046875 0.41875 0.11875 0.0421875
2 0.2796875 0.7328125 0.115625 0.0671875
2 0.31875 0.3171875 0.1234375 0.05
2 0.978125 0.265625 0.0421875 0.0703125
2 0.6359375 0.309375 0.0625 0.034375
2 0.9203125 0.259375 0.0640625 0.0859375
2 0.7640625 0.815625 0.071875 0.028125
2 0.390625 0.2171875 0.0765625 0.078125
2 0.4015625 0.4390625 0.06875 0.09375
2 0.0984375 0.3015625 0.0828125 0.0546875
2 0.7484375 0.2828125 0.0765625 0.0765625
2 0.8953125 0.8140625 0.0953125 0.0296875
2 0.840625 0.50625 0.0609375 0.0453125
2 0.7953125 0.6 0.065625 0.0765625
2 0.853125 0.375 0.06875 0.071875
2 0.5328125 0.8046875 0.0640625 0.05
2 0.0640625 0.3265625 0.0765625 0.046875
2 0.4140625 0.3265625 0.1078125 0.040625
2 0.534375 0.41875 0.06875 0.1078125
2 0.3265625 0.365625 0.096875 0.046875
2 0.2203125 0.8078125 0.109375 0.0421875
2 0.4109375 0.7953125 0.0609375 0.0640625
2 0.978125 0.7390625 0.0421875 0.0515625
2 0.8078125 0.2765625 0.0546875 0.078125
2 0.6328125 0.484375 0.05625 0.0734375
2 0.9765625 0.421875 0.04375 0.11875
2 0.1296875 0.653125 0.05 0.053125
2 0.3390625 0.734375 0.084375 0.040625
2 0.8640625 0.7109375 0.0515625 0.0921875
2 0.6734375 0.5640625 0.0421875 0.0671875
2 0.8953125 0.496875 0.0734375 0.0484375
2 0.9828125 0.5328125 0.03125 0.0875
2 0.6328125 0.3328125 0.028125 0.053125
2 0.41875 0.2609375 0.06875 0.096875
2 0.321875 0.98125 0.1078125 0.0359375
2 0.446875 0.9796875 0.109375 0.040625
2 0.5609375 0.975 0.0890625 0.05
2 0.56875 0.89375 0.0875 0.0671875
2 0.471875 0.9234375 0.0796875 0.0578125
2 0.4609375 0.8609375 0.090625 0.059375
2 0.5640625 0.0296875 0.090625 0.059375
2 0.615625 0.8703125 0.1046875 0.053125
2 0.340625 0.8640625 0.0796875 0.0640625
2 0.278125 0.075 0.115625 0.075
2 0.65 0.1375 0.1015625 0.059375
2 0.9390625 0.984375 0.0984375 0.0296875
2 0.3640625 0.9234375 0.1171875 0.05625
2 0.1875 0.9140625 0.078125 0.0921875
2 0.6515625 0.084375 0.109375 0.05
2 0.153125 0.075 0.1109375 0.0921875
2 0.2796875 0.928125 0.115625 0.0671875
2 0.31640625 0.0203125 0.1234375 0.040625
2 0.978125 0.06875 0.0421875 0.0703125
2 0.6359375 0.025 0.0625 0.034375
2 0.9203125 0.075 0.0640625 0.0859375
2 0.7640625 0.8453125 0.071875 0.028125
2 0.390625 0.1171875 0.0765625 0.078125
2 0.0984375 0.0328125 0.0828125 0.0546875
2 0.7484375 0.0515625 0.0765625 0.0765625
2 0.8953125 0.846875 0.0953125 0.0296875
2 0.5328125 0.85625 0.0640625 0.05
2 0.0625 0.015625 0.0765625 0.03125
2 0.4125 0.0140625 0.1078125 0.028125
2 0.2203125 0.853125 0.109375 0.0421875
2 0.4109375 0.865625 0.0609375 0.0640625
2 0.978125 0.921875 0.0421875 0.0515625
2 0.8078125 0.0578125 0.0546875 0.078125
2 0.1296875 0.990625 0.05 0.01875
2 0.3390625 0.9265625 0.084375 0.040625
2 0.8640625 0.95 0.0515625 0.0921875
2 0.6328125 0.0140625 0.028125 0.028125
2 0.41875 0.0734375 0.06875 0.096875