4 0.6515625 0.5859375 0.04375 0.0375
4 0.684375 0.6078125 0.046875 0.0484375
4 0.690625 0.55 0.0625 0.040625
4 0.7546875 0.4703125 0.0515625 0.0203125
4 0.7875 0.453125 0.046875 0.0171875
4 0.8234375 0.434375 0.0328125 0.021875
4 0.584375 0.484375 0.046875 0.0546875
4 0.53125 0.4484375 0.0390625 0.0296875
4 0.5078125 0.4296875 0.015625 0.03125
4 0.4765625 0.4296875 0.028125 0.03125
4 0.45 0.4484375 0.0328125 0.0140625
4 0.4515625 0.4859375 0.028125 0.0375
4 0.48125 0.509375 0.0453125 0.025
4 0.4359375 0.5390625 0.021875 0.04375
4 0.40625 0.5671875 0.034375 0.0375
4 0.4 0.5140625 0.034375 0.0296875
4 0.3859375 0.546875 0.0234375 0.034375
4 0.440625 0.6015625 0.0328125 0.040625
4 0.4859375 0.6203125 0.028125 0.0421875
4 0.50625 0.665625 0.04375 0.028125
4 0.54375 0.678125 0.0359375 0.034375
4 0.3375 0.46875 0.03125 0.03125
4 0.30625 0.45 0.0328125 0.0203125
4 0.1546875 0.4703125 0.0328125 0.025
4 0.18125 0.4859375 0.0390625 0.028125
4 0.421875 0.4046875 0.0296875 0.028125
4 0.4078125 0.4578125 0.0390625 0.0125
4 0.396875 0.4375 0.03125 0.028125
4 0.984375 0.46953125 0.03125 0.0203125
4 0.9625 0.453125 0.046875 0.0171875
4 0.9265625 0.434375 0.0328125 0.021875
4 0.0953125 0.4703125 0.0328125 0.025
4 0.06875 0.4859375 0.0390625 0.028125