5 0.5125 0.55625 0.065625 0.140625
5 0.61875 0.35 0.1015625 0.115625
5 0.4765625 0.3765625 0.0875 0.134375
5 0.5875 0.571875 0.0875 0.10625
5 0.465625 0.5703125 0.071875 0.1015625
5 0.5234375 0.3734375 0.1015625 0.0921875
5 0.3203125 0.3765625 0.0625 0.084375
5 0.5125 0.9671875 0.065625 0.0640625
5 0.61875 0.0875 0.1015625 0.115625
5 0.4765625 0.0640625 0.0875 0.128125
5 0.5875 0.96875 0.0875 0.0625
5 0.465625 0.9703125 0.071875 0.059375
5 0.5234375 0.0640625 0.1015625 0.0921875
5 0.3203125 0.0609375 0.0625 0.084375