4 0.6546875 0.5875 0.0640625 0.071875
4 0.7234375 0.565625 0.0640625 0.0984375
4 0.80625 0.6578125 0.0796875 0.075
4 0.5796875 0.4734375 0.071875 0.0828125
4 0.6015625 0.365625 0.059375 0.1078125
4 0.659375 0.3171875 0.0765625 0.103125
4 0.5328125 0.2578125 0.059375 0.11875
4 0.45 0.1890625 0.0671875 0.0484375
4 0.44375 0.46875 0.084375 0.059375
4 0.525 0.4296875 0.0625 0.0546875
4 0.25625 0.371875 0.0828125 0.04375
4 0.1984375 0.734375 0.0609375 0.078125
4 0.3 0.7140625 0.0796875 0.0640625
4 0.4671875 0.6921875 0.0796875 0.0765625
4 0.409375 0.6546875 0.03125 0.0796875
4 0.125 0.4453125 0.078125 0.0671875
4 0.5921875 0.5328125 0.10625 0.046875
4 0.5734375 0.1859375 0.0515625 0.040625
4 0.80546875 0.984375 0.0796875 0.03125
4 0.65859375 0.0328125 0.0765625 0.065625
4 0.5328125 0.0734375 0.059375 0.11875
4 0.45 0.1421875 0.0671875 0.0484375
4 0.1984375 0.9296875 0.0609375 0.078125
4 0.3 0.95 0.0796875 0.0640625
4 0.46640625 0.96640625 0.0796875 0.0671875
4 0.409375 0.984375 0.03125 0.03125
4 0.5734375 0.1453125 0.0515625 0.040625