0 0.5078125 0.5828125 0.2421875 0.10625
0 0.465625 0.6578125 0.2328125 0.109375
0 0.4953125 0.4546875 0.2375 0.125
0 0.21875 0.546875 0.18125 0.203125
0 0.8390625 0.428125 0.209375 0.1015625
0 0.690625 0.4546875 0.140625 0.196875
0 0.334375 0.3203125 0.1375 0.1890625
0 0.8890625 0.3515625 0.2078125 0.0609375
0 0.8984375 0.2921875 0.1921875 0.075
0 0.9109375 0.65 0.1765625 0.215625
0 0.05625 0.290625 0.1125 0.125
0 0.221875 0.2578125 0.1171875 0.0625
0 0.6625 0.3234375 0.196875 0.1828125
0 0.5390625 0.3 0.1484375 0.140625
0 0.9671875 0.4453125 0.065625 0.1421875
0 0.590625 0.409375 0.1484375 0.1515625
0 0.45625 0.4140625 0.1046875 0.1640625
0 0.1171875 0.334375 0.1296875 0.16875
0 0.0828125 0.43125 0.140625 0.184375
0 0.15625 0.2921875 0.103125 0.13125
0 0.4078125 0.296875 0.115625 0.140625
0 0.640625 0.26875 0.0625 0.0859375
0 0.85625 0.2515625 0.14375 0.05
0 0.50625 0.953125 0.2421875 0.09375
0 0.465625 0.884375 0.2328125 0.109375
0 0.4953125 0.0296875 0.2375 0.059375
0 0.21875 0.946875 0.18125 0.10625
0 0.8390625 0.0375 0.209375 0.075
0 0.690625 0.0484375 0.140625 0.096875
0 0.334375 0.1328125 0.1375 0.1890625
0 0.8890625 0.1015625 0.2078125 0.0609375
0 0.8984375 0.1609375 0.1921875 0.075
0 0.9109375 0.8921875 0.1765625 0.215625
0 0.05625 0.1625 0.1125 0.125
0 0.221875 0.1953125 0.1171875 0.0625
0 0.6625 0.1296875 0.196875 0.1828125
0 0.5390625 0.153125 0.1484375 0.140625
0 0.9671875 0.0390625 0.065625 0.078125
0 0.5890625 0.059375 0.1484375 0.11875
0 0.45390625 0.059375 0.1046875 0.11875
0 0.1171875 0.11875 0.1296875 0.16875
0 0.0828125 0.05625 0.140625 0.1125
0 0.15625 0.1609375 0.103125 0.13125
0 0.4078125 0.15625 0.115625 0.140625
0 0.640625 0.184375 0.0625 0.0859375
0 0.85625 0.2015625 0.14375 0.05