9 0.43125 0.603125 0.109375 0.0796875
9 0.896875 0.2546875 0.1046875 0.078125
9 0.16875 0.56875 0.1171875 0.0828125
9 0.53125 0.23125 0.1046875 0.0703125
9 0.6796875 0.2453125 0.1203125 0.090625
9 0.54375 0.659375 0.1140625 0.0625
9 0.9265625 0.3765625 0.1234375 0.0640625
9 0.621875 0.5828125 0.103125 0.103125
9 0.2640625 0.69375 0.1125 0.1109375
9 0.2328125 0.459375 0.0921875 0.09375
9 0.521875 0.5875 0.1234375 0.0515625
9 0.653125 0.671875 0.1015625 0.08125
9 0.328125 0.6078125 0.0984375 0.1015625
9 0.2546875 0.5328125 0.1015625 0.0578125
9 0.815625 0.525 0.11875 0.0453125
9 0.31875 0.4109375 0.0828125 0.078125
9 0.103125 0.496875 0.115625 0.0953125
9 0.403125 0.215625 0.1 0.0796875
9 0.6203125 0.7375 0.13125 0.071875
9 0.103125 0.3375 0.1015625 0.078125
9 0.5203125 0.3203125 0.0984375 0.1
9 0.915625 0.6921875 0.1125 0.1125
9 0.8765625 0.5640625 0.1 0.10625
9 0.1328125 0.440625 0.09375 0.1078125
9 0.3421875 0.525 0.1125 0.0859375
9 0.65625 0.5234375 0.1265625 0.05
9 0.0546875 0.2078125 0.0796875 0.0796875
9 0.171875 0.6765625 0.084375 0.128125
9 0.2375 0.2890625 0.109375 0.0671875
9 0.3984375 0.2671875 0.10625 0.0765625
9 0.4375 0.696875 0.0734375 0.109375
9 0.3484375 0.3359375 0.1015625 0.0734375
9 0.7296875 0.3296875 0.084375 0.0875
9 0.85625 0.3234375 0.10625 0.0484375
9 0.9546875 0.1859375 0.084375 0.0421875
9 0.65 0.3109375 0.1125 0.04375
9 0.5203125 0.515625 0.059375 0.103125
9 0.2484375 0.365625 0.059375 0.0859375
9 0.853125 0.4046875 0.0609375 0.0984375
9 0.7640625 0.4578125 0.0546875 0.084375
9 0.13125 0.246875 0.0625 0.08125
9 0.35625 0.471875 0.0703125 0.075
9 0.5640625 0.1859375 0.078125 0.0421875
9 0.25625 0.190625 0.0671875 0.0515625
9 0.9703125 0.63125 0.05625 0.0671875
9 0.5765625 0.3375 0.0546875 0.0984375
9 0.8015625 0.3171875 0.0734375 0.0859375
9 0.70625 0.465625 0.053125 0.08125
9 0.9765625 0.265625 0.0453125 0.075
9 0.128125 0.1890625 0.078125 0.046875
9 0.2015625 0.21875 0.0625 0.0984375
9 0.021875 0.3140625 0.04375 0.0859375
9 0.025 0.5234375 0.05 0.071875
9 0.9734375 0.5453125 0.0515625 0.08125
9 0.5765625 0.4734375 0.0515625 0.08125
9 0.54375 0.409375 0.05 0.0828125
9 0.4609375 0.4046875 0.09375 0.065625
9 0.659375 0.396875 0.053125 0.096875
9 0.71875 0.3921875 0.0828125 0.046875
9 0.4515625 0.1765625 0.0921875 0.0234375
9 0.390625 0.4296875 0.0640625 0.0921875
9 0.0296875 0.6703125 0.059375 0.071875
9 0.8640625 0.175 0.1140625 0.0203125
9 0.3203125 0.175 0.0875 0.01875
9 0.20625 0.353125 0.0515625 0.0734375
9 0.015625 0.2 0.03125 0.0703125
9 0.159375 0.325 0.08125 0.090625
9 0.79375 0.4046875 0.0640625 0.078125
9 0.63125 0.3609375 0.0515625 0.078125
9 0.6109375 0.4921875 0.096875 0.0953125
9 0.3640625 0.309375 0.13125 0.0765625
9 0.896875 0.0765625 0.1046875 0.078125
9 0.53125 0.1 0.1046875 0.0703125
9 0.6796875 0.0859375 0.1203125 0.090625
9 0.5421875 0.9859375 0.1140625 0.0265625
9 0.2640625 0.95625 0.1125 0.0859375
9 0.6515625 0.975 0.1015625 0.0484375
9 0.403125 0.115625 0.1 0.0796875
9 0.6203125 0.9265625 0.13125 0.071875
9 0.10078125 0.015625 0.1015625 0.03125
9 0.51796875 0.0296875 0.0984375 0.059375
9 0.915625 0.9578125 0.1125 0.084375
9 0.0546875 0.1234375 0.0796875 0.0796875
9 0.171875 0.9609375 0.084375 0.0765625
9 0.2375 0.0421875 0.109375 0.0671875
9 0.3984375 0.0640625 0.10625 0.0765625
9 0.4359375 0.95625 0.0734375 0.0875
9 0.346875 0.015625 0.1015625 0.03125
9 0.7296875 0.021875 0.084375 0.04375
9 0.85625 0.015625 0.10625 0.03125
9 0.9546875 0.1453125 0.084375 0.0421875
9 0.65 0.0203125 0.1125 0.040625
9 0.13125 0.084375 0.0625 0.08125
9 0.5640625 0.1453125 0.078125 0.0421875
9 0.25625 0.140625 0.0671875 0.0515625
9 0.57421875 0.0203125 0.0546875 0.040625
9 0.8 0.028125 0.0734375 0.05625
9 0.9765625 0.065625 0.0453125 0.075
9 0.128125 0.1421875 0.078125 0.046875
9 0.2015625 0.1125 0.0625 0.0984375
9 0.021875 0.0296875 0.04375 0.059375
9 0.4515625 0.1546875 0.0921875 0.0234375
9 0.0296875 0.978125 0.059375 0.0421875
9 0.8640625 0.15625 0.1140625 0.0203125
9 0.3203125 0.15625 0.0875 0.01875
9 0.015625 0.13125 0.03125 0.0703125
9 0.159375 0.025 0.08125 0.05
9 0.3640625 0.0296875 0.13125 0.059375