0 0.3203125 0.2671875 0.18125 0.0984375
0 0.29375 0.18125 0.178125 0.0921875
0 0.171875 0.1109375 0.140625 0.15625
0 0.9078125 0.6953125 0.14375 0.14375
0 0.2328125 0.6484375 0.103125 0.196875
0 0.2578125 0.4828125 0.1734375 0.1046875
0 0.4453125 0.359375 0.115625 0.1359375
0 0.49375 0.1015625 0.175 0.1234375
0 0.559375 0.7203125 0.1734375 0.128125
0 0.4140625 0.6484375 0.1234375 0.1828125
0 0.340625 0.8359375 0.11875 0.1921875
0 0.815625 0.553125 0.159375 0.128125
0 0.4359375 0.9140625 0.1140625 0.159375
0 0.615625 0.5453125 0.1375 0.1796875
0 0.5140625 0.2703125 0.1515625 0.153125
0 0.1484375 0.8453125 0.1109375 0.165625