4 0.484375 0.2375 0.0265625 0.05625
4 0.64375 0.5875 0.034375 0.0421875
4 0.390625 0.4421875 0.03125 0.04375
4 0.3859375 0.5375 0.01875 0.053125
4 0.3578125 0.509375 0.0265625 0.046875
4 0.421875 0.3921875 0.0390625 0.0390625
4 0.440625 0.4296875 0.0375 0.03125
4 0.371875 0.3484375 0.0296875 0.0453125
4 0.409375 0.375 0.028125 0.0328125
4 0.3234375 0.340625 0.0375 0.03125
4 0.2296875 0.3484375 0.0421875 0.0328125
4 0.2453125 0.390625 0.04375 0.046875
4 0.4671875 0.55625 0.028125 0.0421875
4 0.9296875 0.215625 0.05 0.0640625
4 0.1265625 0.184375 0.0625 0.0390625
4 0.0765625 0.2203125 0.0765625 0.0421875
4 0.0984375 0.4625 0.0546875 0.034375
4 0.1203125 0.559375 0.08125 0.034375
4 0.2953125 0.2671875 0.04375 0.0609375
4 0.234375 0.3015625 0.04375 0.0390625
4 0.146875 0.3234375 0.05 0.0546875
4 0.4328125 0.5046875 0.034375 0.0296875
4 0.484375 0.09375 0.0265625 0.05625
4 0.3234375 0.003125 0.0375 0.00625
4 0.9296875 0.115625 0.05 0.0640625
4 0.1265625 0.146875 0.0625 0.0390625
4 0.0765625 0.1109375 0.0765625 0.0421875
4 0.2953125 0.0640625 0.04375 0.0609375
4 0.234375 0.0296875 0.04375 0.0390625
4 0.146875 0.0171875 0.05 0.034375