10 0.54375 0.465625 0.2796875 0.1515625
10 0.3625 0.390625 0.10625 0.1953125
10 0.2578125 0.3484375 0.125 0.1984375
10 0.1875 0.2546875 0.2375 0.1375
10 0.0671875 0.49375 0.134375 0.2375
10 0.2015625 0.6625 0.1734375 0.2390625
10 0.1953125 0.41875 0.1609375 0.1703125
10 0.740625 0.3140625 0.2734375 0.1203125
10 0.7484375 0.196875 0.2453125 0.128125
10 0.9234375 0.2671875 0.1515625 0.10625
10 0.9171875 0.453125 0.1640625 0.225
10 0.5765625 0.6203125 0.2609375 0.1453125
10 0.4140625 0.6921875 0.109375 0.228125
10 0.35 0.8140625 0.096875 0.1890625
10 0.2484375 0.85 0.128125 0.1171875
10 0.453125 0.159375 0.2375 0.0875
10 0.51875 0.1953125 0.2375 0.0828125
10 0.5078125 0.325 0.2140625 0.171875
10 0.384375 0.2578125 0.1359375 0.096875
10 0.74609375 0.0203125 0.2453125 0.040625
10 0.35 0.9546875 0.096875 0.090625
10 0.2484375 0.9546875 0.128125 0.090625
10 0.453125 0.0296875 0.2375 0.059375
10 0.51875 0.009375 0.2375 0.01875