4 0.4703125 0.3578125 0.0703125 0.05
4 0.4 0.209375 0.059375 0.090625
4 0.2484375 0.6484375 0.06875 0.0453125
4 0.5484375 0.5859375 0.0421875 0.0546875
4 0.565625 0.74375 0.0328125 0.0546875
4 0.565625 0.7984375 0.0390625 0.0625
4 0.534375 0.7859375 0.0296875 0.0515625
4 0.55625 0.8375 0.0390625 0.0578125
4 0.596875 0.7046875 0.0421875 0.059375
4 0.5859375 0.90625 0.03125 0.0453125
4 0.6296875 0.971875 0.028125 0.0390625
4 0.6125 0.93125 0.0265625 0.0546875
4 0.01796875 0.64765625 0.0359375 0.0453125