4 0.5546875 0.5390625 0.0296875 0.0375
4 0.603125 0.5234375 0.034375 0.0234375
4 0.6359375 0.51875 0.0296875 0.0296875
4 0.61875 0.553125 0.0390625 0.021875
4 0.659375 0.6078125 0.0359375 0.040625
4 0.559375 0.609375 0.034375 0.0296875
4 0.5015625 0.5984375 0.0265625 0.03125
4 0.5125 0.625 0.040625 0.0265625
4 0.371875 0.65 0.0265625 0.025
4 0.3546875 0.725 0.025 0.04375
4 0.315625 0.553125 0.0265625 0.01875
4 0.5578125 0.4296875 0.01875 0.0390625
4 0.584375 0.4421875 0.03125 0.0328125
4 0.60625 0.4140625 0.0234375 0.0265625
4 0.4984375 0.35 0.025 0.0296875
4 0.440625 0.4265625 0.0140625 0.0234375
4 0.45625 0.440625 0.0265625 0.0203125
4 0.4890625 0.44375 0.015625 0.0265625
4 0.503125 0.4546875 0.0203125 0.025
4 0.5203125 0.46875 0.0234375 0.0234375
4 0.503125 0.475 0.0234375 0.01875
4 0.478125 0.46875 0.025 0.0203125
4 0.453125 0.4953125 0.01875 0.0296875
4 0.425 0.49375 0.0203125 0.0265625
4 0.434375 0.5171875 0.0203125 0.025
4 0.4375 0.553125 0.0265625 0.0140625
4 0.4625 0.534375 0.015625 0.0265625
4 0.453125 0.5296875 0.015625 0.028125
4 0.4921875 0.5453125 0.0234375 0.0359375
4 0.390625 0.41875 0.0203125 0.0234375
4 0.475 0.5171875 0.03125 0.021875
4 0.478125 0.4984375 0.01875 0.025
4 0.4984375 0.5046875 0.021875 0.021875