4 0.51875 0.653125 0.075 0.0625
4 0.5453125 0.5765625 0.0453125 0.05
4 0.6640625 0.5234375 0.0453125 0.0625
4 0.684375 0.5078125 0.05625 0.0625
4 0.74375 0.578125 0.0640625 0.05
4 0.7640625 0.5015625 0.0515625 0.0734375
4 0.68125 0.428125 0.04375 0.0625
4 0.6546875 0.365625 0.08125 0.0625
4 0.7578125 0.3375 0.0515625 0.0515625
4 0.7375 0.215625 0.0484375 0.071875
4 0.7 0.18125 0.075 0.03125
4 0.675 0.24375 0.05625 0.0765625
4 0.628125 0.1984375 0.0703125 0.0484375
4 0.465625 0.2703125 0.08125 0.040625
4 0.55625 0.3515625 0.034375 0.0828125
4 0.6015625 0.3765625 0.03125 0.071875
4 0.565625 0.41875 0.04375 0.0546875
4 0.65625 0.4578125 0.053125 0.0484375
4 0.5078125 0.4546875 0.0640625 0.0515625
4 0.46875 0.4125 0.046875 0.0421875
4 0.4609375 0.4375 0.0609375 0.04375
4 0.409375 0.471875 0.0671875 0.0484375
4 0.4484375 0.590625 0.040625 0.0484375
4 0.396875 0.646875 0.071875 0.040625
4 0.3828125 0.6734375 0.0546875 0.05625
4 0.4578125 0.6890625 0.071875 0.046875
4 0.5984375 0.70625 0.0484375 0.046875
4 0.7109375 0.7234375 0.059375 0.04375
4 0.7265625 0.7 0.0640625 0.040625
4 0.9234375 0.78125 0.075 0.0328125
4 0.853125 0.80625 0.0546875 0.05
4 0.3203125 0.7890625 0.065625 0.059375
4 0.2203125 0.6265625 0.0484375 0.071875
4 0.2765625 0.603125 0.053125 0.0703125
4 0.2453125 0.3265625 0.03125 0.0671875
4 0.059375 0.2890625 0.0875 0.053125
4 0.05 0.353125 0.071875 0.0390625
4 0.1015625 0.365625 0.0421875 0.0703125
4 0.0203125 0.40625 0.040625 0.078125
4 0.03125 0.565625 0.040625 0.075
4 0.16875 0.571875 0.053125 0.06875
4 0.1015625 0.6234375 0.0796875 0.059375
4 0.171875 0.671875 0.0671875 0.0484375
4 0.39375 0.2671875 0.0640625 0.0703125
4 0.415625 0.328125 0.0484375 0.071875
4 0.3046875 0.340625 0.0359375 0.071875
4 0.2734375 0.36875 0.0453125 0.0484375
4 0.2609375 0.403125 0.0890625 0.0609375
4 0.290625 0.4546875 0.0671875 0.0671875
4 0.1046875 0.2203125 0.0796875 0.0359375
4 0.609375 0.5578125 0.05 0.065625
4 0.51875 0.98984375 0.075 0.0203125
4 0.75703125 0.009375 0.0515625 0.01875
4 0.7375 0.115625 0.0484375 0.071875
4 0.7 0.15 0.075 0.03125
4 0.675 0.0875 0.05625 0.0765625
4 0.628125 0.1328125 0.0703125 0.0484375
4 0.465625 0.0609375 0.08125 0.040625
4 0.55625 0.01015625 0.034375 0.0203125
4 0.38203125 0.98125 0.0546875 0.0375
4 0.4578125 0.975 0.071875 0.046875
4 0.5984375 0.9578125 0.0484375 0.046875
4 0.7109375 0.940625 0.059375 0.04375
4 0.7265625 0.9640625 0.0640625 0.040625
4 0.9234375 0.8828125 0.075 0.0328125
4 0.853125 0.8578125 0.0546875 0.05
4 0.3203125 0.875 0.065625 0.059375
4 0.2453125 0.01875 0.03125 0.0375
4 0.059375 0.0421875 0.0875 0.053125
4 0.17109375 0.98359375 0.0671875 0.0328125
4 0.39375 0.0640625 0.0640625 0.0703125
4 0.41484375 0.01953125 0.0484375 0.0390625
4 0.30390625 0.01328125 0.0359375 0.0265625
4 0.1046875 0.1109375 0.0796875 0.0359375