4 0.5328125 0.521875 0.0234375 0.046875
4 0.596875 0.5296875 0.021875 0.040625
4 0.50625 0.565625 0.025 0.0484375
4 0.4796875 0.6515625 0.021875 0.0421875
4 0.51875 0.4390625 0.01875 0.05
4 0.5140625 0.353125 0.0265625 0.04375
4 0.4953125 0.2671875 0.0203125 0.034375
4 0.571875 0.2 0.0265625 0.04375
4 0.5453125 0.2046875 0.0203125 0.03125
4 0.5296875 0.065625 0.0234375 0.0546875
4 0.5890625 0.1609375 0.028125 0.046875
4 0.4578125 0.8140625 0.01875 0.0390625
4 0.5046875 0.790625 0.0234375 0.0421875
4 0.4828125 0.8234375 0.034375 0.034375
4 0.465625 0.8578125 0.01875 0.028125
4 0.5015625 0.8453125 0.034375 0.0421875
4 0.4921875 0.8890625 0.03125 0.0203125
4 0.4484375 0.9 0.0234375 0.0359375
4 0.425 0.965625 0.028125 0.03125
4 0.396875 0.9390625 0.0328125 0.021875
4 0.3078125 0.9859375 0.0390625 0.025
4 0.3671875 0.9890625 0.0296875 0.01875
4 0.965625 0.5296875 0.021875 0.040625
4 0.98828125 0.2 0.0234375 0.04375
4 0.9734375 0.1609375 0.028125 0.046875
4 0.01328125 0.965625 0.0265625 0.03125
4 0.040625 0.9390625 0.0328125 0.021875
4 0.1296875 0.9859375 0.0390625 0.025
4 0.0703125 0.9890625 0.0296875 0.01875