4 0.3734375 0.39375 0.084375 0.1515625
4 0.45625 0.3609375 0.078125 0.1703125
4 0.4609375 0.196875 0.0890625 0.1390625
4 0.540625 0.378125 0.08125 0.165625
4 0.609375 0.30625 0.1203125 0.10625
4 0.6 0.38125 0.0765625 0.1390625
4 0.646875 0.45625 0.096875 0.1125
4 0.540625 0.5140625 0.1171875 0.0828125
4 0.734375 0.6484375 0.1375 0.0734375
4 0.609375 0.5703125 0.1453125 0.084375
4 0.5890625 0.65625 0.078125 0.1078125
4 0.7015625 0.759375 0.096875 0.1203125
4 0.5109375 0.6109375 0.0875 0.09375
4 0.5234375 0.7296875 0.109375 0.0578125
4 0.5125 0.78125 0.1015625 0.0734375
4 0.4296875 0.75 0.065625 0.15
4 0.6046875 0.8 0.065625 0.090625
4 0.646875 0.859375 0.059375 0.0953125
4 0.5390625 0.8734375 0.071875 0.1203125
4 0.596875 0.8796875 0.0765625 0.1390625
4 0.9734375 0.64765625 0.053125 0.0734375