4 0.5421875 0.4515625 0.0296875 0.0359375
4 0.5171875 0.340625 0.0390625 0.0265625
4 0.5296875 0.50625 0.025 0.0421875
4 0.6125 0.45 0.0328125 0.0375
4 0.6171875 0.4875 0.021875 0.03125
4 0.584375 0.5390625 0.0265625 0.0359375
4 0.61875 0.51875 0.0328125 0.0359375
4 0.6265625 0.5359375 0.0296875 0.0234375
4 0.5921875 0.50625 0.0203125 0.028125
4 0.5703125 0.5890625 0.0390625 0.04375
4 0.6078125 0.603125 0.028125 0.0390625
4 0.453125 0.7578125 0.025 0.0375
4 0.6796875 0.5515625 0.0140625 0.03125
4 0.68125 0.6078125 0.0171875 0.04375
4 0.696875 0.671875 0.01875 0.040625
4 0.6734375 0.5234375 0.025 0.025
4 0.6625 0.828125 0.04375 0.0390625
4 0.665625 0.86875 0.03125 0.0515625