4 0.61875 0.4515625 0.075 0.0453125
4 0.5265625 0.3671875 0.040625 0.0703125
4 0.590625 0.2765625 0.0640625 0.05625
4 0.553125 0.5734375 0.0703125 0.0578125
4 0.5296875 0.6234375 0.0515625 0.05625
4 0.5546875 0.64375 0.0390625 0.059375
4 0.5625 0.675 0.0359375 0.0828125
4 0.6015625 0.709375 0.0359375 0.0875
4 0.5 0.68125 0.071875 0.05625
4 0.4765625 0.6171875 0.0578125 0.0515625
4 0.4734375 0.525 0.0515625 0.0625
4 0.3515625 0.609375 0.0546875 0.075
4 0.540625 0.303125 0.0265625 0.04375
4 0.590625 0.0546875 0.0640625 0.05625
4 0.56171875 0.9734375 0.0359375 0.053125
4 0.6015625 0.9546875 0.0359375 0.0875
4 0.5 0.97734375 0.071875 0.0453125
4 0.540625 0.028125 0.0265625 0.04375