4 0.6921875 0.7765625 0.053125 0.0640625
4 0.5703125 0.5859375 0.0296875 0.0484375
4 0.59375 0.6046875 0.0390625 0.028125
4 0.4453125 0.65 0.0484375 0.034375
4 0.4859375 0.559375 0.034375 0.046875
4 0.5078125 0.5328125 0.046875 0.0328125
4 0.53125 0.509375 0.03125 0.0453125
4 0.475 0.5 0.028125 0.046875
4 0.440625 0.5078125 0.0375 0.0515625
4 0.434375 0.5390625 0.053125 0.0265625
4 0.440625 0.5671875 0.04375 0.0578125
4 0.4921875 0.2328125 0.0390625 0.0390625
4 0.7640625 0.3796875 0.03125 0.0453125
4 0.5390625 0.3375 0.0453125 0.046875
4 0.5046875 0.328125 0.028125 0.034375
4 0.509375 0.353125 0.040625 0.0390625
4 0.53125 0.3890625 0.0484375 0.053125
4 0.5046875 0.440625 0.04375 0.0578125
4 0.46875 0.4109375 0.034375 0.0390625
4 0.428125 0.44375 0.046875 0.05
4 0.44375 0.315625 0.0390625 0.034375
4 0.45 0.26875 0.0265625 0.0546875
4 0.475 0.2984375 0.0234375 0.0453125
4 0.484375 0.3765625 0.0203125 0.0546875
4 0.46875 0.3734375 0.0234375 0.046875
4 0.4390625 0.346875 0.025 0.046875
4 0.4484375 0.353125 0.046875 0.03125
4 0.8703125 0.7765625 0.053125 0.0640625
4 0.98828125 0.58515625 0.0234375 0.0484375
4 0.96875 0.6046875 0.0390625 0.028125
4 0.0078125 0.65 0.015625 0.034375
4 0.0078125 0.50703125 0.015625 0.0515625
4 0.01484375 0.53828125 0.0296875 0.0265625
4 0.009375 0.56640625 0.01875 0.0578125
4 0.7984375 0.3796875 0.03125 0.0453125
4 0.01640625 0.44375 0.0328125 0.05
4 0.00625 0.315625 0.0125 0.034375
4 0.00546875 0.346875 0.0109375 0.046875
4 0.00625 0.353125 0.0125 0.03125