4 0.5171875 0.4546875 0.0484375 0.053125
4 0.5140625 0.3921875 0.0375 0.0703125
4 0.5453125 0.4046875 0.03125 0.0640625
4 0.5734375 0.3515625 0.04375 0.0671875
4 0.44375 0.2671875 0.0453125 0.0671875
4 0.55 0.1703125 0.046875 0.0546875
4 0.603125 0.465625 0.0296875 0.0578125
4 0.5765625 0.515625 0.03125 0.0546875
4 0.534375 0.546875 0.0234375 0.0546875
4 0.49375 0.5234375 0.0390625 0.028125
4 0.721875 0.696875 0.040625 0.0453125
4 0.44296875 0.0078125 0.0453125 0.015625
4 0.55 0.0796875 0.046875 0.0546875