9 0.471875 0.33125 0.084375 0.059375
9 0.471875 0.23125 0.071875 0.084375
9 0.50625 0.6109375 0.04375 0.053125
9 0.5828125 0.721875 0.05625 0.0640625
9 0.53125 0.3640625 0.06875 0.0671875
9 0.515625 0.51875 0.0703125 0.0578125
9 0.4984375 0.428125 0.053125 0.078125
9 0.403125 0.35625 0.05625 0.0671875
9 0.4421875 0.4125 0.0703125 0.0359375
9 0.5609375 0.6015625 0.046875 0.078125
9 0.465625 0.5671875 0.0609375 0.065625
9 0.5734375 0.540625 0.0546875 0.059375
9 0.5515625 0.4578125 0.0515625 0.078125
9 0.5953125 0.5953125 0.0375 0.08125
9 0.3859375 0.2578125 0.053125 0.0703125
9 0.5109375 0.6671875 0.0421875 0.0625
9 0.6015625 0.6453125 0.0453125 0.0625
9 0.5609375 0.8 0.0296875 0.0609375
9 0.5625 0.4828125 0.034375 0.05625
9 0.471875 0.0140625 0.084375 0.028125
9 0.471875 0.1 0.071875 0.084375
9 0.5828125 0.9421875 0.05625 0.0640625
9 0.3859375 0.0734375 0.053125 0.0703125
9 0.509375 0.9828125 0.0421875 0.034375
9 0.6 0.99375 0.0453125 0.0125
9 0.5609375 0.8640625 0.0296875 0.0609375