4 0.275 0.7109375 0.0328125 0.0625
4 0.315625 0.65625 0.0640625 0.059375
4 0.4234375 0.68125 0.0640625 0.0484375
4 0.4625 0.625 0.05625 0.0625
4 0.5171875 0.60625 0.0359375 0.0640625
4 0.5109375 0.5546875 0.071875 0.028125
4 0.5125 0.5203125 0.0484375 0.0390625
4 0.54375 0.4875 0.05625 0.0328125
4 0.5578125 0.5296875 0.034375 0.05
4 0.4453125 0.48125 0.0609375 0.046875
4 0.3578125 0.41875 0.034375 0.071875
4 0.2921875 0.359375 0.065625 0.040625
4 0.2875 0.415625 0.05625 0.0671875
4 0.240625 0.3890625 0.0453125 0.046875
4 0.246875 0.275 0.0546875 0.0546875
4 0.2015625 0.2078125 0.0765625 0.046875
4 0.15625 0.2609375 0.075 0.04375
4 0.065625 0.2484375 0.05625 0.0484375
4 0.0265625 0.21875 0.053125 0.021875
4 0.021875 0.2859375 0.04375 0.05625
4 0.0328125 0.3328125 0.065625 0.059375
4 0.1703125 0.70625 0.0546875 0.046875
4 0.1953125 0.775 0.065625 0.0390625
4 0.3296875 0.7515625 0.071875 0.0421875
4 0.4796875 0.80625 0.046875 0.05
4 0.1140625 0.725 0.0703125 0.0328125
4 0.0609375 0.759375 0.0328125 0.0578125
4 0.6578125 0.65625 0.05625 0.05625
4 0.01875 0.7453125 0.0375 0.034375
4 0.74375 0.671875 0.06875 0.0390625
4 0.828125 0.646875 0.084375 0.04375
4 0.675 0.446875 0.0515625 0.0390625
4 0.609375 0.4359375 0.0625 0.04375
4 0.434375 0.2796875 0.0546875 0.034375
4 0.4828125 0.3359375 0.05625 0.04375
4 0.4296875 0.36875 0.03125 0.071875
4 0.403125 0.328125 0.0234375 0.05625
4 0.35625 0.3515625 0.05625 0.05625
4 0.371875 0.3 0.0328125 0.0546875
4 0.353125 0.265625 0.075 0.03125
4 0.446875 0.1875 0.05625 0.0453125
4 0.5359375 0.3 0.0359375 0.0390625
4 0.4625 0.4109375 0.03125 0.06875
4 0.50625 0.390625 0.0390625 0.0359375
4 0.625 0.496875 0.0671875 0.025
4 0.6875 0.4734375 0.0671875 0.03125
4 0.6609375 0.528125 0.0578125 0.046875
4 0.5984375 0.584375 0.06875 0.040625
4 0.73125 0.621875 0.040625 0.0453125
4 0.715625 0.5359375 0.0484375 0.05625
4 0.746875 0.50625 0.0640625 0.0625
4 0.825 0.503125 0.0546875 0.0421875
4 0.853125 0.5546875 0.065625 0.0515625
4 0.8078125 0.5703125 0.040625 0.0296875
4 0.8421875 0.6 0.0703125 0.0390625
4 0.725 0.815625 0.04375 0.0296875
4 0.9234375 0.734375 0.065625 0.0359375
4 0.8859375 0.678125 0.0546875 0.028125
4 0.990625 0.759375 0.0171875 0.0546875
4 0.984375 0.6953125 0.028125 0.0640625
4 0.9453125 0.5828125 0.06875 0.0484375
4 0.7890625 0.4265625 0.0484375 0.0453125
4 0.8 0.3359375 0.065625 0.040625
4 0.678125 0.3640625 0.0546875 0.0359375
4 0.6140625 0.3796875 0.04375 0.040625
4 0.94375 0.775 0.04375 0.0546875
4 0.275 0.953125 0.0328125 0.0625
4 0.31484375 0.9890625 0.0640625 0.021875
4 0.42265625 0.97890625 0.0640625 0.0421875
4 0.246875 0.05625 0.0546875 0.0546875
4 0.2015625 0.1234375 0.0765625 0.046875
4 0.15625 0.0703125 0.075 0.04375
4 0.065625 0.0828125 0.05625 0.0484375
4 0.0265625 0.1125 0.053125 0.021875
4 0.021875 0.0453125 0.04375 0.05625
4 0.0328125 0.0140625 0.065625 0.028125
4 0.1703125 0.9578125 0.0546875 0.046875
4 0.1953125 0.8890625 0.065625 0.0390625
4 0.3296875 0.9125 0.071875 0.0421875
4 0.4796875 0.8578125 0.046875 0.05
4 0.1140625 0.9390625 0.0703125 0.0328125
4 0.0609375 0.9046875 0.0328125 0.0578125
4 0.6578125 0.98984375 0.05625 0.0203125
4 0.01875 0.91875 0.0375 0.034375
4 0.74375 0.9859375 0.06875 0.028125
4 0.434375 0.0515625 0.0546875 0.034375
4 0.4828125 0.00859375 0.05625 0.0171875
4 0.40234375 0.015625 0.0234375 0.03125
4 0.371875 0.03125 0.0328125 0.0546875
4 0.353125 0.065625 0.075 0.03125
4 0.446875 0.14375 0.05625 0.0453125
4 0.5359375 0.03125 0.0359375 0.0390625
4 0.725 0.8484375 0.04375 0.0296875
4 0.9234375 0.9296875 0.065625 0.0359375
4 0.8859375 0.9859375 0.0546875 0.028125
4 0.990625 0.9046875 0.0171875 0.0546875
4 0.984375 0.96796875 0.028125 0.0640625
4 0.8 0.0078125 0.065625 0.015625
4 0.94375 0.8890625 0.04375 0.0546875