4 0.259375 0.5171875 0.028125 0.0265625
4 0.35625 0.3859375 0.015625 0.021875
4 0.46875 0.3765625 0.0140625 0.021875
4 0.7921875 0.378125 0.0234375 0.028125
4 0.9453125 0.4859375 0.025 0.0203125
4 0.8140625 0.2296875 0.028125 0.0265625
4 0.8546875 0.2453125 0.021875 0.0234375
4 0.2640625 0.7484375 0.0140625 0.021875
4 0.1984375 0.76875 0.0328125 0.0171875
4 0.2109375 0.7875 0.03125 0.0140625
4 0.1828125 0.8421875 0.0296875 0.0265625
4 0.2828125 0.8515625 0.0265625 0.0171875
4 0.0375 0.68125 0.0265625 0.0203125
4 0.8109375 0.7578125 0.0375 0.025
4 0.8140625 0.0203125 0.028125 0.0265625
4 0.8546875 0.0078125 0.021875 0.015625
4 0.26328125 0.9953125 0.0140625 0.009375
4 0.1984375 0.98125 0.0328125 0.0171875
4 0.2109375 0.9625 0.03125 0.0140625
4 0.1828125 0.9078125 0.0296875 0.0265625
4 0.2828125 0.8984375 0.0265625 0.0171875
4 0.8109375 0.98984375 0.0375 0.0203125