2 0.221875 0.4578125 0.1046875 0.0953125
2 0.5953125 0.4734375 0.128125 0.109375
2 0.278125 0.4109375 0.115625 0.1015625
2 0.59375 0.7125 0.1171875 0.1140625
2 0.278125 0.3015625 0.128125 0.084375
2 0.284375 0.2265625 0.1234375 0.0625
2 0.4421875 0.428125 0.159375 0.0921875
2 0.453125 0.5203125 0.1375 0.0765625
2 0.5421875 0.61875 0.1453125 0.078125
2 0.6453125 0.6796875 0.121875 0.0671875
2 0.209375 0.2796875 0.084375 0.084375
2 0.115625 0.2515625 0.1203125 0.0859375
2 0.5921875 0.946875 0.1171875 0.10625
2 0.278125 0.0359375 0.128125 0.071875
2 0.284375 0.1046875 0.1234375 0.0625
2 0.6453125 0.975 0.121875 0.05
2 0.209375 0.0515625 0.084375 0.084375
2 0.115625 0.0796875 0.1203125 0.0859375