4 0.4421875 0.515625 0.0296875 0.046875
4 0.496875 0.4796875 0.0328125 0.0484375
7 0.503125 0.3890625 0.03125 0.03125
4 0.590625 0.471875 0.0328125 0.046875
4 0.7 0.4609375 0.0484375 0.0296875
4 0.74375 0.44375 0.0515625 0.040625
4 0.9140625 0.4046875 0.03125 0.021875
4 0.8890625 0.4375 0.03125 0.04375
4 0.88125 0.590625 0.021875 0.0296875
4 0.575 0.546875 0.053125 0.034375
4 0.5359375 0.565625 0.0421875 0.0390625
4 0.4984375 0.5609375 0.046875 0.034375
4 0.371875 0.553125 0.05 0.028125
4 0.3421875 0.49375 0.059375 0.028125
4 0.259375 0.4890625 0.05625 0.034375
4 0.1890625 0.4765625 0.0375 0.0328125
4 0.14375 0.4703125 0.04375 0.025
4 0.1921875 0.4265625 0.0421875 0.021875
4 0.328125 0.3921875 0.03125 0.0234375
4 0.3625 0.3359375 0.021875 0.0296875
4 0.3515625 0.3765625 0.0328125 0.0203125
4 0.39375 0.359375 0.015625 0.021875