12 0.371875 0.678125 0.1203125 0.0953125
12 0.4875 0.5390625 0.1171875 0.0921875
12 0.25625 0.54375 0.090625 0.109375
12 0.325 0.08125 0.125 0.1515625
12 0.3640625 0.5921875 0.096875 0.0734375
12 0.471875 0.45625 0.0484375 0.0890625
12 0.415625 0.4625 0.0515625 0.08125
12 0.3671875 0.3796875 0.065625 0.0640625
12 0.825 0.4328125 0.075 0.0984375
12 0.3421875 0.459375 0.1 0.065625
12 0.575 0.4296875 0.09375 0.0734375
12 0.203125 0.253125 0.109375 0.0765625
12 0.5421875 0.3625 0.06875 0.0625
12 0.01875 0.54375 0.0375 0.109375
12 0.9234375 0.4328125 0.075 0.0984375
12 0.05 0.25078125 0.1 0.0765625