4 0.5046875 0.3609375 0.0328125 0.0890625
4 0.540625 0.471875 0.0453125 0.0953125
4 0.4515625 0.5125 0.053125 0.0625
4 0.403125 0.478125 0.0421875 0.0765625
4 0.459375 0.6375 0.0390625 0.071875
4 0.5203125 0.6515625 0.0390625 0.0765625
4 0.384375 0.6734375 0.0375 0.06875
4 0.33125 0.6453125 0.0390625 0.0734375
4 0.45 0.7703125 0.0390625 0.065625
4 0.5 0.765625 0.0390625 0.06875
4 0.525 0.8234375 0.0484375 0.0546875
4 0.5 0.8640625 0.03125 0.084375
4 0.4375 0.834375 0.046875 0.078125
4 0.4015625 0.8796875 0.0453125 0.0671875
4 0.34375 0.9515625 0.034375 0.0515625
4 0.4203125 0.175 0.0609375 0.084375
4 0.4953125 0.15 0.05625 0.09375