4 0.50625 0.353125 0.1609375 0.265625
4 0.2625 0.2171875 0.1640625 0.103125
4 0.8984375 0.2875 0.2 0.2125
4 0.3265625 0.3828125 0.178125 0.2265625
4 0.09375 0.4765625 0.1875 0.2328125
4 0.265625 0.609375 0.1796875 0.28125
4 0.509375 0.61875 0.203125 0.2765625
4 0.459375 0.7671875 0.23125 0.1265625
4 0.50546875 0.05546875 0.1609375 0.1109375
4 0.2625 0.1140625 0.1640625 0.103125
4 0.8984375 0.075 0.2 0.15
4 0.3265625 0.03046875 0.178125 0.0609375
4 0.26484375 0.95703125 0.1796875 0.0859375
4 0.509375 0.953125 0.203125 0.09375
4 0.459375 0.896875 0.23125 0.1265625