4 0.559375 0.534375 0.128125 0.19375
4 0.690625 0.4625 0.15 0.1796875
4 0.6609375 0.3109375 0.146875 0.078125
4 0.7984375 0.3609375 0.1171875 0.178125
4 0.5734375 0.3171875 0.1109375 0.1828125
4 0.6046875 0.1984375 0.1109375 0.1140625
4 0.6640625 0.1671875 0.1125 0.0625
4 0.684375 0.08125 0.1125 0.078125
4 0.625 0.034375 0.171875 0.06875
4 0.4671875 0.0703125 0.1265625 0.1078125
4 0.4296875 0.38125 0.109375 0.1640625
4 0.3703125 0.48125 0.0734375 0.1671875
4 0.4515625 0.5640625 0.090625 0.19375
4 0.3828125 0.6609375 0.1328125 0.1625
4 0.25625 0.4859375 0.0875 0.2015625
4 0.1890625 0.415625 0.0734375 0.18125
4 0.275 0.3390625 0.1625 0.09375
4 0.30625 0.125 0.09375 0.140625
4 0.21875 0.1265625 0.09375 0.146875
4 0.94609375 0.3609375 0.1078125 0.178125
4 0.01875 0.48515625 0.0375 0.2015625
4 0.0609375 0.415625 0.0734375 0.18125
4 0.028125 0.3390625 0.05625 0.09375
4 0.0390625 0.1265625 0.078125 0.146875