1 0.5359375 0.6828125 0.1765625 0.128125
1 0.7109375 0.671875 0.1140625 0.1265625
1 0.7734375 0.546875 0.1671875 0.121875
1 0.828125 0.478125 0.1046875 0.09375
1 0.9625 0.50625 0.0734375 0.084375
1 0.7546875 0.4171875 0.078125 0.1171875
1 0.7046875 0.253125 0.171875 0.08125
1 0.553125 0.26875 0.121875 0.0578125
1 0.2890625 0.3328125 0.1 0.103125
1 0.1359375 0.3078125 0.1 0.0890625
1 0.1421875 0.553125 0.14375 0.075
1 0.11875 0.60625 0.09375 0.071875
1 0.09375 0.684375 0.1796875 0.11875
1 0.2921875 0.6390625 0.0859375 0.0859375
1 0.40625 0.5734375 0.09375 0.1390625
1 0.3125 0.5671875 0.1125 0.078125
1 0.3953125 0.4671875 0.1109375 0.0671875
1 0.6671875 0.403125 0.071875 0.0921875
1 0.365625 0.31875 0.0609375 0.0578125
1 0.40625 0.3375 0.071875 0.071875
1 0.321875 0.2640625 0.08125 0.09375
1 0.9578125 0.3234375 0.0703125 0.1046875
1 0.3875 0.4234375 0.08125 0.05625
1 0.05 0.4671875 0.0671875 0.1
1 0.146875 0.4328125 0.078125 0.0796875
1 0.2578125 0.453125 0.0859375 0.0796875
1 0.3375 0.4625 0.071875 0.0734375
1 0.7046875 0.01875 0.171875 0.0375
1 0.321875 0.015625 0.08125 0.03125