12 0.5703125 0.534375 0.06875 0.071875
12 0.4765625 0.4859375 0.0546875 0.0671875
12 0.6953125 0.6078125 0.0703125 0.084375
12 0.484375 0.6046875 0.0578125 0.078125
12 0.428125 0.546875 0.0390625 0.0421875
12 0.3609375 0.5390625 0.04375 0.0484375
12 0.4640625 0.665625 0.0578125 0.0359375
12 0.89375 0.534375 0.06875 0.071875
12 0.0546875 0.4859375 0.0546875 0.0671875
12 0.9796875 0.484375 0.040625 0.0671875
12 0.76875 0.6078125 0.0703125 0.084375
12 0.046875 0.6046875 0.0578125 0.078125
12 0.975 0.6046875 0.05 0.078125
12 0.103125 0.546875 0.0390625 0.0421875
12 0.1703125 0.5390625 0.04375 0.0484375
12 0.0671875 0.665625 0.0578125 0.0359375
12 0.984375 0.6640625 0.0296875 0.0359375