4 0.50625 0.4875 0.034375 0.021875
4 0.521875 0.4625 0.0140625 0.0296875
4 0.5234375 0.4484375 0.0265625 0.0109375
4 0.4890625 0.459375 0.03125 0.021875
4 0.465625 0.45625 0.025 0.01875
4 0.4609375 0.428125 0.0203125 0.025
4 0.475 0.4125 0.021875 0.0390625
4 0.4328125 0.4015625 0.03125 0.0234375
4 0.421875 0.440625 0.0296875 0.0375
4 0.3859375 0.421875 0.0375 0.0328125
4 0.44375 0.334375 0.04375 0.021875
4 0.3875 0.2703125 0.0515625 0.0265625
4 0.46875 0.5578125 0.0375 0.03125
4 0.425 0.55 0.0359375 0.0234375
4 0.4703125 0.484375 0.0390625 0.040625
4 0.54375 0.4765625 0.0265625 0.0390625
4 0.55625 0.4921875 0.03125 0.0375
4 0.5609375 0.5203125 0.046875 0.0234375
4 0.51875 0.5234375 0.0390625 0.01875
4 0.5109375 0.55625 0.0265625 0.0359375
4 0.5078125 0.5890625 0.03125 0.0421875
4 0.559375 0.5625 0.0328125 0.028125
4 0.55625 0.540625 0.046875 0.01875
4 0.603125 0.8234375 0.0515625 0.0328125