4 0.2765625 0.4296875 0.0875 0.146875
4 0.421875 0.6328125 0.0984375 0.05625
4 0.4296875 0.5765625 0.1171875 0.078125
4 0.5328125 0.5265625 0.115625 0.0546875
4 0.5578125 0.5765625 0.1109375 0.071875
4 0.475 0.6875 0.0515625 0.084375
4 0.565625 0.8125 0.103125 0.078125
4 0.5625 0.934375 0.0953125 0.1265625
4 0.6984375 0.678125 0.08125 0.125
4 0.609375 0.6578125 0.1109375 0.0671875
4 0.640625 0.5609375 0.0875 0.1125
4 0.709375 0.4484375 0.078125 0.0953125
4 0.7953125 0.5640625 0.0625 0.1390625
4 0.4234375 0.478125 0.10625 0.0953125
4 0.0546875 0.4296875 0.0875 0.146875
4 0.9625 0.678125 0.075 0.125
4 0.98984375 0.5609375 0.0203125 0.1125
4 0.9546875 0.4484375 0.078125 0.0953125
4 0.86875 0.5640625 0.0625 0.1390625