4 0.4515625 0.4609375 0.1015625 0.0703125
4 0.603125 0.3984375 0.0875 0.0609375
4 0.6265625 0.440625 0.09375 0.0578125
4 0.6828125 0.446875 0.0890625 0.0671875
4 0.740625 0.4796875 0.1125 0.059375
4 0.653125 0.5203125 0.1046875 0.04375
4 0.565625 0.49375 0.0953125 0.0546875
4 0.5640625 0.559375 0.090625 0.0390625
4 0.4734375 0.553125 0.0828125 0.0640625
4 0.371875 0.5484375 0.0875 0.0484375
4 0.603125 0.0390625 0.0875 0.0609375
4 0.6265625 0.0125 0.09375 0.025
4 0.68203125 0.01171875 0.0890625 0.0234375
4 0.5640625 0.99140625 0.090625 0.0171875
4 0.47265625 0.98828125 0.0828125 0.0234375
4 0.371875 0.99453125 0.0875 0.0109375