9 0.440625 0.5 0.2609375 0.303125
9 0.7015625 0.2328125 0.290625 0.3171875
9 0.4671875 0.20625 0.1484375 0.2734375
9 0.6140625 0.5921875 0.2078125 0.271875
9 0.309375 0.3125 0.225 0.29375
9 0.6453125 0.3546875 0.2203125 0.3015625
9 0.75 0.065625 0.221875 0.13125
9 0.2359375 0.459375 0.21875 0.2265625
9 0.1984375 0.6515625 0.15 0.271875
9 0.1734375 0.2296875 0.1015625 0.1671875
9 0.95 0.23125 0.1 0.3171875
9 0.025 0.3125 0.05 0.29375
9 0.9421875 0.065625 0.1140625 0.13125
9 0.059375 0.45703125 0.11875 0.2265625
9 0.0609375 0.6515625 0.121875 0.271875
9 0.0734375 0.2296875 0.1015625 0.1671875