4 0.53125 0.553125 0.1234375 0.1
4 0.328125 0.5578125 0.071875 0.1671875
4 0.2703125 0.5421875 0.090625 0.1390625
4 0.04375 0.5015625 0.0703125 0.1734375
4 0.16875 0.48125 0.115625 0.140625
4 0.55625 0.30625 0.1125 0.090625
4 0.4734375 0.1890625 0.1234375 0.128125
4 0.6609375 0.2109375 0.140625 0.06875
4 0.65 0.371875 0.11875 0.0515625
4 0.61875 0.4359375 0.1671875 0.065625
4 0.4578125 0.4171875 0.1359375 0.059375
4 0.88125 0.3796875 0.109375 0.115625
4 0.6796875 0.4953125 0.140625 0.1015625
4 0.64375 0.625 0.1125 0.1171875
4 0.55625 0.815625 0.1484375 0.109375
4 0.4421875 0.8390625 0.1765625 0.0703125
4 0.2375 0.7875 0.1015625 0.121875
4 0.146875 0.828125 0.1421875 0.090625
4 0.47265625 0.0625 0.1234375 0.125
4 0.6609375 0.0390625 0.140625 0.06875
4 0.55625 0.934375 0.1484375 0.109375
4 0.4421875 0.9109375 0.1765625 0.0703125
4 0.23671875 0.95078125 0.1015625 0.0984375
4 0.146875 0.921875 0.1421875 0.090625