4 0.5609375 0.34375 0.121875 0.0609375
4 0.578125 0.4046875 0.1359375 0.0421875
4 0.534375 0.4765625 0.0609375 0.115625
4 0.6125 0.50625 0.0828125 0.0984375
4 0.53125 0.540625 0.071875 0.059375
4 0.578125 0.60625 0.096875 0.084375
4 0.4625 0.55 0.05625 0.121875
4 0.3796875 0.540625 0.0578125 0.125
4 0.309375 0.725 0.09375 0.121875
4 0.134375 0.7875 0.0703125 0.0875
4 0.040625 0.7484375 0.078125 0.1015625
4 0.10625 0.4953125 0.1125 0.071875
4 0.496875 0.8078125 0.071875 0.046875
4 0.903125 0.203125 0.1171875 0.075
4 0.5609375 0.00859375 0.121875 0.0171875
4 0.309375 0.9390625 0.09375 0.121875
4 0.134375 0.8765625 0.0703125 0.0875
4 0.040625 0.915625 0.078125 0.1015625
4 0.496875 0.85625 0.071875 0.046875
4 0.903125 0.128125 0.1171875 0.075