12 0.521875 0.49375 0.1046875 0.0859375
12 0.546875 0.565625 0.0515625 0.0671875
12 0.2640625 0.5375 0.1390625 0.11875
12 0.2546875 0.628125 0.09375 0.0953125
12 0.140625 0.7828125 0.09375 0.0546875
12 0.6609375 0.778125 0.078125 0.1046875
12 0.7453125 0.6359375 0.1140625 0.0875
12 0.7671875 0.5484375 0.09375 0.0671875
12 0.7078125 0.51875 0.065625 0.096875
12 0.8046875 0.4546875 0.065625 0.0828125
12 0.9328125 0.5515625 0.10625 0.0609375
12 0.9234375 0.6078125 0.0953125 0.0625
12 0.8703125 0.7 0.0671875 0.1
12 0.953125 0.71875 0.0671875 0.13125
12 0.5140625 0.3890625 0.121875 0.065625
12 0.5421875 0.228125 0.0703125 0.0921875
12 0.140625 0.88125 0.09375 0.0546875
12 0.6609375 0.8859375 0.078125 0.1046875
12 0.86875 0.95625 0.0671875 0.0859375
12 0.9515625 0.9390625 0.0671875 0.1203125
12 0.5421875 0.103125 0.0703125 0.0921875