4 0.68125 0.6484375 0.0453125 0.078125
4 0.69375 0.7140625 0.071875 0.0515625
4 0.709375 0.7625 0.0609375 0.05
4 0.615625 0.8046875 0.0875 0.053125
4 0.7171875 0.8328125 0.065625 0.071875
4 0.675 0.7890625 0.071875 0.0265625
4 0.775 0.7640625 0.0484375 0.0765625
4 0.8421875 0.7296875 0.1015625 0.046875
4 0.9078125 0.696875 0.0984375 0.08125
4 0.834375 0.46875 0.05 0.1046875
4 0.8765625 0.15625 0.08125 0.0640625
4 0.64375 0.3109375 0.071875 0.084375
4 0.6109375 0.246875 0.075 0.0421875
4 0.5828125 0.209375 0.1 0.0296875
4 0.503125 0.2734375 0.0984375 0.0765625
4 0.5265625 0.315625 0.0734375 0.078125
4 0.484375 0.2 0.1109375 0.0640625
4 0.5625 0.140625 0.1390625 0.0328125
4 0.425 0.153125 0.0703125 0.05625
4 0.3375 0.1484375 0.0546875 0.046875
4 0.1921875 0.19375 0.090625 0.053125
4 0.1203125 0.2234375 0.1234375 0.0515625
4 0.0859375 0.3078125 0.06875 0.0421875
4 0.0265625 0.253125 0.053125 0.084375
4 0.184375 0.3265625 0.078125 0.0671875
4 0.2375 0.3125 0.040625 0.0734375
4 0.70859375 0.98125 0.0609375 0.0375
4 0.615625 0.9453125 0.0875 0.053125
4 0.7171875 0.9171875 0.065625 0.071875
4 0.675 0.9609375 0.071875 0.0265625
4 0.77421875 0.9734375 0.0484375 0.053125
4 0.8765625 0.09375 0.08125 0.0640625
4 0.6109375 0.01171875 0.075 0.0234375
4 0.5828125 0.040625 0.1 0.0296875
4 0.484375 0.05 0.1109375 0.0640625
4 0.5625 0.109375 0.1390625 0.0328125
4 0.425 0.096875 0.0703125 0.05625
4 0.3375 0.1015625 0.0546875 0.046875
4 0.1921875 0.05625 0.090625 0.053125
4 0.1203125 0.0265625 0.1234375 0.0515625
4 0.0265625 0.01953125 0.053125 0.0390625