7 0.5453125 0.646875 0.103125 0.0921875
7 0.4359375 0.703125 0.090625 0.1265625
7 0.384375 0.653125 0.0625 0.1390625
7 0.465625 0.4265625 0.103125 0.084375
7 0.41875 0.3765625 0.09375 0.0453125
7 0.4671875 0.3453125 0.0515625 0.0796875
7 0.5125 0.3796875 0.075 0.06875
7 0.39375 0.203125 0.0515625 0.0796875
7 0.24375 0.109375 0.05 0.1015625
7 0.9828125 0.6453125 0.034375 0.0921875
7 0.0234375 0.7015625 0.046875 0.1265625
7 0.053125 0.653125 0.0625 0.1390625
7 0.0109375 0.4265625 0.021875 0.084375
7 0.0328125 0.375 0.065625 0.0453125
7 0.04375 0.203125 0.0515625 0.0796875
7 0.19375 0.109375 0.05 0.1015625