4 0.4421875 0.4828125 0.0796875 0.0578125
4 0.3609375 0.4 0.0828125 0.0671875
4 0.2125 0.5640625 0.065625 0.0359375
4 0.1421875 0.5875 0.08125 0.0375
4 0.1171875 0.7296875 0.06875 0.0828125
4 0.0375 0.7015625 0.0640625 0.0671875
4 0.1890625 0.7125 0.075 0.04375
4 0.3 0.6921875 0.10625 0.05625
4 0.5 0.7984375 0.05625 0.065625
4 0.484375 0.5984375 0.0703125 0.0734375
4 0.590625 0.45625 0.046875 0.0859375
4 0.553125 0.384375 0.0953125 0.0390625
4 0.5515625 0.3375 0.0703125 0.034375
4 0.659375 0.371875 0.09375 0.04375
4 0.675 0.4328125 0.0515625 0.090625
4 0.6515625 0.5359375 0.04375 0.0953125
4 0.840625 0.4546875 0.08125 0.059375
4 0.959375 0.428125 0.0796875 0.0625
4 0.1171875 0.934375 0.06875 0.0828125
4 0.0375 0.9625 0.0640625 0.0671875
4 0.1890625 0.9515625 0.075 0.04375
4 0.3 0.971875 0.10625 0.05625
4 0.5 0.865625 0.05625 0.065625
4 0.55078125 0.00546875 0.0703125 0.0109375