0 0.3828125 0.7078125 0.2546875 0.2453125
0 0.70625 0.2953125 0.2765625 0.134375
0 0.7390625 0.75625 0.3015625 0.1265625
0 0.2828125 0.5125 0.2328125 0.2328125
0 0.815625 0.596875 0.2875 0.1890625
0 0.7234375 0.421875 0.253125 0.1140625
0 0.1125 0.4421875 0.225 0.240625
0 0.5171875 0.496875 0.2375 0.1796875
0 0.1265625 0.29375 0.253125 0.178125
0 0.921875 0.2578125 0.1515625 0.184375
0 0.7078125 0.521875 0.2796875 0.1140625
0 0.38125 0.915625 0.2546875 0.1671875
0 0.7046875 0.0515625 0.2765625 0.103125
0 0.7390625 0.9078125 0.3015625 0.1265625
0 0.1265625 0.0625 0.253125 0.125
0 0.9203125 0.0828125 0.1515625 0.165625