4 0.5703125 0.5046875 0.1828125 0.125
4 0.5234375 0.784375 0.153125 0.1578125
4 0.384375 0.55 0.146875 0.14375
4 0.3484375 0.3296875 0.1109375 0.14375
4 0.415625 0.2828125 0.103125 0.1546875
4 0.5484375 0.25 0.1546875 0.0890625
4 0.6171875 0.2046875 0.09375 0.1375
4 0.3875 0.13125 0.1140625 0.1546875
4 0.26484375 0.05 0.1328125 0.1
4 0.2453125 0.1390625 0.1390625 0.1484375
4 0.821875 0.4109375 0.1109375 0.1625
4 0.9109375 0.353125 0.10625 0.0921875
4 0.934375 0.2921875 0.0921875 0.1484375
4 0.890625 0.5375 0.05625 0.11875
4 0.8140625 0.7 0.1140625 0.0921875
4 0.7921875 0.8640625 0.0765625 0.1375
4 0.7140625 0.9171875 0.1765625 0.103125
4 0.4125 0.9609375 0.1203125 0.075
4 0.990625 0.29140625 0.01875 0.1484375