10 0.4546875 0.55 0.08125 0.0953125
10 0.2015625 0.3671875 0.0734375 0.103125
10 0.20625 0.2375 0.1078125 0.1078125
10 0.14375 0.5046875 0.1046875 0.084375
10 0.253125 0.603125 0.10625 0.11875
10 0.5609375 0.578125 0.1015625 0.05625
10 0.68125 0.5859375 0.0859375 0.1046875
10 0.6078125 0.64375 0.1046875 0.1171875
10 0.6890625 0.69375 0.096875 0.1015625
10 0.740625 0.6875 0.0984375 0.096875
10 0.8671875 0.515625 0.084375 0.075
10 0.91875 0.453125 0.0875 0.0640625
10 0.79375 0.503125 0.053125 0.103125
10 0.73125 0.5234375 0.0671875 0.10625
10 0.6984375 0.4828125 0.05 0.096875
10 0.65 0.490625 0.0640625 0.1
10 0.6328125 0.4421875 0.0953125 0.0796875
10 0.2046875 0.0328125 0.1078125 0.065625