9 0.0546875 0.64375 0.0546875 0.0546875
9 0.39375 0.6375 0.059375 0.053125
9 0.040625 0.5546875 0.0625 0.0671875
9 0.3421875 0.7171875 0.0640625 0.0515625
9 0.1390625 0.4953125 0.0640625 0.0609375
9 0.434375 0.825 0.0890625 0.05
9 0.24375 0.5859375 0.05 0.0453125
9 0.459375 0.721875 0.0765625 0.040625
9 0.0921875 0.6046875 0.046875 0.0765625
9 0.2515625 0.759375 0.065625 0.0515625
9 0.296875 0.74375 0.053125 0.059375
9 0.628125 0.6375 0.0921875 0.1015625
9 0.1375 0.671875 0.04375 0.0671875
9 0.1734375 0.753125 0.04375 0.05625
9 0.51875 0.453125 0.0640625 0.0875
9 0.265625 0.5359375 0.0640625 0.059375
9 0.3875 0.6859375 0.071875 0.034375
9 0.20625 0.6984375 0.0515625 0.06875
9 0.01875 0.79375 0.0375 0.034375
9 0.196875 0.4625 0.0671875 0.05625
9 0.4859375 0.6921875 0.04375 0.0546875
9 0.496875 0.784375 0.0390625 0.05
9 0.0765625 0.7546875 0.075 0.0359375
9 0.434375 0.471875 0.059375 0.071875
9 0.4265625 0.75625 0.0453125 0.053125
9 0.49375 0.65 0.0640625 0.046875
9 0.321875 0.6671875 0.046875 0.0359375
9 0.2109375 0.6046875 0.04375 0.0421875
9 0.35 0.5328125 0.065625 0.04375
9 0.3328125 0.603125 0.040625 0.046875
9 0.2890625 0.6484375 0.0515625 0.0484375
9 0.0203125 0.8421875 0.040625 0.0515625
9 0.2640625 0.859375 0.0546875 0.0296875
9 0.1515625 0.6265625 0.0296875 0.0296875
9 0.434375 0.925 0.0890625 0.05
9 0.2515625 0.98125 0.065625 0.0359375
9 0.296875 0.9875 0.053125 0.0234375
9 0.1734375 0.984375 0.04375 0.03125
9 0.01875 0.95625 0.0375 0.034375
9 0.496875 0.965625 0.0390625 0.05
9 0.0765625 0.9875 0.075 0.0234375
9 0.425 0.9828125 0.0453125 0.0328125
9 0.0203125 0.9046875 0.040625 0.0515625
9 0.2640625 0.890625 0.0546875 0.0296875