4 0.55625 0.321875 0.1625 0.0734375
4 0.4140625 0.2859375 0.1125 0.125
4 0.5265625 0.1859375 0.15625 0.0921875
4 0.4640625 0.096875 0.08125 0.0984375
4 0.5375 0.06875 0.15625 0.078125
4 0.40625 0.0328125 0.134375 0.065625
4 0.30625 0.1140625 0.159375 0.1
4 0.378125 0.3953125 0.1609375 0.11875
4 0.5578125 0.4578125 0.0859375 0.1
4 0.459375 0.609375 0.0828125 0.16875
4 0.4921875 0.8203125 0.125 0.153125
4 0.5875 0.690625 0.1609375 0.1125
4 0.70625 0.6140625 0.0875 0.1671875
4 0.7609375 0.721875 0.10625 0.125
4 0.671875 0.8609375 0.09375 0.134375
4 0.8 0.878125 0.1109375 0.1484375