4 0.3234375 0.3515625 0.1390625 0.184375
4 0.1640625 0.4046875 0.1296875 0.1828125
4 0.1328125 0.6609375 0.1921875 0.1109375
4 0.078125 0.75 0.13125 0.13125
4 0.5546875 0.7375 0.125 0.18125
4 0.9625 0.28125 0.0734375 0.1390625
4 0.7734375 0.4453125 0.453125 0.2359375
4 0.4375 0.3703125 0.2015625 0.3875
4 0.284375 0.6484375 0.2953125 0.375
4 0.25 0.190625 0.1515625 0.1328125
4 0.078125 0.9671875 0.13125 0.065625
4 0.5546875 0.9609375 0.125 0.078125
4 0.96171875 0.01875 0.0734375 0.0375
4 0.28359375 0.95703125 0.2953125 0.0859375
4 0.24921875 0.0625 0.1515625 0.125