9 0.359375 0.5046875 0.14375 0.259375
9 0.259375 0.371875 0.1421875 0.2609375
9 0.56875 0.446875 0.159375 0.2640625
9 0.6375 0.771875 0.1390625 0.2921875
9 0.478125 0.809375 0.13125 0.2296875
9 0.5828125 0.2265625 0.134375 0.2828125
9 0.7734375 0.3484375 0.1109375 0.125
9 0.56875 0.0765625 0.19375 0.153125
9 0.2484375 0.5828125 0.10625 0.1265625
9 0.715625 0.2671875 0.1671875 0.15
9 0.575 0.9375 0.1875 0.1234375
9 0.021875 0.5046875 0.04375 0.259375
9 0.071875 0.371875 0.1421875 0.2609375
9 0.978125 0.7703125 0.04375 0.2921875
9 0.890625 0.3484375 0.1109375 0.125
9 0.0828125 0.5828125 0.10625 0.1265625
9 0.93125 0.2671875 0.1359375 0.15