9 0.5515625 0.490625 0.196875 0.178125
9 0.5359375 0.3703125 0.121875 0.215625
9 0.3125 0.3515625 0.1890625 0.21875
9 0.659375 0.3734375 0.1578125 0.234375
9 0.3609375 0.071875 0.2671875 0.14375
9 0.44375 0.3234375 0.1515625 0.171875
9 0.359375 0.2046875 0.2375 0.103125
9 0.2921875 0.275 0.1015625 0.1328125
9 0.95625 0.490625 0.0875 0.178125
9 0.9828125 0.3703125 0.034375 0.215625
9 0.125 0.3515625 0.1890625 0.21875
9 0.903125 0.3734375 0.1578125 0.234375
9 0.1046875 0.071875 0.209375 0.14375
9 0.034375 0.3234375 0.06875 0.171875
9 0.0984375 0.2046875 0.196875 0.103125
9 0.1453125 0.275 0.1015625 0.1328125