9 0.5546875 0.553125 0.271875 0.4453125
9 0.603125 0.865625 0.3671875 0.265625
9 0.259375 0.2765625 0.1890625 0.2484375
9 0.2765625 0.0921875 0.221875 0.184375
9 0.3734375 0.3625 0.246875 0.1265625
9 0.45625 0.4390625 0.203125 0.396875
9 0.24375 0.540625 0.15625 0.13125
9 0.3375 0.8875 0.2 0.2171875
9 0.734375 0.6390625 0.1953125 0.2203125
9 0.7828125 0.33125 0.0953125 0.2734375
9 0.759375 0.125 0.14375 0.1234375
9 0.5046875 0.1390625 0.30625 0.203125
9 0.5921875 0.8625 0.284375 0.1453125
9 0.9375 0.865625 0.1234375 0.265625
9 0.0828125 0.275 0.165625 0.2484375
9 0.0828125 0.0921875 0.165625 0.184375
9 0.040625 0.3609375 0.08125 0.1265625
9 0.0875 0.540625 0.15625 0.13125
9 0.046875 0.8859375 0.09375 0.2171875
9 0.915625 0.6375 0.16875 0.2203125
9 0.88125 0.33125 0.0953125 0.2734375
9 0.9046875 0.125 0.14375 0.1234375
9 0.9640625 0.8609375 0.0703125 0.1453125