4 0.5859375 0.4171875 0.0703125 0.115625
4 0.6125 0.5328125 0.06875 0.1109375
4 0.66875 0.5203125 0.0703125 0.1328125
4 0.6 0.628125 0.0609375 0.08125
4 0.4796875 0.63125 0.0484375 0.0859375
4 0.5 0.4953125 0.0640625 0.1171875
4 0.4390625 0.4140625 0.0578125 0.078125
4 0.4265625 0.5109375 0.0515625 0.0984375
4 0.321875 0.6015625 0.065625 0.090625
4 0.2984375 0.65 0.0625 0.065625
4 0.4546875 0.6640625 0.0578125 0.078125
4 0.4078125 0.74375 0.0734375 0.0578125
4 0.465625 0.765625 0.0609375 0.078125
4 0.525 0.7875 0.078125 0.1015625
4 0.446875 0.8671875 0.065625 0.0890625
4 0.45 0.2109375 0.053125 0.0953125
4 0.515625 0.1515625 0.0640625 0.1078125
4 0.6140625 0.1296875 0.0703125 0.1125
4 0.6703125 0.034375 0.10625 0.06875
4 0.3765625 0.253125 0.0640625 0.09375
4 0.45625 0.096875 0.0828125 0.1609375
4 0.9703125 0.4171875 0.059375 0.115625
4 0.95 0.5328125 0.06875 0.1109375
4 0.89375 0.5203125 0.0703125 0.1328125
4 0.9625 0.628125 0.0609375 0.08125
4 0.01328125 0.4140625 0.0265625 0.078125
4 0.01796875 0.51015625 0.0359375 0.0984375
4 0.115625 0.6015625 0.065625 0.090625
4 0.1390625 0.65 0.0625 0.065625
4 0.0328125 0.74296875 0.065625 0.0578125
4 0.01171875 0.86640625 0.0234375 0.0890625
4 0.00703125 0.21015625 0.0140625 0.0953125
4 0.9484375 0.1296875 0.0703125 0.1125
4 0.8921875 0.034375 0.10625 0.06875
4 0.0609375 0.253125 0.0640625 0.09375
4 0.0109375 0.09609375 0.021875 0.1609375