4 0.765625 0.4828125 0.3296875 0.1296875
4 0.790625 0.346875 0.3125 0.103125
4 0.615625 0.759375 0.3046875 0.1578125
4 0.2640625 0.284375 0.2203125 0.2828125
4 0.8625 0.2171875 0.246875 0.1515625
4 0.9671875 0.115625 0.0640625 0.096875
4 0.9546875 0.4953125 0.0875 0.125
4 0.94375 0.8421875 0.1109375 0.1046875
4 0.7546875 0.8515625 0.1609375 0.1890625
4 0.359375 0.8140625 0.171875 0.2046875
4 0.5640625 0.9234375 0.13125 0.046875
4 0.853125 0.9015625 0.1203125 0.090625
4 0.96640625 0.01640625 0.0640625 0.0328125
4 0.75390625 0.9734375 0.1609375 0.053125
4 0.5640625 0.9703125 0.13125 0.046875
4 0.85234375 0.9734375 0.1203125 0.053125