4 0.615625 0.4953125 0.1734375 0.25
4 0.365625 0.515625 0.246875 0.2
4 0.3421875 0.5359375 0.1890625 0.240625
4 0.1234375 0.515625 0.1140625 0.23125
4 0.0671875 0.4375 0.1234375 0.2640625
4 0.1875 0.2453125 0.1671875 0.109375
4 0.2640625 0.2984375 0.1578125 0.1625
4 0.3703125 0.340625 0.1 0.165625
4 0.5140625 0.278125 0.1046875 0.175
4 0.06640625 0.0375 0.1234375 0.075
4 0.1875 0.1359375 0.1671875 0.109375
4 0.2640625 0.0828125 0.1578125 0.1625
4 0.3703125 0.06171875 0.1 0.1234375
4 0.5140625 0.103125 0.1046875 0.175