1 0.2328125 0.6 0.20625 0.265625
1 0.175 0.35 0.15 0.1984375
1 0.2203125 0.2265625 0.1578125 0.1609375
1 0.3953125 0.3453125 0.1234375 0.1859375
1 0.4078125 0.5328125 0.1390625 0.209375
1 0.5171875 0.5015625 0.1 0.1734375
1 0.6078125 0.4828125 0.1015625 0.215625
1 0.75 0.45 0.1859375 0.2078125
1 0.9109375 0.3859375 0.159375 0.1109375
1 0.84375 0.5984375 0.1453125 0.1796875
1 0.7109375 0.65 0.196875 0.146875
1 0.5671875 0.7046875 0.14375 0.25625
1 0.8296875 0.8140625 0.128125 0.11875
1 0.928125 0.7625 0.0734375 0.153125
1 0.975 0.659375 0.0484375 0.1171875
1 0.21875 0.0515625 0.1578125 0.103125
1 0.5671875 0.9578125 0.14375 0.0828125
1 0.8296875 0.9359375 0.128125 0.11875
1 0.9265625 0.9546875 0.0734375 0.0890625