4 0.7203125 0.434375 0.1328125 0.0765625
4 0.9046875 0.50625 0.0703125 0.125
4 0.878125 0.653125 0.115625 0.0890625
4 0.7578125 0.6625 0.090625 0.09375
4 0.678125 0.5921875 0.1328125 0.071875
4 0.625 0.6265625 0.1 0.0578125
4 0.5921875 0.6875 0.103125 0.0875
4 0.525 0.746875 0.065625 0.109375
4 0.5984375 0.7546875 0.096875 0.059375
4 0.71875 0.7578125 0.0578125 0.0953125
4 0.7671875 0.7609375 0.046875 0.1
4 0.7328125 0.8390625 0.096875 0.0328125
4 0.6125 0.7921875 0.128125 0.046875
4 0.509375 0.659375 0.0625 0.140625
4 0.4515625 0.596875 0.0703125 0.1140625
4 0.41875 0.596875 0.0796875 0.090625
4 0.3390625 0.559375 0.0796875 0.109375
4 0.3171875 0.625 0.1203125 0.0953125
4 0.2921875 0.6859375 0.0828125 0.0765625
4 0.284375 0.7515625 0.078125 0.09375
4 0.23125 0.7546875 0.075 0.13125
4 0.2984375 0.828125 0.09375 0.05625
4 0.3375 0.78125 0.0578125 0.1
4 0.3890625 0.790625 0.065625 0.1203125
4 0.3984375 0.696875 0.115625 0.0734375
4 0.0546875 0.790625 0.075 0.1296875
4 0.0765625 0.5375 0.084375 0.1390625
4 0.16875 0.528125 0.1015625 0.0890625
4 0.2125 0.496875 0.125 0.0578125
4 0.271875 0.4609375 0.10625 0.078125
4 0.184375 0.403125 0.096875 0.078125
4 0.1421875 0.2296875 0.10625 0.0765625
4 0.2984375 0.3 0.06875 0.128125
4 0.3296875 0.4078125 0.075 0.1203125
4 0.4046875 0.4625 0.0640625 0.1078125
4 0.375 0.484375 0.1109375 0.053125
4 0.490625 0.4296875 0.05625 0.1140625
4 0.5078125 0.484375 0.078125 0.0984375
4 0.540625 0.5421875 0.115625 0.08125
4 0.621875 0.4546875 0.08125 0.0953125
4 0.571875 0.3640625 0.0703125 0.1265625
4 0.5671875 0.253125 0.14375 0.08125
4 0.6578125 0.1765625 0.08125 0.065625
4 0.7453125 0.1671875 0.078125 0.0484375
4 0.409375 0.2140625 0.13125 0.0859375
4 0.4359375 0.2890625 0.0578125 0.1125
4 0.4703125 0.375 0.0953125 0.103125
4 0.3765625 0.315625 0.0921875 0.13125
4 0.45625 0.7921875 0.096875 0.0734375
4 0.5921875 0.990625 0.103125 0.01875
4 0.525 0.95546875 0.065625 0.0890625
4 0.5984375 0.9578125 0.096875 0.059375
4 0.71796875 0.953125 0.0578125 0.09375
4 0.7671875 0.95078125 0.046875 0.0984375
4 0.7328125 0.8734375 0.096875 0.0328125
4 0.6125 0.9203125 0.128125 0.046875
4 0.284375 0.95703125 0.078125 0.0859375
4 0.23125 0.94609375 0.075 0.1078125
4 0.2984375 0.884375 0.09375 0.05625
4 0.3375 0.93125 0.0578125 0.1
4 0.3890625 0.921875 0.065625 0.1203125
4 0.3984375 0.9890625 0.115625 0.021875
4 0.0546875 0.921875 0.075 0.1296875
4 0.1421875 0.0578125 0.10625 0.0765625
4 0.2984375 0.02578125 0.06875 0.0515625
4 0.5671875 0.0375 0.14375 0.075
4 0.6578125 0.1109375 0.08125 0.065625
4 0.7453125 0.1203125 0.078125 0.0484375
4 0.409375 0.0734375 0.13125 0.0859375
4 0.43515625 0.02734375 0.0578125 0.0546875
4 0.37578125 0.01875 0.0921875 0.0375
4 0.45625 0.9203125 0.096875 0.0734375