12 0.465625 0.3390625 0.0328125 0.0625
12 0.4609375 0.6703125 0.0546875 0.0609375
12 0.478125 0.3859375 0.04375 0.053125
12 0.446875 0.4953125 0.034375 0.053125
12 0.4203125 0.5921875 0.046875 0.06875
12 0.5015625 0.571875 0.0421875 0.0828125
12 0.525 0.534375 0.0359375 0.075
12 0.5125 0.6359375 0.0484375 0.053125
12 0.353125 0.4921875 0.0453125 0.078125
12 0.40625 0.459375 0.0328125 0.0578125
12 0.453125 0.4390625 0.0421875 0.05
12 0.5109375 0.459375 0.04375 0.053125
12 0.484375 0.4671875 0.028125 0.065625
12 0.546875 0.315625 0.0578125 0.05625
12 0.5125 0.2921875 0.059375 0.053125
12 0.259375 0.590625 0.0703125 0.0265625
12 0.2671875 0.128125 0.0328125 0.0546875
12 0.3328125 0.9515625 0.021875 0.065625
12 0.7375 0.971875 0.0421875 0.0546875
12 0.0125 0.5890625 0.025 0.0265625
12 0.9953125 0.9703125 0.009375 0.0546875