4 0.5390625 0.4 0.0875 0.08125
4 0.6359375 0.41875 0.0796875 0.06875
4 0.559375 0.5359375 0.071875 0.090625
4 0.4796875 0.5140625 0.09375 0.0546875
4 0.4265625 0.503125 0.065625 0.075
4 0.396875 0.4578125 0.0578125 0.11875
4 0.35625 0.5171875 0.0984375 0.075
4 0.428125 0.5984375 0.0609375 0.075
4 0.38125 0.6296875 0.0453125 0.11875
4 0.2734375 0.5640625 0.1015625 0.0953125
4 0.259375 0.4859375 0.0671875 0.10625
4 0.2109375 0.421875 0.0859375 0.0578125
4 0.2953125 0.4125 0.1015625 0.0703125
4 0.3234375 0.3734375 0.1046875 0.0515625
4 0.3484375 0.2984375 0.0765625 0.0828125
4 0.3 0.26875 0.084375 0.0765625
4 0.428125 0.2921875 0.078125 0.0328125
4 0.4 0.3171875 0.090625 0.0484375
4 0.5140625 0.2375 0.059375 0.090625
4 0.5578125 0.315625 0.0625 0.0953125
4 0.49375 0.3515625 0.0859375 0.0859375
4 0.621875 0.3359375 0.075 0.0859375
4 0.38046875 0.971875 0.0453125 0.05625
4 0.32265625 0.00859375 0.1046875 0.0171875
4 0.3484375 0.0671875 0.0765625 0.0828125
4 0.3 0.096875 0.084375 0.0765625
4 0.428125 0.0734375 0.078125 0.0328125
4 0.4 0.0484375 0.090625 0.0484375
4 0.5140625 0.128125 0.059375 0.090625
4 0.5578125 0.05 0.0625 0.0953125
4 0.49296875 0.028125 0.0859375 0.05625
4 0.621875 0.0359375 0.075 0.071875