0 0.49375 0.1640625 0.121875 0.103125
0 0.2546875 0.4125 0.084375 0.1609375
0 0.3953125 0.3171875 0.1140625 0.11875
0 0.3453125 0.4921875 0.1453125 0.125
0 0.3984375 0.115625 0.075 0.1328125
0 0.5796875 0.259375 0.1109375 0.1046875
0 0.4296875 0.3796875 0.0984375 0.11875
0 0.384375 0.20625 0.1234375 0.1046875
0 0.16875 0.4859375 0.0828125 0.1375
0 0.1578125 0.7640625 0.065625 0.13125
0 0.5015625 0.2359375 0.10625 0.1078125
0 0.784375 0.5484375 0.090625 0.1640625
0 0.6875 0.0453125 0.1625 0.090625
0 0.203125 0.6921875 0.08125 0.1671875
0 0.146875 0.634375 0.0453125 0.1359375
0 0.278125 0.7203125 0.1265625 0.16875
0 0.8328125 0.215625 0.08125 0.1484375
0 0.8375 0.3515625 0.0734375 0.1140625
0 0.8234375 0.05 0.0921875 0.1
0 0.01875 0.4109375 0.0375 0.1609375
0 0.08125 0.4859375 0.0828125 0.1375
0 0.0921875 0.7640625 0.065625 0.13125
0 0.959375 0.546875 0.0796875 0.1640625
0 0.046875 0.6921875 0.08125 0.1671875
0 0.103125 0.634375 0.0453125 0.1359375
0 0.0171875 0.7203125 0.034375 0.16875
0 0.9171875 0.215625 0.08125 0.1484375
0 0.9125 0.3515625 0.0734375 0.1140625
0 0.9234375 0.05 0.0921875 0.1