4 0.15 0.4421875 0.078125 0.028125
4 0.1375 0.4109375 0.0390625 0.05
4 0.0515625 0.4609375 0.0734375 0.05
4 0.1171875 0.48125 0.0578125 0.065625
4 0.134375 0.5125 0.0734375 0.0453125
4 0.1234375 0.5671875 0.053125 0.0546875
4 0.14375 0.60625 0.0875 0.0375
4 0.4171875 0.54375 0.04375 0.0515625
4 0.453125 0.5265625 0.078125 0.03125
4 0.5125 0.51875 0.0703125 0.040625
4 0.646875 0.5203125 0.059375 0.0390625
4 0.68125 0.490625 0.0796875 0.0359375
4 0.715625 0.4578125 0.0515625 0.0328125
4 0.8609375 0.4765625 0.05 0.0359375
4 0.8046875 0.4078125 0.0546875 0.040625
4 0.728125 0.3921875 0.046875 0.0390625
4 0.7375 0.3609375 0.059375 0.0234375
4 0.6953125 0.3609375 0.0390625 0.0171875
4 0.6578125 0.39375 0.0671875 0.0296875
4 0.534375 0.4046875 0.0625 0.034375
4 0.371875 0.3953125 0.0734375 0.03125
4 0.2390625 0.440625 0.0640625 0.071875
4 0.1828125 0.3765625 0.0625 0.028125
4 0.0421875 0.371875 0.0359375 0.046875
4 0.490625 0.384375 0.0625 0.03125
4 0.5265625 0.371875 0.0609375 0.0234375
4 0.95625 0.390625 0.0703125 0.046875
4 0.6875 0.6515625 0.053125 0.0796875
4 0.15 0.0953125 0.078125 0.028125
4 0.1375 0.1265625 0.0390625 0.05
4 0.0515625 0.0765625 0.0734375 0.05
4 0.05078125 0.98671875 0.0734375 0.0265625
4 0.1171875 0.05625 0.0578125 0.065625
4 0.11640625 0.97265625 0.0578125 0.0546875
4 0.134375 0.025 0.0734375 0.0453125
4 0.134375 0.946875 0.0734375 0.0453125
4 0.1234375 0.8921875 0.053125 0.0546875
4 0.14375 0.853125 0.0875 0.0375
4 0.4171875 0.009375 0.04375 0.01875
4 0.4171875 0.915625 0.04375 0.0515625
4 0.453125 0.01328125 0.078125 0.0265625
4 0.453125 0.9328125 0.078125 0.03125
4 0.51171875 0.01953125 0.0703125 0.0390625
4 0.5125 0.940625 0.0703125 0.040625
4 0.646875 0.01796875 0.059375 0.0359375
4 0.646875 0.9390625 0.059375 0.0390625
4 0.68125 0.046875 0.0796875 0.0359375
4 0.68125 0.96875 0.0796875 0.0359375
4 0.715625 0.0796875 0.0515625 0.0328125
4 0.71484375 0.9921875 0.0515625 0.015625
4 0.8609375 0.0609375 0.05 0.0359375
4 0.8609375 0.98203125 0.05 0.0359375
4 0.8046875 0.1296875 0.0546875 0.040625
4 0.728125 0.1453125 0.046875 0.0390625
4 0.7375 0.1765625 0.059375 0.0234375
4 0.6953125 0.1765625 0.0390625 0.0171875
4 0.6578125 0.14375 0.0671875 0.0296875
4 0.534375 0.1328125 0.0625 0.034375
4 0.371875 0.1421875 0.0734375 0.03125
4 0.2390625 0.096875 0.0640625 0.071875
4 0.23828125 0.99140625 0.0640625 0.0171875
4 0.1828125 0.1609375 0.0625 0.028125
4 0.0421875 0.165625 0.0359375 0.046875
4 0.490625 0.153125 0.0625 0.03125
4 0.5265625 0.165625 0.0609375 0.0234375
4 0.95625 0.146875 0.0703125 0.046875
4 0.6875 0.8078125 0.053125 0.0796875