9 0.6828125 0.559375 0.165625 0.2046875
9 0.79375 0.784375 0.21875 0.1484375
9 0.51875 0.471875 0.2078125 0.190625
9 0.134375 0.7171875 0.221875 0.11875
9 0.6328125 0.196875 0.2 0.1484375
9 0.8625 0.58125 0.234375 0.1484375
9 0.4140625 0.296875 0.1859375 0.1421875
9 0.34375 0.8 0.16875 0.1453125
9 0.6390625 0.8046875 0.1375 0.140625
9 0.521875 0.65 0.2 0.1578125
9 0.4 0.2015625 0.18125 0.159375
9 0.225 0.79375 0.190625 0.153125
9 0.121875 0.30625 0.1734375 0.1609375
9 0.103125 0.19375 0.20625 0.1296875
9 0.76875 0.3390625 0.190625 0.1640625
9 0.6484375 0.3203125 0.1984375 0.0984375
9 0.7765625 0.146875 0.2109375 0.0515625
9 0.440625 0.80625 0.153125 0.1328125
9 0.9390625 0.734375 0.109375 0.19375
9 0.271875 0.2125 0.1296875 0.18125
9 0.4421875 0.6046875 0.2046875 0.121875
9 0.059375 0.490625 0.11875 0.2
9 0.084375 0.6375 0.16875 0.0859375
9 0.9578125 0.1828125 0.0828125 0.121875
9 0.2375 0.2890625 0.153125 0.146875
9 0.228125 0.5171875 0.20625 0.1140625
9 0.0625 0.815625 0.125 0.1125
9 0.5265625 0.29375 0.10625 0.15625
9 0.5671875 0.1421875 0.203125 0.040625
9 0.21875 0.4140625 0.221875 0.178125
9 0.6421875 0.675 0.2171875 0.0796875
9 0.3953125 0.6890625 0.165625 0.121875
9 0.9703125 0.6203125 0.05625 0.1078125
9 0.53125 0.8296875 0.084375 0.0890625
9 0.140625 0.5671875 0.146875 0.1296875
9 0.7671875 0.1703125 0.090625 0.0984375
9 0.8703125 0.334375 0.1546875 0.1296875
9 0.3546875 0.596875 0.18125 0.0734375
9 0.79375 0.9453125 0.21875 0.109375
9 0.134375 0.9859375 0.221875 0.0265625
9 0.6328125 0.059375 0.2 0.11875
9 0.34375 0.9375 0.16875 0.1234375
9 0.6390625 0.9375 0.1375 0.125
9 0.4 0.0609375 0.18125 0.121875
9 0.225 0.9390625 0.190625 0.1203125
9 0.103125 0.05625 0.20625 0.1125
9 0.7765625 0.096875 0.2109375 0.0515625
9 0.440625 0.9375 0.153125 0.1234375
9 0.9390625 0.959375 0.109375 0.08125
9 0.2703125 0.0609375 0.1296875 0.121875
9 0.9578125 0.0609375 0.0828125 0.121875
9 0.0625 0.934375 0.125 0.1125
9 0.5671875 0.1015625 0.203125 0.040625
9 0.53125 0.9203125 0.084375 0.0890625
9 0.7671875 0.0734375 0.090625 0.0984375