4 0.4046875 0.4671875 0.1078125 0.165625
4 0.2859375 0.25 0.1890625 0.125
4 0.1390625 0.1984375 0.1109375 0.1734375
4 0.1140625 0.415625 0.1453125 0.15625
4 0.0484375 0.6578125 0.096875 0.178125
4 0.2484375 0.8109375 0.115625 0.1828125
4 0.4390625 0.7125 0.1640625 0.1046875
4 0.575 0.7859375 0.1015625 0.1453125
4 0.4515625 0.86875 0.1453125 0.1125
4 0.55 0.5703125 0.146875 0.0859375
4 0.5421875 0.634375 0.1625 0.0765625
4 0.728125 0.5921875 0.1671875 0.1171875
4 0.7234375 0.471875 0.128125 0.1109375
4 0.6234375 0.5015625 0.11875 0.1
4 0.6796875 0.34375 0.14375 0.13125
4 0.7671875 0.2890625 0.128125 0.14375
4 0.903125 0.346875 0.1671875 0.078125
4 0.8015625 0.440625 0.1109375 0.153125
4 0.9296875 0.1421875 0.1375 0.11875
4 0.7921875 0.1125 0.1109375 0.08125
4 0.2484375 0.97421875 0.115625 0.0515625
4 0.45078125 0.96328125 0.1453125 0.0734375
4 0.9296875 0.03046875 0.1375 0.0609375
4 0.79140625 0.0359375 0.1109375 0.071875