8 0.4984375 0.5953125 0.065625 0.046875
8 0.428125 0.6203125 0.05 0.071875
8 0.4765625 0.6421875 0.053125 0.0359375
8 0.5078125 0.6984375 0.0609375 0.0796875
8 0.5515625 0.6328125 0.071875 0.071875
8 0.675 0.6859375 0.05 0.0453125
8 0.6203125 0.7125 0.040625 0.0546875
8 0.7 0.7265625 0.0625 0.0765625
8 0.7390625 0.765625 0.05625 0.053125
8 0.7609375 0.8515625 0.0515625 0.0640625
8 0.428125 0.7796875 0.0859375 0.046875
8 0.378125 0.7921875 0.04375 0.0390625
8 0.3625 0.83125 0.0875 0.0734375
8 0.3671875 0.9109375 0.078125 0.0953125
8 0.234375 0.5703125 0.09375 0.0671875
8 0.28125 0.603125 0.065625 0.053125
8 0.265625 0.6484375 0.0921875 0.04375
8 0.3625 0.6859375 0.065625 0.0703125
8 0.259375 0.6984375 0.0671875 0.05625
8 0.1515625 0.6875 0.0796875 0.071875
8 0.2546875 0.3890625 0.090625 0.0625
8 0.2359375 0.45 0.0546875 0.0515625
8 0.1625 0.4125 0.078125 0.040625
8 0.1078125 0.465625 0.0515625 0.0796875
8 0.034375 0.409375 0.06875 0.0390625
8 0.10625 0.1421875 0.065625 0.0984375
8 0.45 0.3453125 0.075 0.034375
8 0.4625 0.3890625 0.08125 0.06875
8 0.4015625 0.45625 0.0875 0.0546875
8 0.6484375 0.228125 0.0515625 0.065625
8 0.5859375 0.18125 0.0640625 0.0484375
8 0.7015625 0.5765625 0.0640625 0.0703125
8 0.803125 0.5484375 0.03125 0.059375
8 0.859375 0.5796875 0.04375 0.0734375
8 0.609375 0.4828125 0.0546875 0.0484375
8 0.653125 0.4578125 0.0859375 0.053125
8 0.6671875 0.515625 0.05625 0.046875
8 0.7390625 0.41875 0.090625 0.0625
8 0.621875 0.359375 0.0765625 0.0625
8 0.590625 0.409375 0.059375 0.046875
8 0.571875 0.4375 0.065625 0.034375
8 0.528125 0.39375 0.0515625 0.0546875
8 0.5828125 0.4625 0.059375 0.0609375