0 0.4421875 0.6984375 0.14375 0.1484375
0 0.378125 0.584375 0.18125 0.1328125
0 0.4453125 0.8328125 0.1109375 0.109375
0 0.69375 0.528125 0.2 0.10625
0 0.7109375 0.3734375 0.178125 0.1109375
0 0.1859375 0.578125 0.1390625 0.18125
0 0.91875 0.3578125 0.1515625 0.109375
0 0.628125 0.2625 0.1875 0.0875
0 0.5640625 0.3734375 0.178125 0.121875
0 0.5828125 0.6609375 0.1328125 0.1703125
0 0.28125 0.765625 0.1234375 0.0953125
0 0.81875 0.6921875 0.196875 0.0890625
0 0.1265625 0.240625 0.140625 0.1609375
0 0.3890625 0.425 0.1109375 0.165625
0 0.3109375 0.3515625 0.1546875 0.1546875
0 0.7453125 0.465625 0.165625 0.1015625
0 0.9390625 0.5078125 0.1125 0.1140625
0 0.125 0.840625 0.115625 0.0984375
0 0.8265625 0.59375 0.1421875 0.1546875
0 0.3421875 0.8375 0.08125 0.0765625
0 0.44375 0.946875 0.1109375 0.1046875
0 0.2796875 0.984375 0.1234375 0.03125
0 0.1265625 0.0265625 0.140625 0.053125
0 0.125 0.9421875 0.115625 0.0984375
0 0.3421875 0.9453125 0.08125 0.0765625