8 0.5921875 0.2546875 0.0296875 0.0484375
8 0.6171875 0.26875 0.0453125 0.059375
8 0.65 0.2875 0.0390625 0.0671875
8 0.1953125 0.503125 0.0546875 0.0734375
8 0.3234375 0.4125 0.05 0.0328125
8 0.2953125 0.390625 0.046875 0.03125
8 0.2890625 0.3515625 0.046875 0.028125
8 0.34375 0.35625 0.0453125 0.0484375
8 0.4421875 0.45 0.0703125 0.078125
8 0.4078125 0.41875 0.05625 0.0375
8 0.4078125 0.440625 0.04375 0.0234375
8 0.375 0.4328125 0.0203125 0.028125
8 0.3703125 0.459375 0.05 0.028125
8 0.3765625 0.5453125 0.0359375 0.028125
8 0.425 0.5234375 0.059375 0.034375
8 0.4203125 0.5265625 0.0484375 0.0359375
8 0.5046875 0.51875 0.0546875 0.0359375
8 0.6796875 0.4609375 0.03125 0.0546875
8 0.6625 0.4609375 0.0359375 0.0234375
8 0.734375 0.475 0.046875 0.0640625
8 0.8078125 0.5171875 0.0546875 0.075
8 0.8953125 0.4046875 0.075 0.0625
8 0.809375 0.3828125 0.0546875 0.0484375
8 0.590625 0.3390625 0.0296875 0.0375
8 0.5625 0.3390625 0.028125 0.040625
8 0.5734375 0.2953125 0.0390625 0.0328125
8 0.5234375 0.321875 0.0421875 0.046875
8 0.8578125 0.29375 0.053125 0.0640625
8 0.928125 0.2921875 0.0484375 0.034375
8 0.825 0.3296875 0.0453125 0.034375
8 0.85 0.3546875 0.040625 0.034375
8 0.9 0.4671875 0.05 0.05
8 0.9625 0.5546875 0.0625 0.0359375
8 0.7484375 0.6578125 0.0453125 0.06875
8 0.66875 0.5203125 0.0609375 0.078125
8 0.6375 0.525 0.0296875 0.0578125
8 0.59375 0.5234375 0.0671875 0.03125
8 0.446875 0.5640625 0.0484375 0.053125
8 0.4109375 0.6234375 0.04375 0.0515625
8 0.4921875 0.578125 0.0453125 0.0609375
8 0.75 0.571875 0.059375 0.0453125
8 0.6015625 0.490625 0.0546875 0.0203125
8 0.678125 0.40625 0.053125 0.0703125
8 0.8015625 0.2890625 0.03125 0.0515625
8 0.73125 0.3 0.0546875 0.0328125
8 0.7078125 0.31875 0.0421875 0.03125
8 0.7359375 0.2609375 0.0578125 0.0484375
8 0.74375 0.2265625 0.0640625 0.040625
8 0.684375 0.24375 0.03125 0.0578125
8 0.659375 0.25 0.046875 0.0421875
8 0.678125 0.203125 0.0375 0.0390625
8 0.634375 0.2171875 0.053125 0.0375
8 0.5703125 0.19375 0.0375 0.05
8 0.5390625 0.203125 0.034375 0.0375
8 0.465625 0.2375 0.0484375 0.040625
8 0.4421875 0.2828125 0.0453125 0.034375
8 0.4203125 0.23125 0.0453125 0.034375
8 0.425 0.2953125 0.0296875 0.03125
8 0.3828125 0.3609375 0.0375 0.0421875
8 0.6875 0.58125 0.034375 0.046875
8 0.696875 0.6328125 0.025 0.0328125
8 0.66875 0.709375 0.0625 0.0421875
8 0.9609375 0.7265625 0.05625 0.0609375
8 0.50625 0.75625 0.040625 0.05625
8 0.4828125 0.65 0.046875 0.0375
8 0.334375 0.53125 0.0359375 0.0359375
8 0.321875 0.475 0.025 0.0484375
8 0.2640625 0.446875 0.0640625 0.0375
8 0.5375 0.54375 0.04375 0.05
8 0.6109375 0.4234375 0.0359375 0.034375
8 0.446875 0.3890625 0.0484375 0.075
8 0.5921875 0.0828125 0.0296875 0.0484375
8 0.6171875 0.06875 0.0453125 0.059375
8 0.65 0.05 0.0390625 0.0671875
8 0.58984375 0.00859375 0.0296875 0.0171875
8 0.5625 0.009375 0.028125 0.01875
8 0.5734375 0.0421875 0.0390625 0.0328125
8 0.52265625 0.01953125 0.0421875 0.0390625
8 0.8578125 0.04375 0.053125 0.0640625
8 0.928125 0.0453125 0.0484375 0.034375
8 0.82421875 0.0125 0.0453125 0.025
8 0.74765625 0.984375 0.0453125 0.03125
8 0.8015625 0.0484375 0.03125 0.0515625
8 0.73125 0.0375 0.0546875 0.0328125
8 0.7078125 0.01875 0.0421875 0.03125
8 0.7359375 0.0765625 0.0578125 0.0484375
8 0.74375 0.1109375 0.0640625 0.040625
8 0.684375 0.09375 0.03125 0.0578125
8 0.659375 0.0875 0.046875 0.0421875
8 0.678125 0.134375 0.0375 0.0390625
8 0.634375 0.1203125 0.053125 0.0375
8 0.5703125 0.14375 0.0375 0.05
8 0.5390625 0.134375 0.034375 0.0375
8 0.465625 0.1 0.0484375 0.040625
8 0.4421875 0.0546875 0.0453125 0.034375
8 0.4203125 0.10625 0.0453125 0.034375
8 0.425 0.0421875 0.0296875 0.03125
8 0.66875 0.9515625 0.0625 0.0421875
8 0.9609375 0.934375 0.05625 0.0609375
8 0.50625 0.9046875 0.040625 0.05625
8 0.4828125 0.99609375 0.046875 0.0078125