8 0.36875 0.4671875 0.04375 0.090625
8 0.2765625 0.590625 0.0234375 0.046875
8 0.2890625 0.6125 0.0328125 0.0375
8 0.2875 0.653125 0.0453125 0.04375
8 0.328125 0.6359375 0.046875 0.0625
8 0.3828125 0.6203125 0.0484375 0.0328125
8 0.390625 0.740625 0.040625 0.046875
8 0.3671875 0.8015625 0.0578125 0.034375
8 0.5203125 0.75 0.0421875 0.0484375
8 0.51875 0.7859375 0.0421875 0.0578125
8 0.575 0.584375 0.0546875 0.059375
8 0.515625 0.5515625 0.04375 0.0375
8 0.509375 0.50625 0.0390625 0.05625
8 0.4453125 0.5046875 0.0390625 0.0765625
8 0.3140625 0.325 0.0703125 0.053125
8 0.3875 0.3390625 0.078125 0.0390625
8 0.5015625 0.3546875 0.06875 0.0703125
8 0.528125 0.403125 0.0765625 0.0578125
8 0.6375 0.375 0.0421875 0.0609375
8 0.5625 0.284375 0.0484375 0.028125
8 0.5796875 0.2609375 0.0484375 0.0203125
8 0.4375 0.26875 0.0578125 0.04375
8 0.334375 0.2140625 0.06875 0.0390625
8 0.271875 0.190625 0.04375 0.0515625
8 0.228125 0.190625 0.0390625 0.0515625
8 0.19375 0.23125 0.05625 0.05
8 0.159375 0.2546875 0.040625 0.0453125
8 0.0890625 0.3015625 0.0359375 0.040625
8 0.1453125 0.3953125 0.075 0.0578125
8 0.040625 0.3765625 0.071875 0.0359375
8 0.1453125 0.4328125 0.04375 0.0453125
8 0.1578125 0.3328125 0.04375 0.0484375
8 0.0671875 0.4265625 0.03125 0.0328125
8 0.0671875 0.45 0.053125 0.0359375
8 0.0125 0.42265625 0.025 0.0359375
8 0.034375 0.46953125 0.06875 0.0609375
8 0.246875 0.665625 0.0296875 0.0484375
8 0.6328125 0.5296875 0.0296875 0.065625
8 0.7390625 0.20625 0.05 0.03125
8 0.7046875 0.54375 0.0453125 0.0375
8 0.7546875 0.590625 0.0375 0.0515625
8 0.971875 0.3234375 0.040625 0.05625
8 0.9640625 0.2921875 0.0609375 0.0359375
8 0.865625 0.3625 0.0421875 0.05
8 0.9765625 0.4546875 0.0453125 0.0453125
8 0.8296875 0.4515625 0.0375 0.034375
8 0.2640625 0.7671875 0.0359375 0.0390625
8 0.2546875 0.73125 0.040625 0.0265625
8 0.28671875 0.99453125 0.0453125 0.0109375
8 0.390625 0.9234375 0.040625 0.046875
8 0.3671875 0.8625 0.0578125 0.034375
8 0.5203125 0.9140625 0.0421875 0.0484375
8 0.51875 0.878125 0.0421875 0.0578125
8 0.31328125 0.01640625 0.0703125 0.0328125
8 0.3875 0.00546875 0.078125 0.0109375
8 0.5625 0.046875 0.0484375 0.028125
8 0.5796875 0.0703125 0.0484375 0.0203125
8 0.4375 0.0625 0.0578125 0.04375
8 0.334375 0.1171875 0.06875 0.0390625
8 0.271875 0.140625 0.04375 0.0515625
8 0.228125 0.140625 0.0390625 0.0515625
8 0.19375 0.1 0.05625 0.05
8 0.159375 0.0765625 0.040625 0.0453125
8 0.0890625 0.0296875 0.0359375 0.040625
8 0.1578125 0.0109375 0.04375 0.021875
8 0.24609375 0.98671875 0.0296875 0.0265625
8 0.7390625 0.125 0.05 0.03125
8 0.971875 0.01796875 0.040625 0.0359375
8 0.9640625 0.0390625 0.0609375 0.0359375
8 0.2640625 0.896875 0.0359375 0.0390625
8 0.2546875 0.9328125 0.040625 0.0265625