8 0.2671875 0.3921875 0.109375 0.103125
8 0.2453125 0.4890625 0.0859375 0.0875
8 0.34375 0.5578125 0.0640625 0.1
8 0.4125 0.6046875 0.0796875 0.10625
8 0.3765625 0.6703125 0.1125 0.0640625
8 0.3828125 0.765625 0.0984375 0.08125
8 0.4984375 0.784375 0.11875 0.0765625
8 0.665625 0.7703125 0.1 0.0828125
8 0.85625 0.584375 0.175 0.13125
8 0.875 0.4546875 0.11875 0.1015625
8 0.8703125 0.1921875 0.1125 0.0828125
8 0.7296875 0.2125 0.1375 0.1328125
8 0.53125 0.0546875 0.0671875 0.0890625
8 0.3421875 0.059375 0.10625 0.096875
8 0.3015625 0.8796875 0.0734375 0.1203125
8 0.4515625 0.8734375 0.0875 0.0765625