8 0.4015625 0.5671875 0.03125 0.0515625
8 0.3859375 0.5890625 0.015625 0.021875
8 0.375 0.578125 0.0265625 0.0140625
8 0.3796875 0.6125 0.0265625 0.03125
8 0.36875 0.6609375 0.0171875 0.03125
8 0.2265625 0.6859375 0.025 0.0453125
8 0.2796875 0.7125 0.0453125 0.0296875
8 0.4359375 0.7578125 0.0375 0.03125
8 0.425 0.8078125 0.0265625 0.025
8 0.696875 0.634375 0.028125 0.0453125
8 0.7234375 0.6328125 0.0234375 0.03125
8 0.6875 0.525 0.0234375 0.0296875
8 0.6265625 0.5421875 0.028125 0.01875
8 0.65 0.56875 0.021875 0.0265625
8 0.6046875 0.5 0.0296875 0.0375
8 0.625 0.5171875 0.0265625 0.0265625
8 0.5859375 0.55625 0.025 0.0234375
8 0.590625 0.5796875 0.03125 0.01875
8 0.534375 0.5578125 0.0265625 0.028125
8 0.5125 0.565625 0.0265625 0.015625
8 0.50625 0.5875 0.0203125 0.0359375
8 0.5 0.61875 0.025 0.0203125
8 0.7859375 0.3640625 0.025 0.03125
8 0.7609375 0.3921875 0.0328125 0.0171875
8 0.83125 0.2828125 0.028125 0.0296875
8 0.45625 0.3015625 0.0171875 0.028125
8 0.4796875 0.35625 0.021875 0.0296875
8 0.3328125 0.259375 0.03125 0.025
8 0.2578125 0.18125 0.0421875 0.0234375
8 0.265625 0.1484375 0.034375 0.0203125
8 0.1890625 0.271875 0.0234375 0.0234375
8 0.2546875 0.3984375 0.021875 0.040625
8 0.4078125 0.484375 0.0171875 0.03125
8 0.3828125 0.53125 0.025 0.0265625
8 0.3484375 0.54375 0.0140625 0.0390625
8 0.5140625 0.478125 0.015625 0.0328125
8 0.4359375 0.98828125 0.0375 0.0234375
8 0.425 0.9421875 0.0265625 0.025
8 0.2578125 0.06875 0.0421875 0.0234375
8 0.265625 0.1015625 0.034375 0.0203125