8 0.640625 0.575 0.0640625 0.0859375
8 0.6125 0.6390625 0.0484375 0.0796875
8 0.5734375 0.7796875 0.0625 0.11875
8 0.4 0.690625 0.0578125 0.0609375
8 0.403125 0.3609375 0.0703125 0.1265625
8 0.221875 0.428125 0.09375 0.0625
8 0.23125 0.5015625 0.078125 0.0671875
8 0.14375 0.6421875 0.0625 0.0984375
8 0.2234375 0.7703125 0.034375 0.05625
8 0.05625 0.6328125 0.08125 0.0734375
8 0.084375 0.16875 0.0921875 0.0625
8 0.909375 0.4859375 0.1203125 0.1546875
8 0.7625 0.4453125 0.0859375 0.0734375
8 0.9203125 0.709375 0.1234375 0.0703125
8 0.865625 0.6265625 0.0984375 0.046875
8 0.8390625 0.759375 0.1046875 0.0625
8 0.7671875 0.8015625 0.0765625 0.1390625
8 0.984375 0.83125 0.028125 0.06875
8 0.5734375 0.95546875 0.0625 0.0890625
8 0.2234375 0.97578125 0.034375 0.0484375
8 0.084375 0.08125 0.0921875 0.0625
8 0.83828125 0.9796875 0.1046875 0.040625
8 0.76640625 0.9390625 0.0765625 0.121875
8 0.984375 0.91875 0.028125 0.06875