8 0.3234375 0.4671875 0.040625 0.028125
8 0.753125 0.496875 0.0328125 0.0421875
8 0.5671875 0.2921875 0.03125 0.0546875
8 0.50625 0.3171875 0.0390625 0.0375
8 0.1203125 0.2546875 0.025 0.03125
8 0.084375 0.265625 0.03125 0.028125
8 0.096875 0.328125 0.0265625 0.040625
8 0.059375 0.3953125 0.0359375 0.04375
8 0.0640625 0.4328125 0.0328125 0.03125
8 0.0140625 0.325 0.028125 0.034375
8 0.021875 0.36875 0.0328125 0.0359375
8 0.128125 0.203125 0.034375 0.0359375
8 0.2890625 0.828125 0.0515625 0.0265625
8 0.1203125 0.00546875 0.025 0.0109375
8 0.128125 0.046875 0.034375 0.0359375
8 0.2890625 0.921875 0.0515625 0.0265625