2 0.875 0.40625 0.1921875 0.2234375
2 0.128125 0.515625 0.2375 0.134375
2 0.5703125 0.709375 0.20625 0.121875
2 0.753125 0.265625 0.240625 0.078125
2 0.7234375 0.615625 0.0953125 0.10625
2 0.09375 0.4078125 0.1875 0.128125
2 0.6640625 0.3953125 0.190625 0.16875
2 0.853125 0.6625 0.1890625 0.2140625
2 0.403125 0.3265625 0.1375 0.1671875
2 0.5890625 0.5015625 0.23125 0.128125
2 0.3453125 0.4515625 0.2453125 0.0859375
2 0.2515625 0.415625 0.1109375 0.15
2 0.4609375 0.525 0.13125 0.20625
2 0.1046875 0.428125 0.2015625 0.0921875
2 0.59375 0.3328125 0.1109375 0.0875
2 0.87265625 0.078125 0.1921875 0.15625
2 0.128125 0.9796875 0.2375 0.040625
2 0.5703125 0.8328125 0.20625 0.121875
2 0.753125 0.1875 0.240625 0.078125
2 0.7234375 0.9265625 0.0953125 0.10625
2 0.09375 0.0546875 0.1875 0.109375
2 0.6640625 0.0703125 0.190625 0.140625
2 0.853125 0.8796875 0.1890625 0.2140625
2 0.403125 0.1265625 0.1375 0.1671875
2 0.34375 0.021875 0.2453125 0.04375
2 0.25 0.05625 0.1109375 0.1125
2 0.4609375 0.95625 0.13125 0.0859375
2 0.10234375 0.034375 0.2015625 0.06875
2 0.59375 0.1203125 0.1109375 0.0875