8 0.5609375 0.3359375 0.11875 0.1296875
8 0.471875 0.4578125 0.0828125 0.1015625
8 0.5234375 0.5671875 0.075 0.1390625
8 0.834375 0.4875 0.1984375 0.10625
8 0.965625 0.21875 0.0671875 0.10625
8 0.215625 0.2046875 0.08125 0.078125
8 0.090625 0.2328125 0.153125 0.1296875
8 0.2484375 0.7109375 0.096875 0.1484375
8 0.2265625 0.628125 0.0703125 0.1109375
8 0.3359375 0.7203125 0.1140625 0.1421875
8 0.4359375 0.678125 0.0703125 0.115625
8 0.353125 0.565625 0.1078125 0.09375
8 0.3546875 0.4890625 0.0640625 0.0578125
8 0.5609375 0.0296875 0.11875 0.059375
8 0.965625 0.1125 0.0671875 0.10625
8 0.215625 0.1265625 0.08125 0.078125
8 0.090625 0.0984375 0.153125 0.1296875
8 0.2484375 0.93828125 0.096875 0.1234375
8 0.33515625 0.93515625 0.1140625 0.1296875
8 0.43515625 0.96328125 0.0703125 0.0734375