1 0.409375 0.5609375 0.115625 0.140625
1 0.3953125 0.25625 0.140625 0.1171875
1 0.5984375 0.0765625 0.125 0.1140625
1 0.7015625 0.11875 0.0890625 0.1640625
1 0.5890625 0.2953125 0.0734375 0.10625
1 0.5703125 0.396875 0.0875 0.075
1 0.4890625 0.3859375 0.1125 0.1
1 0.50625 0.4984375 0.0796875 0.1015625
1 0.615625 0.521875 0.0828125 0.1171875
1 0.6875 0.61875 0.0828125 0.090625
1 0.7 0.475 0.0734375 0.0828125
1 0.753125 0.40625 0.05625 0.103125
1 0.66875 0.34375 0.075 0.1046875
1 0.3921875 0.8515625 0.121875 0.1453125
1 0.040625 0.5609375 0.08125 0.140625
1 0.0546875 0.2546875 0.109375 0.1171875
1 0.9515625 0.075 0.096875 0.1140625
1 0.8625 0.11875 0.0890625 0.1640625
1 0.96875 0.2953125 0.0625 0.10625
1 0.975 0.396875 0.05 0.075
1 0.9484375 0.521875 0.0828125 0.1171875
1 0.8765625 0.61875 0.0828125 0.090625
1 0.8640625 0.475 0.0734375 0.0828125
1 0.8109375 0.40625 0.05625 0.103125
1 0.8953125 0.34375 0.075 0.1046875
1 0.0515625 0.85 0.103125 0.1453125