8 0.478125 0.375 0.0421875 0.028125
8 0.125 0.553125 0.046875 0.03125
8 0.1484375 0.4875 0.040625 0.0265625
8 0.2953125 0.6703125 0.0296875 0.040625
8 0.303125 0.7859375 0.0265625 0.040625
8 0.4109375 0.5015625 0.046875 0.0265625
8 0.44375 0.54375 0.01875 0.0296875
8 0.4171875 0.5609375 0.01875 0.03125
8 0.340625 0.55625 0.0359375 0.0234375
8 0.521875 0.540625 0.03125 0.0296875
8 0.44375 0.4015625 0.0375 0.0265625
8 0.3953125 0.4375 0.0265625 0.021875
8 0.4125 0.4671875 0.04375 0.034375
8 0.34375 0.421875 0.0125 0.0265625
8 0.36875 0.4828125 0.0234375 0.040625
8 0.4703125 0.4625 0.0234375 0.0234375
8 0.4703125 0.4234375 0.01875 0.0296875
8 0.29453125 0.98671875 0.0296875 0.0265625
8 0.303125 0.878125 0.0265625 0.040625