4 0.315625 0.5578125 0.0296875 0.0375
4 0.28125 0.575 0.03125 0.0234375
4 0.2375 0.5640625 0.025 0.028125
4 0.2234375 0.51875 0.015625 0.03125
4 0.240625 0.496875 0.03125 0.0234375
4 0.2828125 0.45625 0.028125 0.025
4 0.2609375 0.440625 0.0234375 0.0265625
4 0.2328125 0.4328125 0.025 0.0203125
4 0.1796875 0.475 0.0234375 0.021875
4 0.1671875 0.4578125 0.0234375 0.0296875
4 0.1515625 0.46875 0.0171875 0.025
4 0.1265625 0.4890625 0.0296875 0.021875
4 0.1015625 0.4203125 0.0265625 0.01875
4 0.1609375 0.3890625 0.025 0.015625
4 0.1625 0.36875 0.0234375 0.01875
4 0.1546875 0.3609375 0.01875 0.01875
4 0.1328125 0.3703125 0.0234375 0.021875
4 0.06875 0.4296875 0.028125 0.0234375
4 0.084375 0.4796875 0.0203125 0.03125
4 0.0625 0.50625 0.0328125 0.0140625
4 0.1046875 0.521875 0.025 0.0109375
4 0.1171875 0.5359375 0.03125 0.0203125
4 0.178125 0.5046875 0.0234375 0.028125
4 0.1125 0.6359375 0.03125 0.025
4 0.1140625 0.653125 0.0296875 0.0265625
4 0.0359375 0.6859375 0.0234375 0.0296875
4 0.528125 0.5984375 0.0265625 0.034375
4 0.4796875 0.6421875 0.03125 0.01875
4 0.3828125 0.415625 0.01875 0.0359375
4 0.3078125 0.4140625 0.0265625 0.01875
4 0.3390625 0.325 0.01875 0.0296875
4 0.2796875 0.26875 0.0203125 0.028125
4 0.3 0.246875 0.0234375 0.0140625
4 0.4015625 0.2671875 0.025 0.028125
4 0.4328125 0.265625 0.0234375 0.025
4 0.4125 0.3390625 0.0265625 0.021875
4 0.5859375 0.3765625 0.03125 0.01875
4 0.6515625 0.525 0.015625 0.0296875
4 0.628125 0.559375 0.0265625 0.0265625
4 0.5921875 0.18125 0.025 0.028125
4 0.5625 0.18125 0.028125 0.0171875
4 0.40625 0.2359375 0.0265625 0.0234375
4 0.4125 0.225 0.01875 0.0234375
4 0.5265625 0.253125 0.0265625 0.0265625
4 0.55625 0.2609375 0.0359375 0.015625
4 0.546875 0.284375 0.0234375 0.028125
4 0.6015625 0.278125 0.01875 0.034375
4 0.6171875 0.2109375 0.0296875 0.025
4 0.5921875 0.215625 0.0265625 0.0234375
4 0.5640625 0.21875 0.0234375 0.0234375
4 0.6734375 0.2546875 0.0296875 0.03125
4 0.071875 0.784375 0.0265625 0.021875
4 0.0921875 0.8109375 0.03125 0.0234375
4 0.0625 0.8140625 0.0171875 0.028125
4 0.040625 0.790625 0.015625 0.028125
4 0.0140625 0.590625 0.0265625 0.0234375
4 0.0203125 0.56875 0.025 0.0171875
4 0.896875 0.184375 0.0265625 0.025
4 0.940625 0.1734375 0.034375 0.0125
4 0.9484375 0.29375 0.0234375 0.03125
4 0.909375 0.2875 0.021875 0.0375
4 0.8875 0.3125 0.0234375 0.0328125
4 0.0359375 0.9765625 0.0234375 0.0296875
4 0.3390625 0.01171875 0.01875 0.0234375
4 0.2796875 0.065625 0.0203125 0.028125
4 0.3 0.0875 0.0234375 0.0140625
4 0.4015625 0.0671875 0.025 0.028125
4 0.4328125 0.06875 0.0234375 0.025
4 0.41171875 0.003125 0.0265625 0.00625
4 0.5921875 0.153125 0.025 0.028125
4 0.5625 0.153125 0.028125 0.0171875
4 0.40625 0.0984375 0.0265625 0.0234375
4 0.4125 0.109375 0.01875 0.0234375
4 0.5265625 0.08125 0.0265625 0.0265625
4 0.55625 0.0734375 0.0359375 0.015625
4 0.546875 0.05 0.0234375 0.028125
4 0.6015625 0.05625 0.01875 0.034375
4 0.6171875 0.1234375 0.0296875 0.025
4 0.5921875 0.11875 0.0265625 0.0234375
4 0.5640625 0.115625 0.0234375 0.0234375
4 0.6734375 0.0796875 0.0296875 0.03125
4 0.071875 0.878125 0.0265625 0.021875
4 0.0921875 0.8515625 0.03125 0.0234375
4 0.0625 0.8484375 0.0171875 0.028125
4 0.040625 0.871875 0.015625 0.028125
4 0.896875 0.15 0.0265625 0.025
4 0.940625 0.1609375 0.034375 0.0125
4 0.9484375 0.040625 0.0234375 0.03125
4 0.909375 0.046875 0.021875 0.0375
4 0.8875 0.021875 0.0234375 0.0328125