8 0.4890625 0.509375 0.078125 0.059375
8 0.3171875 0.5796875 0.078125 0.08125
8 0.6765625 0.6796875 0.0703125 0.075
8 0.66875 0.7609375 0.1171875 0.0578125
8 0.54375 0.65 0.065625 0.0546875
8 0.4828125 0.65 0.0875 0.05625
8 0.534375 0.696875 0.10625 0.0609375
8 0.428125 0.7109375 0.0859375 0.0640625
8 0.440625 0.44375 0.0515625 0.046875
8 0.34375 0.4375 0.1046875 0.0421875
8 0.2359375 0.240625 0.046875 0.0734375
8 0.35 0.53125 0.0859375 0.0421875
8 0.67578125 0.9734375 0.0703125 0.053125
8 0.66875 0.903125 0.1171875 0.0578125
8 0.54375 0.99296875 0.065625 0.0140625
8 0.4828125 0.99296875 0.0875 0.0140625
8 0.534375 0.9671875 0.10625 0.0609375
8 0.428125 0.953125 0.0859375 0.0640625
8 0.2359375 0.090625 0.046875 0.0734375