8 0.3484375 0.6203125 0.1140625 0.13125
8 0.340625 0.4265625 0.090625 0.1640625
8 0.4859375 0.4203125 0.0734375 0.1265625
8 0.65625 0.5390625 0.1328125 0.1171875
8 0.7359375 0.6015625 0.1671875 0.1203125
8 0.6796875 0.7 0.1015625 0.04375
8 0.0296875 0.675 0.059375 0.0953125
8 0.3484375 0.8265625 0.1140625 0.13125
8 0.340625 0.1203125 0.090625 0.1640625
8 0.340625 0.96875 0.090625 0.0625
8 0.4859375 0.1265625 0.0734375 0.1265625
8 0.48515625 0.98125 0.0734375 0.0375
8 0.65546875 0.0328125 0.1328125 0.065625
8 0.65625 0.9078125 0.1328125 0.1171875
8 0.7359375 0.8453125 0.1671875 0.1203125
8 0.6796875 0.746875 0.1015625 0.04375
8 0.0296875 0.771875 0.059375 0.0953125