8 0.2 0.6015625 0.040625 0.0453125
8 0.18125 0.6421875 0.0375 0.028125
8 0.209375 0.6765625 0.0421875 0.040625
8 0.203125 0.715625 0.034375 0.0421875
8 0.184375 0.75 0.03125 0.040625
8 0.2703125 0.753125 0.040625 0.021875
8 0.2953125 0.815625 0.0578125 0.0421875
8 0.365625 0.6359375 0.046875 0.04375
8 0.325 0.6671875 0.0375 0.0484375
8 0.321875 0.4953125 0.05625 0.040625
8 0.321875 0.4328125 0.053125 0.034375
8 0.1515625 0.459375 0.04375 0.0390625
8 0.1375 0.5125 0.0546875 0.046875
8 0.0203125 0.625 0.03125 0.04375
8 0.1375 0.659375 0.05 0.0328125
8 0.0546875 0.3515625 0.053125 0.05625
8 0.553125 0.29375 0.04375 0.040625
8 0.65625 0.353125 0.03125 0.0390625
8 0.54375 0.4265625 0.0234375 0.0265625
8 0.51875 0.459375 0.04375 0.0359375
8 0.48125 0.4015625 0.046875 0.0390625
8 0.7578125 0.4609375 0.028125 0.0546875
8 0.79375 0.6125 0.0671875 0.034375
8 0.84375 0.61875 0.0296875 0.0421875
8 0.9640625 0.4234375 0.04375 0.0296875
8 0.5171875 0.3421875 0.028125 0.0515625
8 0.59375 0.5265625 0.046875 0.03125
8 0.5359375 0.534375 0.028125 0.0359375
8 0.6328125 0.7640625 0.0265625 0.040625
8 0.6046875 0.790625 0.034375 0.053125
8 0.6359375 0.8546875 0.0359375 0.0375
8 0.721875 0.1515625 0.0390625 0.0328125
8 0.184375 0.98984375 0.03125 0.0203125
8 0.2703125 0.99296875 0.040625 0.0140625
8 0.2953125 0.934375 0.0578125 0.0421875
8 0.63203125 0.9828125 0.0265625 0.034375
8 0.6046875 0.959375 0.034375 0.053125
8 0.6359375 0.8953125 0.0359375 0.0375
8 0.721875 0.0984375 0.0390625 0.0328125