8 0.5265625 0.4609375 0.0625 0.06875
8 0.421875 0.503125 0.078125 0.0359375
8 0.475 0.553125 0.05625 0.0421875
8 0.396875 0.596875 0.084375 0.04375
8 0.303125 0.6046875 0.0453125 0.0546875
8 0.146875 0.6859375 0.04375 0.053125
8 0.184375 0.728125 0.084375 0.0453125
8 0.5734375 0.640625 0.053125 0.0546875
8 0.603125 0.5765625 0.065625 0.03125
8 0.590625 0.5359375 0.065625 0.0375
8 0.5921875 0.453125 0.040625 0.065625
8 0.6859375 0.4625 0.0484375 0.059375
8 0.721875 0.515625 0.034375 0.059375
8 0.6734375 0.5328125 0.040625 0.034375
8 0.73125 0.6328125 0.05 0.075
8 0.6 0.6890625 0.0609375 0.0578125
8 0.865625 0.546875 0.0328125 0.0484375
8 0.865625 0.465625 0.040625 0.0453125
8 0.859375 0.3953125 0.04375 0.0625
8 0.859375 0.2859375 0.053125 0.040625
8 0.9671875 0.559375 0.0484375 0.0703125
8 0.9015625 0.628125 0.0359375 0.0640625
8 0.3109375 0.2359375 0.0765625 0.0484375
8 0.3734375 0.2015625 0.053125 0.01875
8 0.4140625 0.315625 0.0609375 0.0625
8 0.15625 0.3953125 0.08125 0.053125
8 0.2734375 0.26875 0.040625 0.0375
8 0.778125 0.25 0.0546875 0.0453125
8 0.4859375 0.859375 0.04375 0.0296875
8 0.31015625 0.01875 0.0765625 0.0375
8 0.3734375 0.0484375 0.053125 0.01875
8 0.77734375 0.0109375 0.0546875 0.021875
8 0.4859375 0.890625 0.04375 0.0296875