8 0.9484375 0.375 0.028125 0.0359375
8 0.50625 0.521875 0.0140625 0.0234375
8 0.4296875 0.4140625 0.021875 0.025
8 0.2171875 0.325 0.0171875 0.0265625
8 0.1875 0.3921875 0.0203125 0.021875
8 0.2953125 0.4078125 0.0234375 0.015625
8 0.3125 0.3921875 0.0203125 0.0125
8 0.0546875 0.25625 0.0203125 0.01875
8 0.1421875 0.2609375 0.0140625 0.01875
8 0.196875 0.240625 0.0109375 0.0171875
8 0.878125 0.2390625 0.0234375 0.0203125
8 0.671875 0.2515625 0.0234375 0.0171875
8 0.21640625 0.009375 0.0171875 0.01875
8 0.0546875 0.075 0.0203125 0.01875
8 0.1421875 0.0703125 0.0140625 0.01875
8 0.196875 0.090625 0.0109375 0.0171875
8 0.878125 0.0921875 0.0234375 0.0203125
8 0.671875 0.0796875 0.0234375 0.0171875