8 0.73125 0.7859375 0.0578125 0.0609375
8 0.5515625 0.75 0.0609375 0.0796875
8 0.5328125 0.596875 0.0453125 0.065625
8 0.5546875 0.509375 0.0421875 0.065625
8 0.6265625 0.471875 0.071875 0.0421875
8 0.646875 0.496875 0.0359375 0.04375
8 0.7 0.559375 0.0671875 0.0375
8 0.6140625 0.5328125 0.046875 0.0640625
8 0.746875 0.46875 0.059375 0.03125
8 0.8390625 0.425 0.0390625 0.065625
8 0.65625 0.2484375 0.0421875 0.046875
8 0.603125 0.296875 0.0375 0.046875
8 0.6765625 0.3078125 0.040625 0.0359375
8 0.6453125 0.1703125 0.0578125 0.05
8 0.4671875 0.103125 0.0359375 0.053125
8 0.4140625 0.0875 0.05 0.090625
8 0.35625 0.0453125 0.0421875 0.065625
8 0.29296875 0.0171875 0.0359375 0.034375
8 0.365625 0.1578125 0.046875 0.0609375
8 0.3125 0.196875 0.0703125 0.0375
8 0.328125 0.253125 0.0578125 0.05
8 0.3671875 0.2734375 0.0421875 0.065625
8 0.409375 0.275 0.046875 0.03125
8 0.2234375 0.2828125 0.071875 0.040625
8 0.1609375 0.21875 0.071875 0.046875
8 0.153125 0.109375 0.0390625 0.0546875
8 0.178125 0.359375 0.0625 0.0734375
8 0.1953125 0.415625 0.059375 0.05
8 0.2484375 0.465625 0.05 0.0421875
8 0.2453125 0.6421875 0.05 0.046875
8 0.284375 0.609375 0.040625 0.03125
8 0.3421875 0.65625 0.05625 0.03125
8 0.3328125 0.7109375 0.0375 0.04375
8 0.3625 0.746875 0.078125 0.040625
8 0.365625 0.84375 0.0296875 0.075
8 0.4046875 0.915625 0.0390625 0.0609375
8 0.3359375 0.965625 0.0453125 0.0609375
8 0.20625 0.7328125 0.05625 0.0625
8 0.2734375 0.6953125 0.0578125 0.028125
8 0.159375 0.6828125 0.0421875 0.05625
8 0.5125 0.3953125 0.0546875 0.084375
8 0.559375 0.3890625 0.059375 0.0390625
8 0.8546875 0.2734375 0.0390625 0.0421875
8 0.4546875 0.403125 0.0359375 0.059375
8 0.403125 0.353125 0.03125 0.0703125
8 0.39375 0.41875 0.028125 0.059375
8 0.3875 0.5765625 0.028125 0.040625
8 0.4109375 0.471875 0.034375 0.028125
8 0.98671875 0.46875 0.0265625 0.03125
8 0.9109375 0.425 0.0390625 0.065625
8 0.03125 0.2828125 0.0625 0.040625
8 0.0890625 0.21875 0.071875 0.046875
8 0.096875 0.109375 0.0390625 0.0546875
8 0.071875 0.359375 0.0625 0.0734375
8 0.0546875 0.415625 0.059375 0.05
8 0.01328125 0.46484375 0.0265625 0.0421875
8 0.01484375 0.6421875 0.0296875 0.046875
8 0.04375 0.7328125 0.05625 0.0625
8 0.090625 0.6828125 0.0421875 0.05625
8 0.8953125 0.2734375 0.0390625 0.0421875