8 0.55 0.6140625 0.034375 0.0390625
8 0.56875 0.6625 0.021875 0.034375
8 0.653125 0.8046875 0.03125 0.040625
8 0.734375 0.7875 0.0328125 0.028125
8 0.6015625 0.859375 0.034375 0.0296875
8 0.60625 0.775 0.0265625 0.03125
8 0.6484375 0.771875 0.028125 0.0234375
8 0.496875 0.6578125 0.028125 0.03125
8 0.55 0.721875 0.028125 0.0328125
8 0.5046875 0.859375 0.0390625 0.0203125
8 0.1765625 0.7828125 0.028125 0.0359375
8 0.3328125 0.6515625 0.0234375 0.028125
8 0.80625 0.71875 0.03125 0.0359375
8 0.771875 0.7921875 0.0234375 0.0234375
8 0.7640625 0.659375 0.028125 0.0203125
8 0.840625 0.63125 0.0203125 0.03125
8 0.6359375 0.5515625 0.0375 0.0296875
8 0.5125 0.5859375 0.0296875 0.021875
8 0.596875 0.3921875 0.0265625 0.01875
8 0.625 0.43125 0.0265625 0.034375
8 0.6828125 0.3625 0.0328125 0.028125
8 0.6109375 0.3546875 0.0265625 0.0171875
8 0.51875 0.375 0.04375 0.025
8 0.46875 0.4 0.034375 0.01875
8 0.46875 0.4265625 0.0234375 0.025
8 0.421875 0.3828125 0.0390625 0.01875
8 0.365625 0.403125 0.034375 0.0203125
8 0.2578125 0.34375 0.03125 0.025
8 0.7875 0.3984375 0.0234375 0.0234375
8 0.8640625 0.3640625 0.03125 0.0203125
8 0.8625 0.3828125 0.0328125 0.034375
8 0.421875 0.271875 0.03125 0.021875
8 0.3625 0.2765625 0.0234375 0.0328125
8 0.5609375 0.48125 0.0171875 0.025
8 0.653125 0.9453125 0.03125 0.040625
8 0.734375 0.9625 0.0328125 0.028125
8 0.6015625 0.890625 0.034375 0.0296875
8 0.60625 0.975 0.0265625 0.03125
8 0.6484375 0.978125 0.028125 0.0234375
8 0.5046875 0.890625 0.0390625 0.0203125
8 0.1765625 0.9671875 0.028125 0.0359375
8 0.771875 0.9578125 0.0234375 0.0234375