4 0.8390625 0.6 0.09375 0.1203125
4 0.94375 0.6015625 0.109375 0.10625
4 0.8109375 0.4046875 0.16875 0.0984375
4 0.78125 0.3015625 0.1421875 0.1140625
4 0.61875 0.3328125 0.0890625 0.0875
4 0.4765625 0.353125 0.15 0.090625
4 0.440625 0.4171875 0.1109375 0.0796875
4 0.353125 0.5140625 0.1609375 0.08125
4 0.2671875 0.4328125 0.11875 0.1015625
4 0.2578125 0.365625 0.1328125 0.059375
4 0.2328125 0.296875 0.13125 0.0796875
4 0.1375 0.5875 0.1421875 0.0984375
4 0.5890625 0.584375 0.13125 0.0640625
4 0.6578125 0.6703125 0.0953125 0.11875
4 0.7203125 0.5875 0.1171875 0.075
4 0.6671875 0.5234375 0.1421875 0.078125
4 0.6578125 0.471875 0.11875 0.071875
4 0.5484375 0.4453125 0.096875 0.1015625
4 0.753125 0.709375 0.121875 0.1375
4 0.878125 0.73125 0.0875 0.10625
4 0.78046875 0.04296875 0.1421875 0.0859375
4 0.61796875 0.02109375 0.0890625 0.0421875
4 0.4765625 0.01171875 0.15 0.0234375
4 0.2328125 0.03671875 0.13125 0.0734375
4 0.65703125 0.9671875 0.0953125 0.065625
4 0.753125 0.94296875 0.121875 0.1140625
4 0.878125 0.9328125 0.0875 0.10625