4 0.521875 0.4 0.075 0.1265625
4 0.43125 0.4046875 0.05625 0.0859375
4 0.425 0.465625 0.0765625 0.0671875
4 0.4953125 0.5265625 0.071875 0.1015625
4 0.428125 0.578125 0.06875 0.1296875
4 0.3 0.7109375 0.103125 0.109375
4 0.134375 0.671875 0.1140625 0.084375
4 0.3703125 0.2984375 0.125 0.0875
4 0.4421875 0.2171875 0.140625 0.0578125
4 0.6890625 0.259375 0.0671875 0.1265625
4 0.721875 0.3859375 0.10625 0.0984375
4 0.3 0.94765625 0.103125 0.1046875
4 0.13359375 0.9734375 0.1140625 0.053125
4 0.3703125 0.04140625 0.125 0.0828125
4 0.4421875 0.1203125 0.140625 0.0578125
4 0.6890625 0.078125 0.0671875 0.1265625