8 0.49375 0.540625 0.053125 0.0515625
8 0.440625 0.6234375 0.075 0.08125
8 0.403125 0.7703125 0.071875 0.0859375
8 0.284375 0.7109375 0.0765625 0.0484375
8 0.2875 0.778125 0.075 0.084375
8 0.1578125 0.94375 0.078125 0.1109375
8 0.6765625 0.584375 0.0484375 0.059375
8 0.4796875 0.4703125 0.0359375 0.0390625
8 0.4578125 0.44375 0.0359375 0.025
8 0.5203125 0.44375 0.01875 0.0265625
8 0.4890625 0.3984375 0.03125 0.03125
8 0.609375 0.403125 0.0234375 0.025
8 0.640625 0.3453125 0.040625 0.0296875
8 0.53125 0.3203125 0.0265625 0.0234375
8 0.5015625 0.3234375 0.0203125 0.0140625
8 0.4953125 0.340625 0.0203125 0.021875
8 0.5015625 0.3609375 0.01875 0.01875
8 0.465625 0.384375 0.0125 0.0234375
8 0.175 0.4265625 0.03125 0.0234375
8 0.0796875 0.94375 0.078125 0.1109375
8 0.0625 0.4265625 0.03125 0.0234375