8 0.534375 0.3796875 0.14375 0.1015625
8 0.4890625 0.45625 0.0921875 0.0625
8 0.4078125 0.465625 0.0984375 0.0609375
8 0.4953125 0.534375 0.109375 0.0765625
8 0.4515625 0.5953125 0.078125 0.1046875
8 0.5 0.675 0.0875 0.065625
8 0.615625 0.65 0.1 0.084375
8 0.7375 0.565625 0.0375 0.0796875
8 0.7890625 0.4234375 0.0984375 0.0703125
8 0.9453125 0.1765625 0.065625 0.0859375
8 0.3671875 0.2234375 0.146875 0.078125
8 0.2109375 0.1875 0.0953125 0.125
8 0.134375 0.178125 0.0671875 0.0671875
8 0.2703125 0.5921875 0.1125 0.05625
8 0.34375 0.5125 0.0921875 0.0671875
8 0.390625 0.559375 0.0296875 0.0796875
8 0.3453125 0.6859375 0.0890625 0.0703125
8 0.2140625 0.678125 0.13125 0.1140625
8 0.1046875 0.6390625 0.0703125 0.08125
8 0.128125 0.6875 0.1171875 0.059375
8 0.253125 0.7890625 0.140625 0.0890625
8 0.8234375 0.778125 0.121875 0.096875
8 0.715625 0.75 0.0859375 0.0515625
8 0.925 0.70625 0.10625 0.1
8 0.8984375 0.7609375 0.0578125 0.090625
8 0.9640625 0.5796875 0.0703125 0.1421875
8 0.9609375 0.6515625 0.0765625 0.096875
8 0.203125 0.4015625 0.0984375 0.0734375
8 0.2875 0.4140625 0.0875 0.0546875
8 0.0875 0.7484375 0.04375 0.0875
8 0.0296875 0.7859375 0.059375 0.090625
8 0.0421875 0.4359375 0.053125 0.0703125
8 0.0203125 0.65859375 0.040625 0.0953125
8 0.9453125 0.0734375 0.065625 0.0859375
8 0.3671875 0.0328125 0.146875 0.065625
8 0.2109375 0.0625 0.0953125 0.125
8 0.134375 0.071875 0.0671875 0.0671875
8 0.253125 0.9578125 0.140625 0.084375
8 0.8234375 0.96171875 0.121875 0.0765625
8 0.71484375 0.98671875 0.0859375 0.0265625
8 0.89765625 0.971875 0.0578125 0.05625
8 0.0875 0.97890625 0.04375 0.0421875
8 0.0296875 0.959375 0.059375 0.08125