8 0.559375 0.7140625 0.0484375 0.071875
8 0.528125 0.7296875 0.0375 0.0796875
8 0.3640625 0.659375 0.0625 0.078125
8 0.159375 0.553125 0.04375 0.05
8 0.340625 0.3796875 0.0640625 0.065625
8 0.275 0.24375 0.0609375 0.0625
8 0.3203125 0.1796875 0.0546875 0.05
8 0.3984375 0.171875 0.0828125 0.0796875
8 0.2421875 0.0859375 0.040625 0.059375
8 0.4625 0.1515625 0.05625 0.0625
8 0.49375 0.0859375 0.0390625 0.0421875
8 0.6109375 0.159375 0.0546875 0.0578125
8 0.5296875 0.2265625 0.0578125 0.0421875
8 0.49375 0.2640625 0.0421875 0.04375
8 0.6828125 0.4046875 0.0359375 0.0453125
8 0.646875 0.4203125 0.0546875 0.0515625
8 0.6765625 0.5109375 0.071875 0.0421875
8 0.7015625 0.478125 0.0609375 0.053125
8 0.6828125 0.5546875 0.065625 0.0375
8 0.790625 0.6234375 0.0859375 0.0546875
8 0.825 0.5671875 0.0515625 0.0328125
8 0.7515625 0.303125 0.08125 0.06875
8 0.528125 0.9671875 0.04375 0.0640625
8 0.6140625 0.878125 0.06875 0.071875
8 0.70625 0.8890625 0.071875 0.078125
8 0.73125 0.8015625 0.0484375 0.0953125
8 0.090625 0.553125 0.04375 0.05
8 0.0140625 0.0859375 0.028125 0.059375
8 0.9578125 0.62265625 0.084375 0.0546875
8 0.925 0.5671875 0.0515625 0.0328125
8 0.97890625 0.303125 0.0421875 0.06875