4 0.6046875 0.428125 0.125 0.1171875
4 0.4765625 0.4 0.0703125 0.0765625
4 0.4828125 0.3484375 0.1015625 0.046875
4 0.40625 0.3859375 0.10625 0.059375
4 0.3359375 0.43125 0.128125 0.05
4 0.203125 0.4328125 0.0734375 0.0640625
4 0.1953125 0.5140625 0.06875 0.125
4 0.153125 0.5171875 0.0515625 0.1046875
4 0.0859375 0.5609375 0.090625 0.053125
4 0.271875 0.5234375 0.078125 0.134375
4 0.465625 0.490625 0.1328125 0.1109375
4 0.3921875 0.4734375 0.140625 0.075
4 0.5046875 0.56875 0.15625 0.084375
4 0.8765625 0.603125 0.16875 0.090625
4 0.875 0.428125 0.1609375 0.078125
4 0.765625 0.375 0.1265625 0.1171875
4 0.9625 0.2578125 0.071875 0.0984375
4 0.9625 0.046875 0.071875 0.09375