8 0.3109375 0.378125 0.0625 0.0828125
8 0.2421875 0.465625 0.1078125 0.0546875
8 0.1578125 0.1703125 0.0703125 0.1109375
8 0.2890625 0.5265625 0.0765625 0.053125
8 0.2734375 0.63125 0.06875 0.0515625
8 0.1390625 0.821875 0.05 0.084375
8 0.3921875 0.5671875 0.075 0.0546875
8 0.34375 0.51875 0.0828125 0.0546875
8 0.5296875 0.4546875 0.0609375 0.04375
8 0.471875 0.5875 0.0421875 0.05625
8 0.771875 0.5859375 0.10625 0.0390625
8 0.803125 0.628125 0.0453125 0.0640625
8 0.9328125 0.778125 0.078125 0.1046875
8 0.8078125 0.409375 0.0671875 0.090625
8 0.15703125 0.0515625 0.0703125 0.103125
8 0.1390625 0.95625 0.05 0.084375
8 0.9328125 0.9734375 0.078125 0.053125