8 0.4234375 0.521875 0.08125 0.10625
8 0.5078125 0.4453125 0.0578125 0.0875
8 0.50625 0.396875 0.0734375 0.0671875
8 0.4765625 0.3578125 0.075 0.08125
8 0.4421875 0.3421875 0.0890625 0.0546875
8 0.3890625 0.3984375 0.0859375 0.1
8 0.3578125 0.6046875 0.0875 0.0828125
8 0.3 0.625 0.0671875 0.0921875
8 0.228125 0.6078125 0.0703125 0.06875
8 0.14375 0.646875 0.0375 0.103125
8 0.25 0.5078125 0.0609375 0.0953125
8 0.175 0.3671875 0.05625 0.0859375
8 0.215625 0.3265625 0.0640625 0.06875
8 0.265625 0.3015625 0.05625 0.0765625
8 0.2203125 0.253125 0.0828125 0.0453125
8 0.284375 0.2328125 0.0671875 0.0421875
8 0.2421875 0.175 0.0828125 0.065625
8 0.490625 0.21875 0.065625 0.0578125
8 0.35 0.2515625 0.05625 0.0515625
8 0.528125 0.3171875 0.053125 0.08125
8 0.609375 0.390625 0.0421875 0.0828125
8 0.6171875 0.5578125 0.06875 0.0984375
8 0.475 0.7375 0.0828125 0.0890625
8 0.3953125 0.7484375 0.109375 0.1
8 0.7125 0.978125 0.0671875 0.0421875
8 0.753125 0.9421875 0.0546875 0.0640625
8 0.6671875 0.790625 0.04375 0.10625
8 0.5984375 0.703125 0.0828125 0.090625
8 0.775 0.615625 0.0984375 0.084375
8 0.8359375 0.515625 0.075 0.08125
8 0.8484375 0.475 0.05 0.075
8 0.7796875 0.353125 0.0875 0.0703125
8 0.703125 0.31875 0.0515625 0.0609375
8 0.66875 0.20625 0.1078125 0.075
8 0.8234375 0.203125 0.1 0.1015625
8 0.796875 0.15 0.1015625 0.0625
8 0.8515625 0.3796875 0.04375 0.0625
8 0.8421875 0.309375 0.0640625 0.0703125
8 0.028125 0.6078125 0.05625 0.06875
8 0.10625 0.646875 0.0375 0.103125
8 0.01484375 0.50703125 0.0296875 0.0953125
8 0.075 0.3671875 0.05625 0.0859375
8 0.034375 0.3265625 0.0640625 0.06875
8 0.00625 0.30078125 0.0125 0.0765625
8 0.03515625 0.25234375 0.0703125 0.0453125
8 0.02421875 0.175 0.0484375 0.065625
8 0.984375 0.94140625 0.03125 0.0640625
8 0.9625 0.615625 0.075 0.084375
8 0.9140625 0.515625 0.075 0.08125
8 0.9015625 0.475 0.05 0.075
8 0.96328125 0.35234375 0.0734375 0.0703125
8 0.9265625 0.203125 0.1 0.1015625
8 0.95078125 0.15 0.0984375 0.0625
8 0.8984375 0.3796875 0.04375 0.0625
8 0.9078125 0.309375 0.0640625 0.0703125