8 0.25 0.5859375 0.0328125 0.028125
8 0.3671875 0.3734375 0.046875 0.0296875
8 0.3390625 0.3578125 0.0484375 0.021875
8 0.2703125 0.3578125 0.0359375 0.0203125
8 0.290625 0.3359375 0.0359375 0.0359375
8 0.284375 0.271875 0.05 0.0390625
8 0.4421875 0.2265625 0.0375 0.040625
8 0.4484375 0.3109375 0.0453125 0.0390625
8 0.4640625 0.1515625 0.0296875 0.0359375
8 0.153125 0.525 0.0390625 0.046875
8 0.178125 0.575 0.0453125 0.0296875
8 0.1890625 0.6125 0.03125 0.03125
8 0.48125 0.6578125 0.0296875 0.065625
8 0.503125 0.378125 0.0421875 0.0421875
8 0.4828125 0.4015625 0.025 0.03125
8 0.5453125 0.4171875 0.0375 0.046875
8 0.4421875 0.0234375 0.0375 0.040625
8 0.4640625 0.0984375 0.0296875 0.0359375