8 0.4140625 0.3515625 0.0296875 0.021875
8 0.44375 0.246875 0.0234375 0.015625
8 0.265625 0.3328125 0.025 0.025
8 0.2859375 0.403125 0.0125 0.0296875
8 0.20625 0.4546875 0.025 0.0265625
8 0.15 0.5484375 0.0296875 0.0234375
8 0.1984375 0.571875 0.028125 0.0203125
8 0.190625 0.6015625 0.03125 0.015625
8 0.309375 0.5359375 0.0140625 0.0109375
8 0.278125 0.4953125 0.0171875 0.015625
8 0.309375 0.49375 0.0234375 0.0203125
8 0.3046875 0.509375 0.0140625 0.0171875
8 0.321875 0.515625 0.015625 0.015625
8 0.371875 0.503125 0.01875 0.015625
8 0.3765625 0.434375 0.01875 0.0265625
8 0.3921875 0.3765625 0.0109375 0.0203125
8 0.409375 0.3796875 0.0109375 0.025
8 0.4265625 0.3875 0.015625 0.015625
8 0.41875 0.4046875 0.01875 0.0171875
8 0.44375 0.43125 0.028125 0.021875
8 0.425 0.440625 0.025 0.01875
8 0.45625 0.4046875 0.0234375 0.0203125
8 0.4609375 0.421875 0.015625 0.0171875
8 0.459375 0.4421875 0.025 0.0171875
8 0.44375 0.459375 0.015625 0.01875
8 0.421875 0.4578125 0.021875 0.0125
8 0.4421875 0.4734375 0.01875 0.0125
8 0.43125 0.4875 0.0234375 0.0125
8 0.3921875 0.503125 0.0203125 0.015625
8 0.359375 0.51875 0.0328125 0.0109375
8 0.38125 0.59375 0.021875 0.015625
8 0.2609375 0.7265625 0.021875 0.03125
8 0.2484375 0.2625 0.0296875 0.0203125
8 0.6390625 0.2109375 0.0140625 0.0234375
8 0.659375 0.215625 0.0203125 0.021875
8 0.6328125 0.2640625 0.0171875 0.0234375
8 0.6125 0.284375 0.0296875 0.03125
8 0.6828125 0.315625 0.0109375 0.01875
8 0.675 0.3515625 0.0125 0.0171875
8 0.6578125 0.378125 0.009375 0.015625
8 0.6734375 0.3921875 0.0203125 0.0140625
8 0.6578125 0.421875 0.025 0.0140625
8 0.65 0.4671875 0.0234375 0.0203125
8 0.6296875 0.503125 0.01875 0.021875
8 0.603125 0.5015625 0.0140625 0.0234375
8 0.5890625 0.48125 0.015625 0.021875
8 0.575 0.4859375 0.015625 0.0140625
8 0.5609375 0.4703125 0.01875 0.0203125
8 0.540625 0.459375 0.0171875 0.0171875
8 0.5234375 0.4328125 0.0234375 0.0296875
8 0.503125 0.4296875 0.0203125 0.0234375
8 0.4890625 0.434375 0.015625 0.0265625
8 0.471875 0.4265625 0.021875 0.0234375
8 0.48125 0.4609375 0.0140625 0.01875
8 0.4640625 0.465625 0.021875 0.01875
8 0.4984375 0.4671875 0.015625 0.0234375
8 0.5171875 0.4640625 0.0078125 0.015625
8 0.528125 0.4828125 0.0140625 0.015625
8 0.540625 0.4953125 0.0109375 0.01875
8 0.471875 0.4890625 0.015625 0.01875
8 0.4625 0.515625 0.0171875 0.0140625
8 0.4703125 0.525 0.01875 0.021875
8 0.4625 0.58125 0.0171875 0.0109375
8 0.3796875 0.765625 0.025 0.025
8 0.46875 0.8453125 0.0234375 0.021875
8 0.70625 0.1375 0.0375 0.01875
8 0.7625 0.634375 0.0125 0.0234375
8 0.703125 0.5125 0.025 0.0296875
8 0.68125 0.525 0.0109375 0.015625
8 0.6328125 0.521875 0.028125 0.01875
8 0.6515625 0.5390625 0.0140625 0.0234375
8 0.7359375 0.4796875 0.01875 0.01875
8 0.759375 0.3703125 0.01875 0.015625
8 0.7015625 0.3453125 0.0171875 0.021875
8 0.8140625 0.38125 0.015625 0.03125
8 0.5796875 0.615625 0.0140625 0.0296875
8 0.5484375 0.5796875 0.0125 0.01875
8 0.496875 0.603125 0.0296875 0.025
8 0.50625 0.540625 0.0140625 0.0234375
8 0.509375 0.525 0.0203125 0.021875
8 0.525 0.5265625 0.0140625 0.01875
8 0.44296875 0.00546875 0.0234375 0.0109375
8 0.6390625 0.0390625 0.0140625 0.0234375
8 0.659375 0.034375 0.0203125 0.021875
8 0.3796875 0.984375 0.025 0.025
8 0.46875 0.9046875 0.0234375 0.021875
8 0.70625 0.1125 0.0375 0.01875