12 0.4515625 0.6625 0.059375 0.046875
12 0.7703125 0.4296875 0.0578125 0.0515625
12 0.221875 0.671875 0.0640625 0.0578125
12 0.2265625 0.8640625 0.053125 0.0453125
12 0.1265625 0.7828125 0.0640625 0.0515625
12 0.321875 0.75625 0.065625 0.05625
12 0.5375 0.5625 0.0703125 0.0484375
12 0.19375 0.78125 0.071875 0.04375
12 0.14375 0.9421875 0.0640625 0.0515625
12 0.3109375 0.69375 0.0625 0.053125
12 0.65625 0.7625 0.053125 0.0515625
12 0.9171875 0.2875 0.0375 0.0671875
12 0.284375 0.8609375 0.059375 0.065625
12 0.3140625 0.9 0.071875 0.0421875
12 0.553125 0.4875 0.0796875 0.040625
12 0.0703125 0.3421875 0.0640625 0.0453125
12 0.15625 0.66875 0.0671875 0.059375
12 0.8859375 0.3640625 0.0734375 0.05625
12 0.41875 0.45 0.0671875 0.065625
12 0.90625 0.4015625 0.0453125 0.0703125
12 0.6625 0.5453125 0.071875 0.04375
12 0.9671875 0.2828125 0.0515625 0.0859375
12 0.521875 0.640625 0.040625 0.0640625
12 0.4484375 0.7234375 0.05625 0.071875
12 0.0625 0.5890625 0.0484375 0.0578125
12 0.590625 0.6015625 0.0640625 0.0390625
12 0.3109375 0.1875 0.071875 0.0609375
12 0.875 0.2203125 0.0453125 0.06875
12 0.1671875 0.834375 0.06875 0.0375
12 0.4625 0.8046875 0.06875 0.053125
12 0.25 0.5609375 0.0703125 0.05
12 0.45 0.609375 0.0453125 0.0765625
12 0.2671875 0.2484375 0.08125 0.0484375
12 0.2 0.71875 0.0578125 0.0390625
12 0.871875 0.2875 0.040625 0.0671875
12 0.525 0.85625 0.0546875 0.0578125
12 0.3078125 0.946875 0.0734375 0.0390625
12 0.51875 0.684375 0.0625 0.0390625
12 0.8328125 0.4046875 0.0453125 0.0671875
12 0.5953125 0.6359375 0.065625 0.0390625
12 0.5859375 0.7890625 0.0671875 0.0625
12 0.5375 0.775 0.0671875 0.0390625
12 0.6078125 0.8625 0.0453125 0.065625
12 0.603125 0.9390625 0.059375 0.0578125
12 0.3640625 0.290625 0.0546875 0.0625
12 0.4203125 0.2875 0.0390625 0.0671875
12 0.2046875 0.3890625 0.059375 0.059375
12 0.1109375 0.7421875 0.040625 0.0609375
12 0.675 0.3875 0.06875 0.05625
12 0.590625 0.7015625 0.0546875 0.0453125
12 0.375 0.96875 0.0625 0.0375
12 0.103125 0.571875 0.0453125 0.0578125
12 0.1484375 0.721875 0.046875 0.0453125
12 0.4375 0.06875 0.0609375 0.046875
12 0.0375 0.9 0.0703125 0.0421875
12 0.49375 0.609375 0.059375 0.0390625
12 0.68125 0.6875 0.075 0.046875
12 0.565625 0.6875 0.0375 0.0546875
12 0.1625 0.746875 0.0453125 0.0359375
12 0.2140625 0.7484375 0.05625 0.040625
12 0.734375 0.175 0.0671875 0.046875
12 0.2203125 0.515625 0.0421875 0.05
12 0.55625 0.1109375 0.071875 0.05
12 0.453125 0.23125 0.0453125 0.078125
12 0.1640625 0.2375 0.06875 0.053125
12 0.634375 0.0765625 0.05 0.0734375
12 0.5703125 0.3296875 0.0515625 0.059375
12 0.6546875 0.7171875 0.0515625 0.046875
12 0.01875 0.540625 0.0375 0.05625
12 0.25625 0.3015625 0.0671875 0.0453125
12 0.6640625 0.28125 0.0609375 0.0375
12 0.146875 0.45 0.0421875 0.0703125
12 0.546875 0.36875 0.0640625 0.0390625
12 0.8140625 0.353125 0.0453125 0.0671875
12 0.203125 0.4296875 0.0609375 0.0390625
12 0.221875 0.3296875 0.05 0.0625
12 0.1015625 0.5296875 0.0734375 0.046875
12 0.1625 0.303125 0.0640625 0.040625
12 0.725 0.2328125 0.040625 0.065625
12 0.7828125 0.2390625 0.05 0.05625
12 0.409375 0.7984375 0.04375 0.059375
12 0.2640625 0.4765625 0.0390625 0.06875
12 0.2296875 0.478125 0.053125 0.059375