4 0.3765625 0.5328125 0.2234375 0.134375
4 0.453125 0.615625 0.1453125 0.1
4 0.5796875 0.58125 0.0953125 0.1796875
4 0.6703125 0.65625 0.1171875 0.15625
4 0.803125 0.5578125 0.1609375 0.096875
4 0.596875 0.2234375 0.171875 0.1171875
4 0.290625 0.4046875 0.1421875 0.1328125
4 0.240625 0.4640625 0.140625 0.1203125
4 0.1671875 0.4140625 0.075 0.1921875
4 0.05 0.3890625 0.1 0.13125
4 0.125 0.5234375 0.1421875 0.11875
4 0.0328125 0.6265625 0.065625 0.1734375
4 0.090625 0.6734375 0.1265625 0.165625
4 0.1875 0.6734375 0.1078125 0.165625
4 0.371875 0.765625 0.1125 0.13125
4 0.5140625 0.740625 0.0875 0.1796875
4 0.6953125 0.784375 0.13125 0.09375
4 0.83125 0.696875 0.103125 0.165625
4 0.66953125 0.96484375 0.1171875 0.0703125
4 0.596875 0.1078125 0.171875 0.1171875
4 0.0328125 0.975 0.065625 0.05
4 0.08984375 0.95390625 0.1265625 0.0921875
4 0.18671875 0.95390625 0.1078125 0.0921875
4 0.371875 0.8984375 0.1125 0.13125
4 0.5140625 0.91640625 0.0875 0.1671875
4 0.6953125 0.8796875 0.13125 0.09375
4 0.83125 0.9421875 0.103125 0.115625