12 0.321875 0.2921875 0.1984375 0.109375
12 0.434375 0.33125 0.2125 0.0984375
12 0.425 0.16875 0.228125 0.0875
12 0.1734375 0.259375 0.175 0.121875
12 0.5765625 0.584375 0.284375 0.1453125
12 0.16875 0.3546875 0.1859375 0.096875
12 0.5640625 0.44375 0.26875 0.121875
12 0.646875 0.309375 0.209375 0.0953125
12 0.05 0.2359375 0.1 0.1125
12 0.071875 0.1609375 0.14375 0.0765625
12 0.2984375 0.421875 0.1265625 0.1609375
12 0.5734375 0.2609375 0.1640625 0.090625
12 0.2265625 0.1609375 0.203125 0.0734375
12 0.934375 0.209375 0.128125 0.1125
12 0.8140625 0.2015625 0.09375 0.1484375
12 0.703125 0.2359375 0.1171875 0.1453125
12 0.6125 0.1734375 0.15625 0.090625
12 0.425 0.08125 0.228125 0.0875
12 0.1734375 0.025 0.175 0.05
12 0.05 0.034375 0.1 0.06875
12 0.071875 0.0859375 0.14375 0.0765625
12 0.571875 0.0171875 0.1640625 0.034375
12 0.2265625 0.0890625 0.203125 0.0734375
12 0.934375 0.0484375 0.128125 0.096875
12 0.8140625 0.0609375 0.09375 0.121875
12 0.70078125 0.0421875 0.1171875 0.084375
12 0.6125 0.0765625 0.15625 0.090625