8 0.328125 0.28125 0.090625 0.06875
8 0.2890625 0.209375 0.0640625 0.0484375
8 0.3375 0.2109375 0.0578125 0.0515625
8 0.359375 0.125 0.071875 0.0515625
8 0.465625 0.1703125 0.05625 0.053125
8 0.4328125 0.2109375 0.0546875 0.0359375
8 0.5609375 0.2109375 0.071875 0.065625
8 0.603125 0.259375 0.0609375 0.0859375
8 0.68125 0.2703125 0.0328125 0.065625
8 0.7640625 0.2890625 0.0671875 0.046875
8 0.578125 0.378125 0.0953125 0.0578125
8 0.4953125 0.3234375 0.0734375 0.0390625
8 0.43125 0.34375 0.05625 0.040625
8 0.421875 0.3703125 0.084375 0.0609375
8 0.4171875 0.3984375 0.05625 0.0390625
8 0.396875 0.4328125 0.0625 0.059375
8 0.290625 0.5078125 0.0609375 0.0390625
8 0.1640625 0.4265625 0.0796875 0.0515625
8 0.25625 0.553125 0.0703125 0.059375
8 0.240625 0.690625 0.0625 0.0453125
8 0.3703125 0.584375 0.05 0.075
8 0.415625 0.59375 0.05625 0.0265625
8 0.434375 0.56875 0.0671875 0.034375
8 0.4453125 0.553125 0.0359375 0.0234375
8 0.4671875 0.5390625 0.059375 0.04375
8 0.5203125 0.4609375 0.0484375 0.0375
8 0.578125 0.446875 0.0546875 0.053125
8 0.571875 0.5359375 0.046875 0.04375
8 0.5234375 0.55 0.034375 0.0390625
8 0.5109375 0.671875 0.021875 0.0484375
8 0.534375 0.6484375 0.0359375 0.0296875
8 0.4859375 0.65625 0.0203125 0.0234375
8 0.4234375 0.6828125 0.0640625 0.0453125
8 0.371875 0.659375 0.0859375 0.0328125
8 0.4109375 0.640625 0.0421875 0.034375
8 0.3671875 0.734375 0.0546875 0.040625
8 0.3546875 0.7765625 0.0765625 0.0234375
8 0.3546875 0.8203125 0.03125 0.0578125
8 0.40625 0.76875 0.0234375 0.0640625
8 0.4453125 0.753125 0.028125 0.0453125
8 0.44375 0.796875 0.0421875 0.0421875
8 0.4671875 0.840625 0.0296875 0.0453125
8 0.528125 0.8125 0.0625 0.071875
8 0.671875 0.6984375 0.053125 0.05625
8 0.8125 0.684375 0.0671875 0.0578125
8 0.97578125 0.2890625 0.0484375 0.046875
8 0.0859375 0.4265625 0.0796875 0.0515625
8 0.0140625 0.553125 0.028125 0.059375
8 0.0203125 0.68984375 0.040625 0.0453125
8 0.9375 0.684375 0.0671875 0.0578125