13 0.559375 0.0640625 0.0859375 0.0453125
13 0.628125 0.01875 0.1046875 0.0375
13 0.421875 0.0140625 0.1015625 0.028125
13 0.375 0.0703125 0.0609375 0.075
13 0.3921875 0.1234375 0.0703125 0.05625
13 0.359375 0.1765625 0.05 0.0546875
13 0.2640625 0.3671875 0.0546875 0.0609375
13 0.3078125 0.371875 0.0421875 0.0640625
13 0.2890625 0.4328125 0.0390625 0.08125
13 0.246875 0.440625 0.0546875 0.0546875
13 0.3671875 0.4890625 0.0546875 0.059375
13 0.4421875 0.4140625 0.075 0.071875
13 0.5359375 0.3859375 0.084375 0.0671875
13 0.6 0.48125 0.0484375 0.0671875
13 0.4890625 0.5390625 0.059375 0.0546875
13 0.5671875 0.5421875 0.075 0.0453125
13 0.6890625 0.4140625 0.046875 0.065625
13 0.6953125 0.3453125 0.0671875 0.0703125
13 0.7296875 0.328125 0.078125 0.0625
13 0.74375 0.375 0.071875 0.0515625
13 0.559375 0.3015625 0.0921875 0.0484375
13 0.4890625 0.296875 0.0453125 0.0671875
13 0.55625 0.2296875 0.0390625 0.0734375
13 0.4796875 0.1984375 0.0515625 0.034375
13 0.4859375 0.1390625 0.0546875 0.0453125
13 0.721875 0.1140625 0.0703125 0.0546875
13 0.434375 0.1703125 0.0609375 0.0515625
13 0.4 0.2046875 0.0578125 0.0515625
13 0.3015625 0.0328125 0.0515625 0.0421875
13 0.2546875 0.0265625 0.065625 0.053125
13 0.9796875 0.0625 0.040625 0.0453125
13 0.93125 0.01875 0.1046875 0.0375
13 0.03125 0.0140625 0.0625 0.028125
13 0.0625 0.0703125 0.0609375 0.075
13 0.0453125 0.1234375 0.0703125 0.05625
13 0.078125 0.1765625 0.05 0.0546875
13 0.1734375 0.3671875 0.0546875 0.0609375
13 0.1296875 0.371875 0.0421875 0.0640625
13 0.1484375 0.4328125 0.0390625 0.08125
13 0.190625 0.440625 0.0546875 0.0546875
13 0.0703125 0.4890625 0.0546875 0.059375
13 0.015625 0.4140625 0.03125 0.071875
13 0.9625 0.48125 0.0484375 0.0671875
13 0.978125 0.540625 0.0421875 0.0453125
13 0.8734375 0.4140625 0.046875 0.065625
13 0.8671875 0.3453125 0.0671875 0.0703125
13 0.8328125 0.328125 0.078125 0.0625
13 0.81875 0.375 0.071875 0.0515625
13 0.978125 0.3 0.04375 0.0484375
13 0.9921875 0.228125 0.0140625 0.0734375
13 0.840625 0.1140625 0.0703125 0.0546875
13 0.015625 0.16796875 0.03125 0.0515625
13 0.0375 0.2046875 0.0578125 0.0515625
13 0.1359375 0.0328125 0.0515625 0.0421875
13 0.1828125 0.0265625 0.065625 0.053125