8 0.675 0.4015625 0.046875 0.0515625
8 0.659375 0.3671875 0.040625 0.0359375
8 0.678125 0.3140625 0.0421875 0.03125
8 0.6046875 0.384375 0.034375 0.0453125
8 0.609375 0.4375 0.0375 0.025
8 0.6359375 0.490625 0.05 0.05625
8 0.7515625 0.475 0.0546875 0.0375
8 0.7984375 0.4640625 0.0390625 0.034375
8 0.7484375 0.5546875 0.0234375 0.04375
8 0.76875 0.625 0.05 0.0359375
8 0.4171875 0.709375 0.025 0.0453125
8 0.3546875 0.63125 0.0515625 0.03125
8 0.26875 0.6875 0.0453125 0.0328125
8 0.375 0.846875 0.0640625 0.03125
8 0.4171875 0.7578125 0.0328125 0.0328125
8 0.3625 0.6671875 0.028125 0.046875
8 0.3796875 0.5796875 0.0515625 0.0375
8 0.3875 0.5421875 0.0328125 0.0359375
8 0.453125 0.509375 0.0328125 0.03125
8 0.478125 0.5390625 0.0296875 0.0390625
8 0.5109375 0.546875 0.034375 0.03125
8 0.5265625 0.5125 0.034375 0.0234375
8 0.5921875 0.478125 0.0296875 0.0203125
8 0.5921875 0.553125 0.0375 0.0484375
8 0.434375 0.3921875 0.0453125 0.0390625
8 0.4328125 0.4390625 0.0328125 0.0171875
8 0.5390625 0.35625 0.0421875 0.03125
8 0.509375 0.353125 0.0234375 0.021875
8 0.4875 0.3078125 0.040625 0.0234375
8 0.546875 0.2703125 0.0296875 0.0375
8 0.7359375 0.228125 0.040625 0.028125
8 0.540625 0.175 0.0453125 0.03125
8 0.478125 0.1609375 0.0296875 0.03125
8 0.459375 0.1203125 0.028125 0.040625
8 0.428125 0.1140625 0.021875 0.0484375
8 0.746875 0.3453125 0.034375 0.0328125
8 0.7765625 0.3734375 0.053125 0.03125
8 0.73125 0.4171875 0.0484375 0.025
8 0.765625 0.43125 0.0234375 0.0265625
8 0.5 0.58125 0.040625 0.034375
8 0.4859375 0.584375 0.034375 0.025
8 0.440625 0.3640625 0.04375 0.028125
8 0.40625 0.3015625 0.03125 0.028125
8 0.29375 0.225 0.0234375 0.0296875
8 0.3109375 0.1828125 0.028125 0.0296875
8 0.271875 0.159375 0.0453125 0.0171875
8 0.25 0.13125 0.034375 0.0234375
8 0.35 0.0828125 0.0546875 0.03125
8 0.184375 0.4375 0.040625 0.0359375
8 0.2828125 0.409375 0.0421875 0.0234375
8 0.2859375 0.45625 0.0359375 0.0296875
8 0.2375 0.4921875 0.05 0.025
8 0.2421875 0.528125 0.0359375 0.03125
8 0.4421875 0.784375 0.0390625 0.028125
8 0.721875 0.09375 0.0421875 0.03125
8 0.565625 0.421875 0.03125 0.01875
8 0.540625 0.40625 0.0390625 0.034375
8 0.98515625 0.475 0.0296875 0.0375
8 0.9515625 0.4640625 0.0390625 0.034375
8 0.99453125 0.5546875 0.0109375 0.04375
8 0.978125 0.62421875 0.04375 0.0359375
8 0.99296875 0.34453125 0.0140625 0.0328125
8 0.9734375 0.3734375 0.053125 0.03125
8 0.984375 0.43125 0.0234375 0.0265625
8 0.00859375 0.13046875 0.0171875 0.0234375
8 0.065625 0.4375 0.040625 0.0359375
8 0.01875 0.4921875 0.0375 0.025
8 0.0125 0.528125 0.025 0.03125