8 0.3234375 0.321875 0.1203125 0.1359375
8 0.4484375 0.1984375 0.1109375 0.13125
8 0.334375 0.159375 0.084375 0.06875
8 0.1859375 0.275 0.090625 0.11875
8 0.1328125 0.1734375 0.1171875 0.096875
8 0.0875 0.325 0.1203125 0.15
8 0.21875 0.365625 0.0796875 0.1296875
8 0.309375 0.4703125 0.128125 0.1375
8 0.203125 0.4921875 0.1015625 0.134375
8 0.1109375 0.53125 0.1421875 0.1625
8 0.096875 0.7546875 0.146875 0.1015625
8 0.275 0.6953125 0.09375 0.1640625
8 0.353125 0.8015625 0.0703125 0.1453125
8 0.275 0.571875 0.15625 0.1140625
8 0.471875 0.725 0.1125 0.1328125
8 0.6546875 0.8203125 0.146875 0.10625
8 0.6984375 0.69375 0.146875 0.1328125
8 0.5125 0.603125 0.1375 0.125
8 0.396875 0.4828125 0.109375 0.1109375
8 0.4625 0.4296875 0.1671875 0.05
8 0.509375 0.434375 0.1453125 0.1015625
8 0.4015625 0.378125 0.1046875 0.0875
8 0.525 0.3015625 0.0890625 0.121875
8 0.634375 0.2609375 0.08125 0.1171875
8 0.73125 0.209375 0.11875 0.1390625
8 0.8984375 0.215625 0.1234375 0.1671875
8 0.984375 0.4828125 0.028125 0.04375
8 0.8140625 0.4828125 0.121875 0.13125
8 0.68125 0.4875 0.0984375 0.2
8 0.753125 0.6125 0.0734375 0.1015625
8 0.8421875 0.6328125 0.1015625 0.165625
8 0.9734375 0.696875 0.05 0.134375
8 0.8984375 0.84375 0.09375 0.059375
8 0.44765625 0.05859375 0.1109375 0.1171875
8 0.334375 0.090625 0.084375 0.06875
8 0.1859375 0.0171875 0.090625 0.034375
8 0.1328125 0.0765625 0.1171875 0.096875
8 0.096875 0.971875 0.146875 0.05625
8 0.35234375 0.9375 0.0703125 0.125
8 0.471875 0.97890625 0.1125 0.0421875
8 0.6546875 0.9296875 0.146875 0.10625
8 0.634375 0.0234375 0.08125 0.046875
8 0.73125 0.0546875 0.11875 0.109375
8 0.89765625 0.05859375 0.1234375 0.1171875
8 0.8984375 0.90625 0.09375 0.059375