13 0.5 0.4453125 0.0921875 0.128125
13 0.3875 0.371875 0.10625 0.1
13 0.2609375 0.3859375 0.0703125 0.1046875
13 0.284375 0.5359375 0.065625 0.0984375
13 0.2703125 0.4609375 0.084375 0.0640625
13 0.3921875 0.4625 0.0828125 0.05625
13 0.48125 0.55625 0.115625 0.0640625
13 0.53125 0.6109375 0.11875 0.0734375
13 0.6453125 0.4515625 0.103125 0.053125
13 0.76875 0.4 0.0765625 0.0875
13 0.7453125 0.4765625 0.084375 0.1140625
13 0.81875 0.45 0.096875 0.0734375
13 0.8734375 0.515625 0.0703125 0.078125
13 0.834375 0.5890625 0.078125 0.103125
13 0.771875 0.6234375 0.0828125 0.09375
13 0.4484375 0.6890625 0.0984375 0.1140625
13 0.546875 0.6875 0.0828125 0.0828125
13 0.621875 0.728125 0.05625 0.0890625
13 0.85 0.73125 0.1375 0.075
13 0.9328125 0.4453125 0.09375 0.06875
13 0.9453125 0.3625 0.0953125 0.08125
13 0.8625 0.3015625 0.0734375 0.1046875
13 0.1078125 0.3484375 0.09375 0.1109375
13 0.0578125 0.43125 0.078125 0.0609375
13 0.1875 0.49375 0.090625 0.1109375
13 0.05625 0.6265625 0.0828125 0.1265625
13 0.184375 0.709375 0.1015625 0.0796875
13 0.1609375 0.634375 0.0890625 0.06875
13 0.24375 0.6078125 0.103125 0.121875
13 0.1359375 0.7546875 0.090625 0.053125
13 0.7015625 0.5484375 0.0734375 0.0734375
13 0.684375 0.6078125 0.096875 0.0890625
13 0.978125 0.5171875 0.040625 0.078125
13 0.4984375 0.028125 0.0921875 0.05625
13 0.3875 0.065625 0.10625 0.1
13 0.259375 0.0515625 0.0703125 0.103125
13 0.284375 0.9875 0.065625 0.0234375
13 0.48125 0.9859375 0.115625 0.0265625
13 0.53125 0.9515625 0.11875 0.0734375
13 0.6453125 0.00625 0.103125 0.0125
13 0.7671875 0.040625 0.0765625 0.08125
13 0.81875 0.0109375 0.096875 0.021875
13 0.834375 0.9609375 0.078125 0.078125
13 0.771875 0.9390625 0.0828125 0.09375
13 0.4484375 0.8734375 0.0984375 0.1140625
13 0.546875 0.875 0.0828125 0.0828125
13 0.621875 0.834375 0.05625 0.0890625
13 0.85 0.83125 0.1375 0.075
13 0.9328125 0.0125 0.09375 0.025
13 0.9453125 0.075 0.0953125 0.08125
13 0.8625 0.1359375 0.0734375 0.1046875
13 0.1078125 0.0890625 0.09375 0.1109375
13 0.0578125 0.0171875 0.078125 0.034375
13 0.05625 0.9359375 0.0828125 0.1265625
13 0.184375 0.853125 0.1015625 0.0796875
13 0.1609375 0.928125 0.0890625 0.06875
13 0.24375 0.946875 0.103125 0.10625
13 0.1359375 0.8078125 0.090625 0.053125
13 0.7 0.9875 0.0734375 0.0234375
13 0.684375 0.9546875 0.096875 0.0890625