8 0.5203125 0.628125 0.0234375 0.0140625
8 0.5234375 0.6359375 0.028125 0.009375
8 0.503125 0.640625 0.009375 0.0109375
8 0.5453125 0.646875 0.0171875 0.0234375
8 0.5875 0.6421875 0.009375 0.0078125
8 0.5984375 0.6484375 0.01875 0.021875
8 0.61875 0.659375 0.0203125 0.0203125
8 0.6328125 0.65 0.0171875 0.0171875
8 0.5984375 0.66875 0.0171875 0.01875
8 0.578125 0.678125 0.028125 0.015625
8 0.5765625 0.7125 0.03125 0.025
8 0.63125 0.7546875 0.0390625 0.0328125
8 0.6171875 0.7796875 0.0265625 0.021875
8 0.5078125 0.7328125 0.0203125 0.015625
8 0.496875 0.7203125 0.0125 0.009375
8 0.459375 0.8046875 0.0171875 0.03125
8 0.46875 0.8671875 0.01875 0.025
8 0.434375 0.784375 0.01875 0.034375
8 0.4140625 0.7515625 0.01875 0.01875
8 0.365625 0.784375 0.028125 0.015625
8 0.3390625 0.8265625 0.0234375 0.0234375
8 0.365625 0.9234375 0.021875 0.0203125
8 0.2953125 0.80625 0.0140625 0.0171875
8 0.2515625 0.8 0.0171875 0.021875
8 0.240625 0.771875 0.0140625 0.01875
8 0.165625 0.6578125 0.0140625 0.0234375
8 0.296875 0.6046875 0.015625 0.0078125
8 0.3515625 0.653125 0.0171875 0.0203125
8 0.3703125 0.6390625 0.009375 0.0140625
8 0.3765625 0.640625 0.009375 0.0171875
8 0.3359375 0.55 0.0328125 0.028125
8 0.25625 0.5390625 0.021875 0.015625
8 0.259375 0.5234375 0.0296875 0.0140625
8 0.2296875 0.534375 0.03125 0.0265625
8 0.2234375 0.51875 0.025 0.015625
8 0.1390625 0.54375 0.0171875 0.0078125
8 0.134375 0.5703125 0.01875 0.015625
8 0.1859375 0.4890625 0.021875 0.0125
8 0.1859375 0.4375 0.0140625 0.0203125
8 0.2515625 0.3875 0.0109375 0.0125
8 0.2671875 0.409375 0.025 0.0140625
8 0.259375 0.4265625 0.0234375 0.01875
8 0.30625 0.4015625 0.028125 0.021875
8 0.3296875 0.3046875 0.015625 0.009375
8 0.3921875 0.2953125 0.028125 0.028125
8 0.45625 0.3734375 0.01875 0.015625
8 0.3953125 0.4109375 0.021875 0.0328125
8 0.4703125 0.40625 0.0265625 0.028125
8 0.515625 0.353125 0.028125 0.015625
8 0.60625 0.390625 0.03125 0.0359375
8 0.584375 0.45625 0.025 0.03125
8 0.546875 0.4796875 0.0078125 0.009375
8 0.5203125 0.5015625 0.0234375 0.021875
8 0.48125 0.490625 0.009375 0.0109375
8 0.446875 0.475 0.028125 0.0265625
8 0.4453125 0.5734375 0.0359375 0.0234375
8 0.371875 0.528125 0.0265625 0.0125
8 0.45625 0.54375 0.0234375 0.0171875
8 0.815625 0.6125 0.021875 0.0265625
8 0.7875 0.6578125 0.01875 0.021875
8 0.73125 0.6046875 0.01875 0.015625
8 0.6984375 0.60625 0.0234375 0.0203125
8 0.76875 0.5828125 0.0171875 0.01875
8 0.7046875 0.5703125 0.0171875 0.01875
8 0.003125 0.8 0.00625 0.021875
8 0.009375 0.771875 0.0140625 0.01875
8 0.084375 0.6578125 0.0140625 0.0234375
8 0.00234375 0.5390625 0.0046875 0.015625
8 0.0203125 0.534375 0.03125 0.0265625
8 0.0265625 0.51875 0.025 0.015625
8 0.1109375 0.54375 0.0171875 0.0078125
8 0.115625 0.5703125 0.01875 0.015625
8 0.0640625 0.4890625 0.021875 0.0125
8 0.0640625 0.4375 0.0140625 0.0203125
8 0.0015625 0.3875 0.003125 0.0125
8 0.934375 0.6125 0.021875 0.0265625
8 0.9625 0.6578125 0.01875 0.021875
8 0.98125 0.5828125 0.0171875 0.01875