8 0.1140625 0.546875 0.046875 0.0625
8 0.046875 0.5515625 0.0875 0.0390625
8 0.053125 0.503125 0.059375 0.0578125
8 0.078125 0.4 0.0515625 0.0609375
8 0.1234375 0.3703125 0.0453125 0.05
8 0.165625 0.2359375 0.0578125 0.0375
8 0.2453125 0.4171875 0.0515625 0.078125
8 0.2625 0.2359375 0.034375 0.0546875
8 0.2828125 0.2796875 0.0390625 0.05625
8 0.2703125 0.1796875 0.0625 0.0484375
8 0.03125 0.175 0.0328125 0.0609375
8 0.153125 0.1375 0.0296875 0.025
8 0.4203125 0.134375 0.025 0.01875
8 0.6390625 0.134375 0.0265625 0.01875
8 0.75625 0.175 0.053125 0.0421875
8 0.753125 0.2265625 0.071875 0.046875
8 0.81875 0.2125 0.040625 0.05625
8 0.7921875 0.3375 0.059375 0.0765625
8 0.709375 0.28125 0.028125 0.0359375
8 0.6890625 0.3875 0.040625 0.0734375
8 0.6953125 0.4609375 0.0484375 0.053125
8 0.7796875 0.453125 0.065625 0.0421875
8 0.76875 0.5203125 0.0390625 0.0515625
8 0.93125 0.375 0.05 0.04375
8 0.9578125 0.396875 0.0578125 0.0578125
8 0.9453125 0.546875 0.0421875 0.05
8 0.9125 0.284375 0.05 0.084375
8 0.6 0.278125 0.053125 0.053125
8 0.925 0.1578125 0.0546875 0.03125
8 0.9875 0.19375 0.021875 0.05
8 0.978125 0.253125 0.0421875 0.03125
8 0.990625 0.4015625 0.0171875 0.03125
8 0.959375 0.771875 0.0703125 0.0390625
8 0.7046875 0.546875 0.05 0.046875
8 0.6859375 0.6171875 0.05 0.05
8 0.65 0.6546875 0.075 0.0390625
8 0.5953125 0.6015625 0.053125 0.053125
8 0.6015625 0.4234375 0.0375 0.0625
8 0.5859375 0.4515625 0.034375 0.05625
8 0.6296875 0.525 0.0515625 0.053125
8 0.6625 0.4765625 0.0421875 0.06875
8 0.55625 0.51875 0.0515625 0.075
8 0.5453125 0.403125 0.034375 0.0671875
8 0.5046875 0.3953125 0.0375 0.065625
8 0.5078125 0.328125 0.0359375 0.0609375
8 0.5515625 0.25625 0.0375 0.0609375
8 0.078125 0.75 0.075 0.0453125
8 0.26875 0.625 0.059375 0.040625
8 0.296875 0.659375 0.053125 0.046875
8 0.3359375 0.6703125 0.0390625 0.0890625
8 0.3875 0.7109375 0.0421875 0.028125
8 0.378125 0.6328125 0.0453125 0.0625
8 0.434375 0.64375 0.0609375 0.0453125
8 0.4734375 0.584375 0.04375 0.084375
8 0.5140625 0.5515625 0.04375 0.0546875
8 0.4828125 0.25625 0.034375 0.071875
8 0.5109375 0.2546875 0.03125 0.078125
8 0.46875 0.2171875 0.0578125 0.05
8 0.434375 0.2046875 0.0421875 0.0703125
8 0.40625 0.184375 0.0546875 0.03125
8 0.3796875 0.2359375 0.06875 0.0359375
8 0.378125 0.2796875 0.071875 0.0375
8 0.4375 0.2890625 0.0703125 0.04375
8 0.4453125 0.3359375 0.053125 0.09375
8 0.375 0.3359375 0.01875 0.05625
8 0.4 0.3046875 0.0265625 0.05625
8 0.3296875 0.18125 0.05 0.065625
8 0.4390625 0.4828125 0.0640625 0.0578125
8 0.4328125 0.5453125 0.040625 0.0484375
8 0.403125 0.575 0.0515625 0.0453125
8 0.3484375 0.5625 0.0390625 0.0734375
8 0.3625 0.51875 0.071875 0.046875
8 0.3484375 0.4765625 0.0625 0.0453125
8 0.5421875 0.6796875 0.0453125 0.0578125
8 0.5265625 0.6234375 0.0359375 0.0546875
8 0.584375 0.671875 0.028125 0.0609375
8 0.5 0.7109375 0.0453125 0.0375
8 0.3171875 0.44375 0.0375 0.0484375
8 0.16484375 0.01640625 0.0578125 0.0328125
8 0.2625 0.0203125 0.034375 0.040625
8 0.2703125 0.0703125 0.0625 0.0484375
8 0.03125 0.075 0.0328125 0.0609375
8 0.153125 0.1125 0.0296875 0.025
8 0.4203125 0.115625 0.025 0.01875
8 0.6390625 0.115625 0.0265625 0.01875
8 0.75625 0.075 0.053125 0.0421875
8 0.753125 0.0234375 0.071875 0.046875
8 0.81875 0.0375 0.040625 0.05625
8 0.925 0.0921875 0.0546875 0.03125
8 0.9875 0.05625 0.021875 0.05
8 0.97734375 0.00625 0.0421875 0.0125
8 0.959375 0.978125 0.0703125 0.0390625
8 0.5515625 0.01171875 0.0375 0.0234375
8 0.078125 0.98828125 0.075 0.0234375
8 0.4828125 0.01484375 0.034375 0.0296875
8 0.5109375 0.0171875 0.03125 0.034375
8 0.46875 0.0328125 0.0578125 0.05
8 0.434375 0.0453125 0.0421875 0.0703125
8 0.40625 0.065625 0.0546875 0.03125
8 0.3796875 0.015625 0.06875 0.03125
8 0.3296875 0.06875 0.05 0.065625