8 0.4546875 0.7578125 0.109375 0.109375
8 0.575 0.8359375 0.0515625 0.1203125
8 0.6875 0.8140625 0.071875 0.08125
8 0.6890625 0.621875 0.06875 0.1265625
8 0.6734375 0.3375 0.0703125 0.15625
8 0.596875 0.2515625 0.1625 0.1078125
8 0.5171875 0.1140625 0.1328125 0.1203125
8 0.565625 0.06875 0.1203125 0.0765625
8 0.671875 0.04375 0.0921875 0.0640625
8 0.3890625 0.1328125 0.1234375 0.103125
8 0.39375 0.321875 0.128125 0.1484375
8 0.365625 0.5078125 0.1109375 0.084375
8 0.509375 0.484375 0.0796875 0.140625
8 0.5203125 0.3703125 0.1578125 0.071875
8 0.0921875 0.7578125 0.109375 0.109375
8 0.96875 0.7578125 0.0625 0.109375
8 0.871875 0.8359375 0.0515625 0.1203125
8 0.759375 0.8140625 0.071875 0.08125
8 0.7578125 0.621875 0.06875 0.1265625
8 0.7734375 0.3375 0.0703125 0.15625
8 0.85 0.2515625 0.1625 0.1078125
8 0.04765625 0.11328125 0.0953125 0.1203125
8 0.9296875 0.1140625 0.1328125 0.1203125
8 0.0203125 0.06796875 0.040625 0.0765625
8 0.88125 0.06875 0.1203125 0.0765625
8 0.775 0.04375 0.0921875 0.0640625
8 0.1578125 0.1328125 0.1234375 0.103125
8 0.153125 0.321875 0.128125 0.1484375
8 0.18125 0.5078125 0.1109375 0.084375
8 0.03828125 0.484375 0.0765625 0.140625
8 0.9375 0.484375 0.0796875 0.140625
8 0.05234375 0.3703125 0.1046875 0.071875
8 0.9234375 0.3703125 0.153125 0.071875