8 0.8171875 0.3375 0.0609375 0.065625
8 0.91875 0.4453125 0.075 0.065625
8 0.8515625 0.5875 0.05625 0.0703125
8 0.8421875 0.653125 0.0671875 0.0359375
8 0.9703125 0.6703125 0.05625 0.05
8 0.7296875 0.684375 0.03125 0.0390625
8 0.71875 0.6578125 0.0390625 0.0171875
8 0.70625 0.54375 0.0421875 0.0453125
8 0.596875 0.4984375 0.040625 0.0203125
8 0.6171875 0.5203125 0.05625 0.0265625
8 0.5578125 0.5484375 0.034375 0.0375
8 0.5359375 0.5578125 0.025 0.0234375
8 0.5984375 0.56875 0.0375 0.03125
8 0.5328125 0.4390625 0.015625 0.028125
8 0.5234375 0.44375 0.025 0.0296875
8 0.5640625 0.45625 0.0234375 0.0296875
8 0.5125 0.2234375 0.0390625 0.0453125
8 0.315625 0.3875 0.0484375 0.0234375
8 0.2890625 0.4109375 0.046875 0.03125
8 0.2671875 0.4546875 0.0140625 0.046875
8 0.3125 0.4625 0.025 0.05625
8 0.1640625 0.546875 0.025 0.0359375
8 0.225 0.634375 0.040625 0.01875
8 0.4265625 0.584375 0.0265625 0.0328125
8 0.378125 0.45 0.034375 0.0234375
8 0.4625 0.4109375 0.021875 0.0390625
8 0.428125 0.4078125 0.021875 0.0234375
8 0.40625 0.4140625 0.0296875 0.034375
8 0.534375 0.665625 0.05 0.0390625
8 0.5 0.640625 0.03125 0.0125
8 0.81640625 0.01328125 0.0609375 0.0265625
8 0.84140625 0.99609375 0.0671875 0.0078125
8 0.9703125 0.984375 0.05625 0.03125
8 0.7296875 0.9796875 0.03125 0.0390625
8 0.5125 0.1078125 0.0390625 0.0453125
8 0.534375 0.9890625 0.05 0.021875