8 0.578125 0.4484375 0.0609375 0.034375
8 0.4703125 0.6515625 0.0328125 0.0484375
8 0.8296875 0.7484375 0.0234375 0.034375
8 0.98125 0.7578125 0.0359375 0.0453125
8 0.7296875 0.2484375 0.05 0.04375
8 0.6765625 0.246875 0.034375 0.0296875
8 0.225 0.3328125 0.028125 0.0421875
8 0.2234375 0.4984375 0.0296875 0.0515625
8 0.51875 0.4109375 0.0390625 0.0375
8 0.1609375 0.309375 0.0421875 0.0203125
8 0.3765625 0.690625 0.0453125 0.0390625
8 0.5734375 0.725 0.0390625 0.03125
8 0.8296875 0.9265625 0.0234375 0.034375
8 0.98125 0.9171875 0.0359375 0.0453125
8 0.7296875 0.0703125 0.05 0.04375
8 0.6765625 0.071875 0.034375 0.0296875
8 0.16015625 0.009375 0.0421875 0.01875
8 0.37578125 0.98203125 0.0453125 0.0359375
8 0.5734375 0.95 0.0390625 0.03125