8 0.659375 0.2359375 0.0328125 0.040625
8 0.709375 0.190625 0.03125 0.0171875
8 0.7203125 0.2078125 0.015625 0.01875
8 0.59375 0.196875 0.0296875 0.0203125
8 0.4890625 0.2703125 0.025 0.03125
8 0.409375 0.196875 0.046875 0.0328125
8 0.2015625 0.3609375 0.0296875 0.028125
8 0.0953125 0.2140625 0.0375 0.034375
8 0.0546875 0.26875 0.03125 0.01875
8 0.3640625 0.525 0.0234375 0.03125
8 0.378125 0.5171875 0.0109375 0.015625
8 0.4015625 0.503125 0.009375 0.0203125
8 0.4140625 0.51875 0.015625 0.0203125
8 0.6203125 0.5640625 0.0109375 0.03125
8 0.8609375 0.2921875 0.021875 0.0140625
8 0.671875 0.321875 0.03125 0.0203125
8 0.7296875 0.3453125 0.025 0.0140625
8 0.7015625 0.3390625 0.015625 0.0125
8 0.3609375 0.6421875 0.0203125 0.01875
8 0.3578125 0.63125 0.0140625 0.0203125
8 0.459375 0.575 0.0265625 0.0203125
8 0.396875 0.5546875 0.0171875 0.0109375
8 0.4875 0.5421875 0.0265625 0.0234375
8 0.4671875 0.525 0.0171875 0.0125
8 0.5078125 0.5125 0.0078125 0.015625
8 0.5421875 0.5265625 0.0125 0.0265625
8 0.4796875 0.4328125 0.0265625 0.0265625
8 0.459375 0.3765625 0.0296875 0.0265625
8 0.43125 0.371875 0.0140625 0.0140625
8 0.496875 0.3671875 0.0234375 0.01875
8 0.8109375 0.7328125 0.0234375 0.0265625
8 0.6953125 0.496875 0.0171875 0.021875
8 0.659375 0.0953125 0.0328125 0.040625
8 0.709375 0.140625 0.03125 0.0171875
8 0.7203125 0.1234375 0.015625 0.01875
8 0.59375 0.134375 0.0296875 0.0203125
8 0.4890625 0.0609375 0.025 0.03125
8 0.409375 0.134375 0.046875 0.0328125
8 0.0953125 0.1171875 0.0375 0.034375
8 0.0546875 0.0625 0.03125 0.01875
8 0.8609375 0.0390625 0.021875 0.0140625
8 0.671875 0.009375 0.03125 0.01875
8 0.8109375 0.93125 0.0234375 0.0265625