8 0.7421875 0.578125 0.0765625 0.0578125
8 0.6875 0.7984375 0.0578125 0.09375
8 0.4984375 0.603125 0.0734375 0.0484375
8 0.2515625 0.509375 0.065625 0.065625
8 0.4078125 0.2734375 0.0390625 0.0640625
8 0.4125 0.3609375 0.0484375 0.0625
8 0.3875 0.4109375 0.053125 0.0546875
8 0.309375 0.2625 0.046875 0.05625
8 0.334375 0.1578125 0.0515625 0.059375
8 0.2484375 0.178125 0.053125 0.0546875
8 0.8203125 0.578125 0.0765625 0.0578125
8 0.875 0.7984375 0.0578125 0.09375
8 0.1859375 0.509375 0.065625 0.065625
8 0.0296875 0.2734375 0.0390625 0.0640625
8 0.025 0.3609375 0.0484375 0.0625
8 0.05 0.4109375 0.053125 0.0546875
8 0.128125 0.2625 0.046875 0.05625
8 0.103125 0.1578125 0.0515625 0.059375
8 0.1890625 0.178125 0.053125 0.0546875