8 0.425 0.3625 0.1234375 0.1203125
8 0.3234375 0.1421875 0.0953125 0.1078125
8 0.409375 0.046875 0.1640625 0.0546875
8 0.5203125 0.153125 0.128125 0.1078125
8 0.6671875 0.11875 0.109375 0.0578125
8 0.640625 0.18125 0.08125 0.128125
8 0.5515625 0.25 0.1078125 0.0703125
8 0.66875 0.3703125 0.08125 0.065625
8 0.678125 0.4125 0.090625 0.0546875
8 0.5578125 0.4609375 0.0890625 0.0609375
8 0.54375 0.5359375 0.0828125 0.1109375
8 0.4703125 0.578125 0.134375 0.10625
8 0.3390625 0.5765625 0.078125 0.1203125
8 0.2984375 0.525 0.05 0.06875
8 0.3078125 0.4546875 0.0703125 0.0578125
8 0.4515625 0.6671875 0.121875 0.0640625
8 0.5203125 0.7140625 0.0859375 0.0765625
8 0.48125 0.821875 0.115625 0.1171875
8 0.3078125 0.7734375 0.0703125 0.075
8 0.390625 0.9 0.08125 0.1171875
8 0.2984375 0.9390625 0.05 0.1203125
8 0.55 0.96875 0.1203125 0.0625
8 0.625 0.8828125 0.13125 0.1
8 0.7046875 0.928125 0.0359375 0.0734375
8 0.6328125 0.8328125 0.075 0.1046875
8 0.678125 0.6515625 0.0703125 0.13125
8 0.6390625 0.6 0.0671875 0.11875
8 0.653125 0.5265625 0.1140625 0.0765625
8 0.121875 0.3625 0.1234375 0.1203125
8 0.9796875 0.36171875 0.040625 0.1203125
8 0.2234375 0.1421875 0.0953125 0.1078125
8 0.1375 0.046875 0.1640625 0.0546875
8 0.97734375 0.04609375 0.0453125 0.0546875
8 0.0453125 0.15234375 0.090625 0.1078125
8 0.9265625 0.153125 0.128125 0.1078125
8 0.7796875 0.11875 0.109375 0.0578125
8 0.80625 0.18125 0.08125 0.128125
8 0.02421875 0.24921875 0.0484375 0.0703125
8 0.8953125 0.25 0.1078125 0.0703125
8 0.778125 0.3703125 0.08125 0.065625
8 0.76875 0.4125 0.090625 0.0546875
8 0.01640625 0.46015625 0.0328125 0.0609375
8 0.8890625 0.4609375 0.0890625 0.0609375
8 0.021875 0.53515625 0.04375 0.1109375
8 0.903125 0.5359375 0.0828125 0.1109375
8 0.0765625 0.578125 0.134375 0.10625
8 0.9546875 0.578125 0.090625 0.10625
8 0.2078125 0.5765625 0.078125 0.1203125
8 0.2484375 0.525 0.05 0.06875
8 0.2390625 0.4546875 0.0703125 0.0578125
8 0.0953125 0.6671875 0.121875 0.0640625
8 0.9671875 0.66640625 0.065625 0.0640625
8 0.034375 0.71328125 0.06875 0.0765625
8 0.9265625 0.7140625 0.0859375 0.0765625
8 0.065625 0.821875 0.115625 0.1171875
8 0.95390625 0.82109375 0.0921875 0.1171875
8 0.2390625 0.7734375 0.0703125 0.075
8 0.15625 0.9 0.08125 0.1171875
8 0.2484375 0.9390625 0.05 0.1203125
8 0.028125 0.96875 0.05625 0.0625
8 0.896875 0.96875 0.1203125 0.0625
8 0.821875 0.8828125 0.13125 0.1
8 0.7421875 0.928125 0.0359375 0.0734375
8 0.8140625 0.8328125 0.075 0.1046875
8 0.76875 0.6515625 0.0703125 0.13125
8 0.8078125 0.6 0.0671875 0.11875
8 0.79375 0.5265625 0.1140625 0.0765625