1 0.5828125 0.521875 0.0390625 0.0484375
1 0.503125 0.5140625 0.0515625 0.0359375
1 0.4625 0.51875 0.040625 0.0265625
1 0.453125 0.48125 0.04375 0.0328125
1 0.478125 0.4640625 0.040625 0.0359375
1 0.4546875 0.4296875 0.0328125 0.0421875
1 0.3953125 0.3484375 0.0328125 0.04375
1 0.2734375 0.2453125 0.034375 0.021875
1 0.3546875 0.4859375 0.0203125 0.034375
1 0.3421875 0.521875 0.0328125 0.04375
1 0.2703125 0.634375 0.059375 0.046875
1 0.46875 0.65 0.046875 0.0421875
1 0.446875 0.61875 0.0265625 0.028125
1 0.5234375 0.5875 0.03125 0.04375
1 0.35 0.671875 0.025 0.05
1 0.515625 0.75 0.075 0.040625
1 0.2734375 0.0734375 0.034375 0.021875
1 0.35 0.990625 0.025 0.0171875
1 0.515625 0.9296875 0.075 0.040625