8 0.4140625 0.2765625 0.11875 0.13125
8 0.3875 0.1640625 0.090625 0.1015625
8 0.35625 0.4703125 0.0640625 0.0484375
8 0.45 0.3765625 0.0859375 0.0546875
8 0.528125 0.4609375 0.0921875 0.05
8 0.5203125 0.5546875 0.0265625 0.065625
8 0.553125 0.625 0.0390625 0.090625
8 0.55625 0.690625 0.0734375 0.05625
8 0.446875 0.671875 0.0625 0.0859375
8 0.375 0.6546875 0.096875 0.0703125
8 0.303125 0.7734375 0.05625 0.06875
8 0.4953125 0.84375 0.053125 0.090625
8 0.684375 0.8515625 0.0546875 0.1125
8 0.76875 0.8359375 0.0234375 0.09375
8 0.6625 0.75625 0.05625 0.075
8 0.7046875 0.775 0.05 0.0703125
8 0.734375 0.4546875 0.0671875 0.0625
8 0.04140625 0.2765625 0.0828125 0.13125
8 0.05 0.1640625 0.090625 0.1015625
8 0.08125 0.4703125 0.0640625 0.0484375
8 0.01484375 0.37578125 0.0296875 0.0546875
8 0.99453125 0.625 0.0109375 0.090625
8 0.984375 0.690625 0.03125 0.05625
8 0.0109375 0.67109375 0.021875 0.0859375
8 0.0625 0.6546875 0.096875 0.0703125
8 0.134375 0.7734375 0.05625 0.06875
8 0.878125 0.8515625 0.0546875 0.1125
8 0.79375 0.8359375 0.0234375 0.09375
8 0.9 0.75625 0.05625 0.075
8 0.8578125 0.775 0.05 0.0703125
8 0.828125 0.4546875 0.0671875 0.0625