8 0.3375 0.2375 0.0640625 0.04375
8 0.2796875 0.221875 0.0703125 0.05
8 0.271875 0.16875 0.0640625 0.03125
8 0.353125 0.178125 0.0796875 0.03125
8 0.390625 0.0265625 0.0390625 0.0203125
8 0.425 0.0578125 0.053125 0.0578125
8 0.3015625 0.025 0.1078125 0.0390625
8 0.2125 0.025 0.05625 0.025
8 0.1375 0.0234375 0.025 0.0125
8 0.14375 0.05 0.0390625 0.0203125
8 0.1453125 0.09375 0.040625 0.0453125
8 0.159375 0.275 0.0640625 0.0375
8 0.2015625 0.2671875 0.0453125 0.0453125
8 0.203125 0.315625 0.04375 0.034375
8 0.2359375 0.365625 0.04375 0.0640625
8 0.26875 0.3359375 0.0546875 0.034375
8 0.1984375 0.40625 0.065625 0.0546875
8 0.1453125 0.4453125 0.0375 0.0359375
8 0.678125 0.640625 0.1109375 0.0640625
8 0.7375 0.9421875 0.146875 0.0890625
8 0.65625 0.4890625 0.115625 0.075
8 0.75 0.415625 0.046875 0.05
8 0.5640625 0.4203125 0.0578125 0.0640625
8 0.6125 0.2890625 0.0703125 0.0546875
8 0.6296875 0.2234375 0.0765625 0.0453125
8 0.7140625 0.2109375 0.06875 0.0578125
8 0.7609375 0.1875 0.109375 0.04375
8 0.6828125 0.096875 0.0609375 0.0359375
8 0.771875 0.1078125 0.09375 0.0390625
8 0.0375 0.025 0.05625 0.025
8 0.1125 0.0234375 0.025 0.0125
8 0.10625 0.05 0.0390625 0.0203125
8 0.1046875 0.09375 0.040625 0.0453125
8 0.090625 0.275 0.0640625 0.0375
8 0.0484375 0.2671875 0.0453125 0.0453125
8 0.046875 0.315625 0.04375 0.034375
8 0.01796875 0.36484375 0.0359375 0.0640625
8 0.0515625 0.40625 0.065625 0.0546875
8 0.1046875 0.4453125 0.0375 0.0359375
8 0.96953125 0.94140625 0.0609375 0.0890625
8 0.98828125 0.415625 0.0234375 0.05
8 0.9671875 0.1875 0.065625 0.04375
8 0.965625 0.10703125 0.06875 0.0390625