8 0.4609375 0.325 0.03125 0.028125
8 0.2609375 0.23125 0.0484375 0.0265625
8 0.2 0.35 0.0484375 0.0421875
8 0.28125 0.3203125 0.0296875 0.0484375
8 0.3859375 0.4796875 0.0328125 0.0265625
8 0.48125 0.43125 0.034375 0.028125
8 0.3078125 0.8765625 0.0375 0.0484375
8 0.6984375 0.6640625 0.01875 0.0390625
8 0.725 0.64375 0.0234375 0.034375
8 0.775 0.4671875 0.0453125 0.040625
8 0.60625 0.25 0.0421875 0.03125
8 0.00625 0.23046875 0.0125 0.0265625
8 0.05 0.35 0.0484375 0.0421875
8 0.975 0.4671875 0.0453125 0.040625