8 0.51875 0.45625 0.0765625 0.0671875
8 0.584375 0.259375 0.0984375 0.078125
8 0.75 0.2578125 0.0875 0.053125
8 0.65 0.4296875 0.0546875 0.059375
8 0.2171875 0.2328125 0.0703125 0.0546875
8 0.2265625 0.2953125 0.0453125 0.0546875
8 0.278125 0.2890625 0.053125 0.0359375
8 0.1375 0.2625 0.0546875 0.0375
8 0.165625 0.3703125 0.08125 0.0484375
8 0.196875 0.1671875 0.09375 0.0421875
8 0.1234375 0.1328125 0.0765625 0.0265625
8 0.3671875 0.40625 0.0921875 0.0453125
8 0.3234375 0.4359375 0.0765625 0.05
8 0.28125 0.528125 0.0859375 0.053125
8 0.3265625 0.6234375 0.06875 0.034375
8 0.38125 0.690625 0.05625 0.065625
8 0.4421875 0.7015625 0.0328125 0.0765625
8 0.196875 0.7125 0.103125 0.0828125
8 0.4609375 0.615625 0.0609375 0.0703125
8 0.4921875 0.5453125 0.0578125 0.05625
8 0.5578125 0.6140625 0.0546875 0.071875
8 0.6015625 0.7453125 0.05625 0.0515625
8 0.6875 0.671875 0.0609375 0.05625
8 0.9015625 0.540625 0.0875 0.071875
8 0.8640625 0.5609375 0.0640625 0.0453125
8 0.7796875 0.6078125 0.04375 0.0390625
8 0.825 0.8015625 0.05 0.059375
8 0.58359375 0.01015625 0.0984375 0.0203125
8 0.21640625 0.0171875 0.0703125 0.034375
8 0.196875 0.0734375 0.09375 0.0421875
8 0.1234375 0.1078125 0.0765625 0.0265625
8 0.6015625 0.99140625 0.05625 0.0171875
8 0.825 0.953125 0.05 0.059375