8 0.30625 0.853125 0.05625 0.05625
8 0.303125 0.7921875 0.0609375 0.05625
8 0.2890625 0.690625 0.0625 0.04375
8 0.240625 0.6375 0.06875 0.046875
8 0.4640625 0.6171875 0.08125 0.0484375
8 0.5921875 0.6703125 0.059375 0.0453125
8 0.4234375 0.7140625 0.078125 0.04375
8 0.4328125 0.753125 0.04375 0.0609375
8 0.3765625 0.7578125 0.0578125 0.0625
8 0.1484375 0.7234375 0.0484375 0.065625
8 0.221875 0.53125 0.0390625 0.0375
8 0.3578125 0.50625 0.071875 0.046875
8 0.3140625 0.5390625 0.065625 0.0265625
8 0.3671875 0.5578125 0.05 0.0375
8 0.4953125 0.5578125 0.05625 0.0296875
8 0.5421875 0.4078125 0.06875 0.0484375
8 0.4734375 0.4328125 0.0484375 0.028125
8 0.39375 0.428125 0.0484375 0.05625
8 0.425 0.471875 0.034375 0.0328125
8 0.7140625 0.4046875 0.040625 0.053125
8 0.7453125 0.45625 0.0296875 0.034375
8 0.8390625 0.5453125 0.0703125 0.0390625
8 0.8546875 0.6046875 0.0375 0.04375
8 0.8234375 0.69375 0.0671875 0.03125
8 0.80625 0.746875 0.046875 0.090625
8 0.85 0.8625 0.0484375 0.075
8 0.7578125 0.69375 0.053125 0.0453125
8 0.6625 0.678125 0.0546875 0.0671875
8 0.615625 0.596875 0.03125 0.0421875
8 0.6296875 0.6375 0.0421875 0.0359375
8 0.6 0.6515625 0.028125 0.03125
8 0.2515625 0.4046875 0.059375 0.06875
8 0.2609375 0.453125 0.0390625 0.0609375
8 0.021875 0.6375 0.04375 0.046875
8 0.1015625 0.7234375 0.0484375 0.065625
8 0.028125 0.53125 0.0390625 0.0375
8 0.99453125 0.45625 0.0109375 0.034375
8 0.9109375 0.5453125 0.0703125 0.0390625
8 0.8953125 0.6046875 0.0375 0.04375
8 0.9265625 0.69375 0.0671875 0.03125
8 0.94375 0.746875 0.046875 0.090625
8 0.9 0.8625 0.0484375 0.075
8 0.9828125 0.69296875 0.034375 0.0453125
8 0.0140625 0.4046875 0.028125 0.06875
8 0.00390625 0.45234375 0.0078125 0.0609375