8 0.6578125 0.5328125 0.028125 0.040625
8 0.6859375 0.6953125 0.034375 0.03125
8 0.2609375 0.3515625 0.05 0.0578125
8 0.075 0.3375 0.0390625 0.01875
8 0.184375 0.346875 0.03125 0.04375
8 0.2671875 0.478125 0.021875 0.0265625
8 0.6578125 0.0125 0.028125 0.025
8 0.6578125 0.9265625 0.028125 0.040625
8 0.6859375 0.7640625 0.034375 0.03125
8 0.2609375 0.1859375 0.05 0.0578125
8 0.075 0.2 0.0390625 0.01875
8 0.184375 0.190625 0.03125 0.04375
8 0.2671875 0.059375 0.021875 0.0265625
8 0.2671875 0.98125 0.021875 0.0265625