12 0.5015625 0.2859375 0.1 0.071875
12 0.4703125 0.3890625 0.0640625 0.0953125
12 0.45625 0.465625 0.0890625 0.071875
12 0.40625 0.45 0.071875 0.0828125
12 0.375 0.3703125 0.0921875 0.0859375
12 0.3671875 0.303125 0.109375 0.065625
12 0.325 0.2515625 0.1109375 0.0984375
12 0.309375 0.346875 0.08125 0.0734375
12 0.3546875 0.45 0.071875 0.09375
12 0.4203125 0.5390625 0.0625 0.0890625
12 0.46875 0.5984375 0.1 0.06875
12 0.546875 0.6734375 0.1140625 0.125
12 0.4484375 0.6921875 0.0453125 0.115625
12 0.4765625 0.7921875 0.0640625 0.115625
12 0.4296875 0.7859375 0.05625 0.109375
12 0.384375 0.6828125 0.0671875 0.1171875
12 0.34375 0.7015625 0.071875 0.1109375
12 0.3234375 0.0234375 0.1109375 0.046875
12 0.475 0.95 0.0640625 0.1
12 0.4296875 0.9546875 0.05625 0.090625