5 0.121875 0.671875 0.1171875 0.09375
5 0.4515625 0.3984375 0.1203125 0.0859375
5 0.5359375 0.659375 0.134375 0.075
5 0.3 0.453125 0.13125 0.1140625
5 0.78125 0.7859375 0.084375 0.0828125
5 0.046875 0.5875 0.09375 0.0734375
5 0.1921875 0.584375 0.1390625 0.065625
5 0.159375 0.4296875 0.134375 0.1125
5 0.9328125 0.4578125 0.125 0.090625
5 0.2625 0.7765625 0.0625 0.09375
5 0.446875 0.33125 0.121875 0.059375
5 0.1984375 0.740625 0.08125 0.1296875
5 0.3234375 0.75 0.078125 0.11875
5 0.1296875 0.2296875 0.153125 0.06875
5 0.4625 0.6328125 0.1140625 0.10625
5 0.346875 0.534375 0.1578125 0.075
5 0.6171875 0.69375 0.1265625 0.0953125
5 0.1953125 0.184375 0.128125 0.0375
5 0.4234375 0.20625 0.1109375 0.075
5 0.678125 0.7578125 0.11875 0.09375
5 0.4734375 0.7609375 0.0859375 0.1203125
5 0.5484375 0.5609375 0.11875 0.05
5 0.39375 0.759375 0.0671875 0.0859375
5 0.6359375 0.6078125 0.125 0.08125
5 0.1109375 0.7890625 0.0765625 0.0828125
5 0.596875 0.7953125 0.1046875 0.071875
5 0.4875 0.2453125 0.1140625 0.04375
5 0.2640625 0.6796875 0.0734375 0.0703125
5 0.1234375 0.3140625 0.1078125 0.109375
5 0.5390625 0.3109375 0.146875 0.05625
5 0.66875 0.46875 0.1171875 0.046875
5 0.565625 0.4828125 0.0796875 0.1125
5 0.4671875 0.4796875 0.140625 0.0984375
5 0.89375 0.778125 0.078125 0.084375
5 0.66875 0.5421875 0.109375 0.078125
5 0.5375 0.3875 0.0796875 0.1
5 0.284375 0.6234375 0.0765625 0.0625
5 0.403125 0.8140625 0.0703125 0.034375
5 0.5203125 0.8109375 0.05625 0.040625
5 0.0578125 0.1828125 0.1140625 0.0359375
5 0.0234375 0.6671875 0.046875 0.0765625
5 0.1203125 0.971875 0.1171875 0.0546875
5 0.5359375 0.9828125 0.134375 0.0328125
5 0.78125 0.878125 0.084375 0.0828125
5 0.2625 0.8875 0.0625 0.09375
5 0.446875 0.0140625 0.121875 0.028125
5 0.1984375 0.9234375 0.08125 0.1296875
5 0.3234375 0.9140625 0.078125 0.11875
5 0.1296875 0.1015625 0.153125 0.06875
5 0.4609375 0.9890625 0.1140625 0.021875
5 0.615625 0.9609375 0.1265625 0.078125
5 0.1953125 0.146875 0.128125 0.0375
5 0.4234375 0.125 0.1109375 0.075
5 0.678125 0.90625 0.11875 0.09375
5 0.4734375 0.903125 0.0859375 0.1203125
5 0.39375 0.9046875 0.0671875 0.0859375
5 0.1109375 0.875 0.0765625 0.0828125
5 0.596875 0.86875 0.1046875 0.071875
5 0.4875 0.0859375 0.1140625 0.04375
5 0.2625 0.9734375 0.0734375 0.0515625
5 0.121875 0.0359375 0.1078125 0.071875
5 0.5390625 0.0234375 0.146875 0.046875
5 0.89375 0.8859375 0.078125 0.084375
5 0.403125 0.85 0.0703125 0.034375
5 0.5203125 0.853125 0.05625 0.040625
5 0.0578125 0.1484375 0.1140625 0.0359375
5 0.0234375 0.978125 0.046875 0.0421875