8 0.4828125 0.340625 0.1015625 0.115625
8 0.44375 0.4234375 0.0859375 0.1125
8 0.559375 0.421875 0.0625 0.1234375
8 0.725 0.553125 0.1390625 0.1328125
8 0.8296875 0.60625 0.0828125 0.115625
8 0.9484375 0.453125 0.1015625 0.1265625
8 0.3359375 0.75625 0.125 0.1234375
8 0.29375 0.6140625 0.0765625 0.1640625
8 0.1625 0.5046875 0.13125 0.1375
8 0.0578125 0.490625 0.115625 0.090625
8 0.1484375 0.625 0.0703125 0.096875
8 0.0453125 0.359375 0.090625 0.053125
8 0.0453125 0.421875 0.090625 0.065625
8 0.1546875 0.378125 0.0875 0.0859375
8 0.365625 0.4140625 0.071875 0.128125
8 0.415625 0.2859375 0.0796875 0.09375
8 0.3359375 0.965625 0.125 0.06875