8 0.4390625 0.6828125 0.0796875 0.0546875
8 0.3171875 0.68125 0.0671875 0.0421875
8 0.165625 0.646875 0.0640625 0.0484375
8 0.165625 0.7078125 0.0265625 0.0578125
8 0.490625 0.365625 0.0625 0.0859375
8 0.628125 0.5359375 0.0546875 0.05
8 0.534375 0.596875 0.053125 0.046875
8 0.6953125 0.590625 0.0515625 0.040625
8 0.7234375 0.4734375 0.0578125 0.09375
8 0.809375 0.4609375 0.0640625 0.0703125
8 0.8203125 0.5546875 0.065625 0.0640625
8 0.7578125 0.6828125 0.06875 0.0359375
8 0.5265625 0.5234375 0.065625 0.05625
8 0.5015625 0.4921875 0.0328125 0.04375
8 0.5078125 0.434375 0.0484375 0.0515625
8 0.5359375 0.4421875 0.046875 0.04375
8 0.4328125 0.5390625 0.0328125 0.0328125
8 0.440625 0.4921875 0.0421875 0.040625
8 0.390625 0.4796875 0.01875 0.025
8 0.321875 0.584375 0.059375 0.05
8 0.346875 0.55 0.084375 0.0453125
8 0.3734375 0.5953125 0.046875 0.0421875
8 0.4703125 0.596875 0.040625 0.03125
8 0.434375 0.5984375 0.0453125 0.040625
8 0.084375 0.646875 0.0640625 0.0484375
8 0.084375 0.7078125 0.0265625 0.0578125
8 0.940625 0.4609375 0.0640625 0.0703125
8 0.9296875 0.5546875 0.065625 0.0640625
8 0.97890625 0.68203125 0.0421875 0.0359375