8 0.728125 0.55625 0.065625 0.0484375
8 0.91875 0.378125 0.065625 0.04375
8 0.83125 0.3453125 0.05 0.071875
8 0.7078125 0.3125 0.034375 0.0328125
8 0.6265625 0.2953125 0.0390625 0.0359375
8 0.51875 0.35625 0.0578125 0.0328125
8 0.4171875 0.4203125 0.0453125 0.0390625
8 0.6640625 0.5921875 0.0625 0.0640625
8 0.2796875 0.2828125 0.0359375 0.0609375
8 0.4953125 0.1984375 0.053125 0.0359375
8 0.1921875 0.375 0.05 0.046875
8 0.53125 0.4 0.05625 0.034375
8 0.7078125 0.009375 0.034375 0.01875
8 0.6265625 0.0203125 0.0390625 0.0359375
8 0.2796875 0.0328125 0.0359375 0.0609375
8 0.4953125 0.1171875 0.053125 0.0359375