8 0.35 0.3796875 0.1203125 0.0796875
8 0.1515625 0.265625 0.0734375 0.0890625
8 0.340625 0.571875 0.0640625 0.053125
8 0.3609375 0.640625 0.05 0.0453125
8 0.3234375 0.7046875 0.0765625 0.05625
8 0.38125 0.725 0.0421875 0.075
8 0.5046875 0.8296875 0.053125 0.0515625
8 0.5625 0.7921875 0.053125 0.0703125
8 0.6203125 0.728125 0.084375 0.0609375
8 0.4984375 0.640625 0.0875 0.0484375
8 0.5296875 0.5609375 0.0375 0.0671875
8 0.534375 0.4859375 0.040625 0.0609375
8 0.490625 0.3703125 0.053125 0.04375
8 0.4421875 0.33125 0.05 0.0453125
8 0.471875 0.265625 0.0375 0.0359375
8 0.6078125 0.2515625 0.0703125 0.1171875
8 0.6234375 0.465625 0.0734375 0.0609375
8 0.64375 0.6234375 0.0703125 0.059375
8 0.7453125 0.6859375 0.0734375 0.06875
8 0.79375 0.621875 0.0703125 0.0828125
8 0.9515625 0.4640625 0.0625 0.046875
8 0.9453125 0.1984375 0.096875 0.0546875
8 0.11875 0.6265625 0.0921875 0.059375
8 0.15078125 0.0140625 0.0734375 0.028125
8 0.5046875 0.9203125 0.053125 0.0515625
8 0.5625 0.9578125 0.053125 0.0703125
8 0.60703125 0.028125 0.0703125 0.05625
8 0.9453125 0.0515625 0.096875 0.0546875