8 0.378125 0.15 0.0546875 0.0609375
8 0.3953125 0.1984375 0.040625 0.034375
8 0.2453125 0.18125 0.0609375 0.0390625
8 0.2296875 0.284375 0.0359375 0.040625
8 0.184375 0.3140625 0.0625 0.0359375
8 0.165625 0.3578125 0.0453125 0.0484375
8 0.1421875 0.3765625 0.028125 0.034375
8 0.1921875 0.40625 0.046875 0.0453125
8 0.1578125 0.415625 0.040625 0.0390625
8 0.2703125 0.6046875 0.0484375 0.0390625
8 0.1984375 0.6515625 0.034375 0.040625
8 0.365625 0.4484375 0.0328125 0.0578125
8 0.334375 0.4046875 0.0546875 0.0453125
8 0.3875 0.3875 0.0421875 0.0453125
8 0.4890625 0.290625 0.059375 0.0421875
8 0.5046875 0.1984375 0.0421875 0.0578125
8 0.540625 0.2125 0.03125 0.05625
8 0.60625 0.2 0.046875 0.0515625
8 0.7453125 0.171875 0.0578125 0.040625
8 0.5828125 0.2265625 0.0375 0.028125
8 0.709375 0.25625 0.0234375 0.040625
8 0.7625 0.2875 0.046875 0.0484375
8 0.734375 0.3171875 0.0171875 0.015625
8 0.709375 0.35 0.0375 0.0359375
8 0.675 0.346875 0.028125 0.0375
8 0.64375 0.3421875 0.040625 0.028125
8 0.634375 0.284375 0.0328125 0.0359375
8 0.55625 0.3078125 0.034375 0.046875
8 0.6015625 0.3671875 0.0546875 0.0453125
8 0.684375 0.3921875 0.0390625 0.0375
8 0.725 0.403125 0.0234375 0.0375
8 0.7671875 0.3953125 0.03125 0.03125
8 0.6890625 0.49375 0.065625 0.04375
8 0.684375 0.540625 0.0546875 0.03125
8 0.7046875 0.578125 0.0640625 0.03125
8 0.7234375 0.6109375 0.046875 0.0328125
8 0.621875 0.6265625 0.05 0.0375
8 0.6234375 0.684375 0.025 0.0390625
8 0.653125 0.7 0.0375 0.0375
8 0.721875 0.75625 0.053125 0.03125
8 0.4015625 0.7234375 0.04375 0.0421875
8 0.39375 0.6578125 0.03125 0.046875
8 0.4359375 0.6390625 0.0515625 0.0359375
8 0.4375 0.68125 0.040625 0.0578125
8 0.4796875 0.7984375 0.0546875 0.034375
8 0.45625 0.84375 0.034375 0.0296875
8 0.48125 0.734375 0.0359375 0.059375
8 0.51875 0.7625 0.0234375 0.0375
8 0.3265625 0.7203125 0.040625 0.028125
8 0.415625 0.590625 0.053125 0.0328125
8 0.3890625 0.5625 0.053125 0.0328125
8 0.4640625 0.55 0.0359375 0.01875
8 0.4625 0.5296875 0.053125 0.0296875
8 0.4890625 0.58125 0.025 0.0421875
8 0.5125 0.5578125 0.028125 0.053125
8 0.5421875 0.5390625 0.0234375 0.0328125
8 0.565625 0.51875 0.015625 0.046875
8 0.5875 0.5265625 0.0171875 0.0375
8 0.6203125 0.534375 0.0390625 0.0421875
8 0.6109375 0.4828125 0.0421875 0.05
8 0.0296875 0.31328125 0.059375 0.0359375
8 0.046875 0.3578125 0.0453125 0.0484375
8 0.0703125 0.3765625 0.028125 0.034375
8 0.021875 0.40546875 0.04375 0.0453125
8 0.0546875 0.415625 0.040625 0.0390625
8 0.015625 0.6515625 0.03125 0.040625