4 0.4609375 0.478125 0.0921875 0.0515625
4 0.475 0.60625 0.0375 0.084375
4 0.5140625 0.634375 0.0453125 0.078125
4 0.546875 0.5953125 0.05 0.078125
4 0.640625 0.6859375 0.075 0.0640625
4 0.6671875 0.7421875 0.0828125 0.05
4 0.6625 0.425 0.09375 0.0484375
4 0.496875 0.3921875 0.0828125 0.046875
4 0.2703125 0.3125 0.0984375 0.0515625
4 0.1578125 0.5078125 0.0546875 0.0921875
4 0.2859375 0.5703125 0.0671875 0.0640625
4 0.325 0.6921875 0.0703125 0.0671875
4 0.40625 0.6671875 0.0984375 0.053125
4 0.1875 0.7125 0.0765625 0.0390625
4 0.2 0.7921875 0.059375 0.0703125
4 0.0375 0.4828125 0.0640625 0.09375
4 0.85625 0.2359375 0.0875 0.059375
4 0.7234375 0.315625 0.0703125 0.0515625
4 0.640625 0.97265625 0.075 0.0546875
4 0.6671875 0.921875 0.0828125 0.05
4 0.26953125 0.021875 0.0984375 0.04375
4 0.32421875 0.96875 0.0703125 0.0625
4 0.40546875 0.98515625 0.0984375 0.0296875
4 0.1875 0.9515625 0.0765625 0.0390625
4 0.2 0.871875 0.059375 0.0703125
4 0.85625 0.0953125 0.0875 0.059375
4 0.72265625 0.0203125 0.0703125 0.040625