8 0.31875 0.425 0.05625 0.0828125
8 0.2109375 0.4671875 0.0765625 0.0625
8 0.165625 0.3484375 0.0625 0.059375
8 0.08125 0.465625 0.06875 0.0390625
8 0.06875 0.5078125 0.071875 0.040625
8 0.1859375 0.5484375 0.040625 0.05
8 0.3390625 0.6234375 0.065625 0.0515625
8 0.446875 0.565625 0.06875 0.053125
8 0.490625 0.709375 0.084375 0.0578125
8 0.48125 0.6703125 0.053125 0.0328125
8 0.53125 0.6703125 0.04375 0.0359375
8 0.584375 0.64375 0.06875 0.034375
8 0.5953125 0.609375 0.0796875 0.0453125
8 0.3515625 0.6921875 0.0578125 0.0359375
8 0.071875 0.73125 0.078125 0.0453125
8 0.134375 0.6640625 0.071875 0.0375
8 0.3453125 0.75625 0.05625 0.046875
8 0.51875 0.7671875 0.0546875 0.0359375
8 0.4421875 0.4671875 0.0609375 0.053125
8 0.6125 0.35 0.0515625 0.05625
8 0.9421875 0.39375 0.0625 0.021875
8 0.89375 0.35625 0.0453125 0.0515625
8 0.865625 0.2890625 0.040625 0.0625
8 0.9140625 0.2953125 0.04375 0.053125
8 0.31875 0.021875 0.05625 0.04375
8 0.165625 0.0796875 0.0625 0.059375
8 0.3390625 0.946875 0.065625 0.0515625
8 0.446875 0.9890625 0.06875 0.021875
8 0.490625 0.8609375 0.084375 0.0578125
8 0.48125 0.9 0.053125 0.0328125
8 0.53125 0.9 0.04375 0.0359375
8 0.584375 0.9265625 0.06875 0.034375
8 0.5953125 0.9609375 0.0796875 0.0453125
8 0.3515625 0.878125 0.0578125 0.0359375
8 0.071875 0.8390625 0.078125 0.0453125
8 0.134375 0.90625 0.071875 0.0375
8 0.3453125 0.8140625 0.05625 0.046875
8 0.51875 0.803125 0.0546875 0.0359375
8 0.6125 0.078125 0.0515625 0.05625
8 0.9421875 0.034375 0.0625 0.021875
8 0.89375 0.071875 0.0453125 0.0515625
8 0.865625 0.1390625 0.040625 0.0625
8 0.9140625 0.1328125 0.04375 0.053125