8 0.4171875 0.7203125 0.0875 0.1359375
8 0.6296875 0.5859375 0.0734375 0.121875
8 0.7125 0.5 0.0875 0.0921875
8 0.84375 0.5828125 0.0609375 0.125
8 0.8515625 0.86875 0.0453125 0.0875
8 0.771875 0.2171875 0.065625 0.1046875
8 0.8546875 0.15 0.0375 0.121875
8 0.6703125 0.1921875 0.071875 0.1171875
8 0.5609375 0.146875 0.078125 0.10625
8 0.3640625 0.2671875 0.0703125 0.0390625
8 0.2 0.2296875 0.078125 0.10625
8 0.1609375 0.05625 0.071875 0.0640625
8 0.19921875 0.01875 0.0640625 0.0375
8 0.490625 0.021875 0.090625 0.04375
8 0.5828125 0.39375 0.075 0.1171875
8 0.9046875 0.5828125 0.0609375 0.125
8 0.896875 0.86875 0.0453125 0.0875
8 0.971875 0.21640625 0.05625 0.1046875
8 0.89375 0.15 0.0375 0.121875
8 0.05 0.2296875 0.078125 0.10625
8 0.0890625 0.05625 0.071875 0.0640625
8 0.04921875 0.01875 0.0640625 0.0375