8 0.484375 0.4390625 0.034375 0.021875
8 0.45625 0.428125 0.025 0.0328125
8 0.421875 0.4265625 0.0296875 0.0234375
8 0.3296875 0.4203125 0.034375 0.01875
8 0.30625 0.40625 0.025 0.0171875
8 0.325 0.44375 0.0328125 0.0265625
8 0.365625 0.3203125 0.0328125 0.0390625
8 0.2921875 0.2765625 0.034375 0.025
8 0.3609375 0.54375 0.021875 0.0203125
8 0.3734375 0.58125 0.0234375 0.0171875
8 0.4 0.49375 0.01875 0.034375
8 0.503125 0.60625 0.0234375 0.0234375
8 0.584375 0.54375 0.0328125 0.01875
8 0.6421875 0.5859375 0.021875 0.01875
8 0.640625 0.6328125 0.0390625 0.03125
8 0.70625 0.4296875 0.0171875 0.0296875
8 0.6859375 0.4171875 0.0296875 0.0234375
8 0.6765625 0.459375 0.0234375 0.021875
8 0.6765625 0.4890625 0.01875 0.0234375
8 0.7546875 0.4109375 0.021875 0.015625
8 0.76875 0.4578125 0.0125 0.015625
8 0.734375 0.4703125 0.0328125 0.0171875
8 0.7375 0.509375 0.0203125 0.03125
8 0.565625 0.44375 0.025 0.0234375
8 0.5953125 0.4234375 0.0359375 0.0265625
8 0.590625 0.3921875 0.03125 0.028125
8 0.5265625 0.396875 0.0140625 0.0203125
8 0.50625 0.4078125 0.0265625 0.025
8 0.5 0.2453125 0.0328125 0.0296875
8 0.31875 0.8171875 0.025 0.025
8 0.759375 0.5 0.015625 0.01875
8 0.015625 0.4265625 0.0296875 0.0234375
8 0.1078125 0.4203125 0.034375 0.01875
8 0.13125 0.40625 0.025 0.0171875
8 0.1125 0.44375 0.0328125 0.0265625
8 0.071875 0.3203125 0.0328125 0.0390625
8 0.1453125 0.2765625 0.034375 0.025
8 0.0765625 0.54375 0.021875 0.0203125
8 0.0640625 0.58125 0.0234375 0.0171875
8 0.0375 0.49375 0.01875 0.034375
8 0.978125 0.54375 0.0328125 0.01875
8 0.9203125 0.5859375 0.021875 0.01875
8 0.921875 0.6328125 0.0390625 0.03125
8 0.85625 0.4296875 0.0171875 0.0296875
8 0.8765625 0.4171875 0.0296875 0.0234375
8 0.8859375 0.459375 0.0234375 0.021875
8 0.8859375 0.4890625 0.01875 0.0234375
8 0.8078125 0.4109375 0.021875 0.015625
8 0.79375 0.4578125 0.0125 0.015625
8 0.828125 0.4703125 0.0328125 0.0171875
8 0.825 0.509375 0.0203125 0.03125
8 0.9921875 0.44296875 0.015625 0.0234375
8 0.9671875 0.4234375 0.0359375 0.0265625
8 0.971875 0.3921875 0.03125 0.028125
8 0.11875 0.8171875 0.025 0.025
8 0.803125 0.5 0.015625 0.01875