8 0.534375 0.634375 0.0390625 0.0203125
8 0.7796875 0.2671875 0.021875 0.0203125
8 0.765625 0.334375 0.028125 0.0421875
8 0.94375 0.434375 0.03125 0.015625
8 0.5546875 0.4125 0.0234375 0.034375
8 0.5640625 0.45 0.025 0.0296875
8 0.375 0.4921875 0.0359375 0.0125
8 0.10625 0.3671875 0.0390625 0.021875
8 0.48125 0.5578125 0.0390625 0.040625
8 0.4515625 0.5484375 0.021875 0.0390625
8 0.4328125 0.50625 0.0328125 0.01875
8 0.4515625 0.5171875 0.028125 0.0453125
8 0.5234375 0.5359375 0.04375 0.025
8 0.528125 0.48125 0.025 0.0265625
8 0.55625 0.5078125 0.0296875 0.0265625
8 0.29375 0.75625 0.021875 0.0265625
8 0.7796875 0.0640625 0.021875 0.0203125
8 0.765625 0.00859375 0.028125 0.0171875
8 0.29375 0.9078125 0.021875 0.0265625