8 0.3125 0.1984375 0.0796875 0.0453125
8 0.521875 0.1546875 0.053125 0.0625
8 0.0546875 0.175 0.0671875 0.0703125
8 0.4 0.5859375 0.071875 0.059375
8 0.384375 0.515625 0.06875 0.0578125
8 0.1765625 0.521875 0.059375 0.078125
8 0.109375 0.51875 0.06875 0.06875
8 0.1578125 0.59375 0.0671875 0.0765625
8 0.4015625 0.3421875 0.0875 0.0890625
8 0.4640625 0.4234375 0.0453125 0.0796875
8 0.4828125 0.3234375 0.059375 0.0859375
8 0.53125 0.328125 0.0625 0.090625
8 0.4859375 0.7421875 0.084375 0.0796875
8 0.521875 0.6859375 0.0625 0.109375
8 0.3265625 0.678125 0.0609375 0.0671875
8 0.9546875 0.6 0.059375 0.0859375
8 0.8703125 0.6921875 0.1015625 0.0734375
8 0.853125 0.75625 0.0671875 0.090625
8 0.79375 0.284375 0.0703125 0.075
8 0.721875 0.1171875 0.0484375 0.0640625
8 0.63125 0.078125 0.0671875 0.0359375
8 0.575 0.1515625 0.040625 0.0890625
8 0.55 0.9359375 0.0421875 0.0390625
8 0.63046875 0.01171875 0.0671875 0.0234375
8 0.55 0.975 0.0421875 0.0390625