8 0.3203125 0.440625 0.1 0.08125
8 0.3734375 0.3296875 0.0609375 0.071875
8 0.5453125 0.1140625 0.0703125 0.121875
8 0.2734375 0.040625 0.0515625 0.0640625
8 0.51875 0.465625 0.121875 0.0609375
8 0.45 0.5578125 0.0859375 0.04375
8 0.5640625 0.6890625 0.084375 0.0578125
8 0.696875 0.575 0.05 0.0796875
8 0.6734375 0.4515625 0.096875 0.06875
8 0.8796875 0.5125 0.1171875 0.08125
8 0.9109375 0.328125 0.05625 0.0578125
8 0.9203125 0.253125 0.0359375 0.0921875
8 0.8859375 0.8875 0.1046875 0.20625
8 0.4546875 0.878125 0.1640625 0.0984375
8 0.96953125 0.5125 0.0609375 0.08125
8 0.9671875 0.328125 0.05625 0.0578125
8 0.9578125 0.253125 0.0359375 0.0921875
8 0.96953125 0.8875 0.0609375 0.20625