13 0.53125 0.403125 0.0671875 0.0375
13 0.63125 0.415625 0.0609375 0.046875
13 0.6796875 0.378125 0.075 0.065625
13 0.715625 0.309375 0.04375 0.0875
13 0.7421875 0.23125 0.0765625 0.059375
13 0.65625 0.26875 0.05625 0.03125
13 0.6609375 0.3125 0.05 0.0765625
13 0.6109375 0.296875 0.0390625 0.071875
13 0.5828125 0.325 0.040625 0.0671875
13 0.5265625 0.2875 0.0484375 0.0515625
13 0.5828125 0.0609375 0.0546875 0.0796875
13 0.4671875 0.33125 0.071875 0.0453125
13 0.4 0.3875 0.0453125 0.04375
13 0.4390625 0.415625 0.075 0.040625
13 0.4515625 0.4421875 0.065625 0.034375
13 0.425 0.471875 0.0671875 0.0375
13 0.43125 0.5375 0.06875 0.053125
13 0.4921875 0.5015625 0.0546875 0.0765625
13 0.5265625 0.465625 0.0609375 0.059375
13 0.5328125 0.428125 0.0671875 0.065625
13 0.6140625 0.5328125 0.06875 0.059375
13 0.6734375 0.4796875 0.0609375 0.04375
13 0.6765625 0.5265625 0.0421875 0.0765625
13 0.6875 0.58125 0.05625 0.0625
13 0.759375 0.625 0.090625 0.05
13 0.6609375 0.615625 0.04375 0.0546875
13 0.7484375 0.4359375 0.071875 0.05
13 0.5765625 0.621875 0.078125 0.05625
13 0.5953125 0.6671875 0.065625 0.065625
13 0.5421875 0.665625 0.0453125 0.0703125
13 0.4921875 0.68125 0.065625 0.0546875
13 0.471875 0.5953125 0.0578125 0.075
13 0.34375 0.603125 0.0484375 0.071875
13 0.3703125 0.465625 0.046875 0.06875
13 0.309375 0.490625 0.04375 0.0734375
13 0.2921875 0.621875 0.0375 0.0890625
13 0.25625 0.6515625 0.0625 0.071875
13 0.2875 0.703125 0.059375 0.071875
13 0.3234375 0.7234375 0.05 0.05625
13 0.40625 0.728125 0.034375 0.0578125
13 0.36875 0.7640625 0.0671875 0.065625
13 0.24375 0.8953125 0.0703125 0.0546875
13 0.2015625 0.9421875 0.0375 0.065625
13 0.15 0.94375 0.053125 0.0625
13 0.1515625 0.878125 0.0578125 0.0578125
13 0.9828125 0.23125 0.034375 0.059375
13 0.9703125 0.625 0.0578125 0.05
13 0.98125 0.4359375 0.0375 0.05
13 0.0109375 0.6515625 0.021875 0.071875
13 0.01875 0.89375 0.0375 0.0546875
13 0.0453125 0.9421875 0.0375 0.065625
13 0.096875 0.94375 0.053125 0.0625
13 0.0953125 0.878125 0.0578125 0.0578125