8 0.4703125 0.390625 0.109375 0.1453125
8 0.490625 0.3328125 0.09375 0.078125
8 0.54375 0.2 0.0625 0.0984375
8 0.8390625 0.20625 0.1078125 0.11875
8 0.1765625 0.2 0.08125 0.090625
8 0.10625 0.365625 0.0828125 0.0921875
8 0.221875 0.415625 0.0703125 0.0796875
8 0.26875 0.4765625 0.078125 0.096875
8 0.3671875 0.39375 0.0515625 0.0875
8 0.321875 0.453125 0.0515625 0.059375
8 0.35 0.5390625 0.059375 0.096875
8 0.1921875 0.5578125 0.1171875 0.096875
8 0.1640625 0.7171875 0.084375 0.078125
8 0.1828125 0.8203125 0.0796875 0.0984375
8 0.053125 0.7046875 0.10625 0.121875
8 0.021875 0.628125 0.04375 0.0671875
8 0.375 0.7546875 0.0859375 0.125
8 0.4390625 0.725 0.046875 0.06875
8 0.459375 0.5859375 0.06875 0.075
8 0.53125 0.6203125 0.046875 0.109375
8 0.5765625 0.58125 0.0578125 0.1171875
8 0.6296875 0.5140625 0.0734375 0.125
8 0.478125 0.490625 0.1 0.0859375
8 0.665625 0.3859375 0.065625 0.05625
8 0.734375 0.478125 0.0640625 0.0875
8 0.9015625 0.65625 0.05 0.1109375
8 0.9828125 0.5046875 0.03125 0.0515625
8 0.65625 0.73125 0.0875 0.046875
8 0.578125 0.8140625 0.071875 0.0796875
8 0.4671875 0.775 0.096875 0.0578125
8 0.54375 0.05 0.0625 0.0984375
8 0.83828125 0.0515625 0.1078125 0.103125
8 0.1765625 0.05 0.08125 0.090625
8 0.1828125 0.9296875 0.0796875 0.0984375
8 0.37421875 0.96640625 0.0859375 0.0671875
8 0.578125 0.9359375 0.071875 0.0796875
8 0.4671875 0.97265625 0.096875 0.0546875