8 0.5234375 0.5359375 0.109375 0.125
8 0.6171875 0.5671875 0.0640625 0.10625
8 0.803125 0.6171875 0.134375 0.084375
8 0.7703125 0.35625 0.0921875 0.0640625
8 0.8234375 0.2296875 0.059375 0.084375
8 0.590625 0.3609375 0.05625 0.0875
8 0.546875 0.415625 0.1 0.0625
8 0.4640625 0.7328125 0.2 0.1015625
8 0.3609375 0.76875 0.071875 0.046875
8 0.1859375 0.675 0.134375 0.09375
8 0.03125 0.3609375 0.0625 0.053125
8 0.9703125 0.315625 0.05625 0.0453125
8 0.934375 0.7640625 0.0765625 0.0890625
8 0.8234375 0.1015625 0.059375 0.084375
8 0.4640625 0.93125 0.2 0.1015625
8 0.3609375 0.8953125 0.071875 0.046875
8 0.1859375 0.97109375 0.134375 0.0578125
8 0.9703125 0.01875 0.05625 0.0375
8 0.934375 0.9 0.0765625 0.0890625