8 0.44375 0.421875 0.1375 0.1390625
8 0.1828125 0.325 0.1171875 0.1203125
8 0.1828125 0.5234375 0.109375 0.1890625
8 0.3375 0.7234375 0.1265625 0.203125
8 0.1828125 0.7796875 0.1171875 0.209375
8 0.559375 0.76875 0.121875 0.171875
8 0.640625 0.61875 0.190625 0.1421875
8 0.7671875 0.7078125 0.1703125 0.15625
8 0.6765625 0.353125 0.178125 0.140625
8 0.0671875 0.325 0.1171875 0.1203125
8 0.0671875 0.5234375 0.109375 0.1890625
8 0.0671875 0.7796875 0.1171875 0.209375
8 0.9484375 0.7078125 0.103125 0.15625