13 0.453125 0.6453125 0.14375 0.1109375
13 0.575 0.4625 0.0671875 0.1140625
13 0.665625 0.4109375 0.1140625 0.1328125
13 0.74375 0.5171875 0.1 0.0859375
13 0.6859375 0.5640625 0.04375 0.0890625
13 0.7421875 0.678125 0.06875 0.1046875
13 0.6171875 0.675 0.0890625 0.05625
13 0.5484375 0.940625 0.0703125 0.1171875
13 0.778125 0.8453125 0.0875 0.10625
13 0.7921875 0.93125 0.1171875 0.08125
13 0.7625 0.7734375 0.1015625 0.096875
13 0.6578125 0.8953125 0.0578125 0.1046875
13 0.7171875 0.946875 0.0578125 0.103125
13 0.621875 0.825 0.06875 0.0828125
13 0.978125 0.515625 0.04375 0.0859375
13 0.9859375 0.6765625 0.0265625 0.1046875
13 0.9640625 0.8453125 0.071875 0.10625
13 0.9484375 0.93125 0.1015625 0.08125
13 0.9671875 0.7734375 0.0640625 0.096875