13 0.4265625 0.378125 0.1484375 0.1453125
13 0.6453125 0.184375 0.2 0.15625
13 0.4484375 0.15625 0.1578125 0.159375
13 0.415625 0.4875 0.153125 0.1359375
13 0.3359375 0.615625 0.1515625 0.1609375
13 0.3265625 0.765625 0.1890625 0.10625
13 0.2046875 0.678125 0.090625 0.0734375
13 0.1625 0.753125 0.075 0.0984375
13 0.521875 0.59375 0.165625 0.1390625
13 0.6484375 0.54375 0.11875 0.125
13 0.7625 0.5 0.125 0.1125
13 0.0453125 0.678125 0.090625 0.0734375
13 0.0875 0.753125 0.075 0.0984375
13 0.9625 0.5 0.075 0.1125