8 0.4265625 0.3125 0.115625 0.090625
8 0.440625 0.190625 0.090625 0.10625
8 0.6046875 0.240625 0.15 0.1140625
8 0.6546875 0.3828125 0.128125 0.0859375
8 0.7953125 0.3875 0.109375 0.1453125
8 0.7 0.4640625 0.1484375 0.078125
8 0.7765625 0.55 0.171875 0.075
8 0.7171875 0.6234375 0.121875 0.06875
8 0.5984375 0.5515625 0.140625 0.0578125
8 0.6390625 0.7125 0.121875 0.0796875
8 0.3421875 0.778125 0.1 0.1375
8 0.2421875 0.5671875 0.1359375 0.109375
8 0.15625 0.68125 0.0625 0.1015625
8 0.2328125 0.3375 0.0859375 0.0875
8 0.2109375 0.25 0.0828125 0.09375
8 0.3109375 0.3125 0.1171875 0.1234375
8 0.35 0.4296875 0.0953125 0.0984375
8 0.4453125 0.6546875 0.0390625 0.15
8 0.253125 0.86875 0.0578125 0.1484375
8 0.1703125 0.1359375 0.090625 0.146875
8 0.30078125 0.03125 0.1484375 0.0625
8 0.95 0.38671875 0.1 0.1453125
8 0.94375 0.55 0.1125 0.075
8 0.9859375 0.6234375 0.028125 0.06875
8 0.0375 0.5671875 0.075 0.109375
8 0.09375 0.68125 0.0625 0.1015625
8 0.0296875 0.3375 0.059375 0.0875
8 0.03984375 0.25 0.0796875 0.09375
8 0.0125 0.86796875 0.025 0.1484375
8 0.0796875 0.1359375 0.090625 0.146875