8 0.3046875 0.371875 0.065625 0.1046875
8 0.23125 0.303125 0.04375 0.1
8 0.175 0.29375 0.0390625 0.1171875
8 0.209375 0.11875 0.0375 0.0828125
8 0.1796875 0.1484375 0.0296875 0.084375
8 0.09375 0.0703125 0.0734375 0.06875
8 0.134375 0.0578125 0.059375 0.0421875
8 0.0546875 0.1234375 0.0671875 0.059375
8 0.103125 0.1671875 0.05625 0.0703125
8 0.203125 0.6546875 0.075 0.0515625
8 0.23125 0.578125 0.1046875 0.0640625
8 0.18125 0.5578125 0.0546875 0.1
8 0.2140625 0.446875 0.0609375 0.0890625
8 0.603125 0.5625 0.1078125 0.09375
8 0.525 0.6078125 0.0484375 0.0796875
8 0.45 0.6609375 0.090625 0.05
8 0.3265625 0.8171875 0.0953125 0.1
8 0.8328125 0.25625 0.0703125 0.06875
8 0.7921875 0.0609375 0.10625 0.0515625
8 0.9328125 0.075 0.0625 0.0796875
8 0.584375 0.1515625 0.0796875 0.0453125
8 0.44375 0.09375 0.1171875 0.1078125
8 0.6765625 0.203125 0.0859375 0.0421875
8 0.7265625 0.15625 0.059375 0.09375
8 0.871875 0.2953125 0.0453125 0.034375
8 0.8578125 0.3609375 0.0515625 0.05625
8 0.83125 0.646875 0.0484375 0.06875
8 0.859375 0.759375 0.078125 0.05
8 0.7390625 0.6734375 0.065625 0.034375
8 0.5921875 0.68125 0.0578125 0.0578125
8 0.040625 0.6859375 0.08125 0.1046875
8 0.8203125 0.4796875 0.075 0.053125
8 0.7171875 0.509375 0.0828125 0.0625
8 0.09296875 0.01796875 0.0734375 0.0359375
8 0.134375 0.0171875 0.059375 0.034375
8 0.7921875 0.01796875 0.10625 0.0359375
8 0.9328125 0.01796875 0.0625 0.0359375
8 0.44296875 0.015625 0.1171875 0.03125