8 0.59375 0.48125 0.18125 0.15625
8 0.746875 0.3859375 0.1890625 0.11875
8 0.709375 0.253125 0.0921875 0.1609375
8 0.7765625 0.1609375 0.0921875 0.1375
8 0.8078125 0.0625 0.1328125 0.103125
8 0.5546875 0.21875 0.125 0.18125
8 0.309375 0.18125 0.140625 0.1421875
8 0.2171875 0.046875 0.1859375 0.09375
8 0.3765625 0.4078125 0.1921875 0.1578125
8 0.3328125 0.678125 0.115625 0.146875
8 0.6828125 0.70625 0.090625 0.165625
8 0.421875 0.95625 0.2125 0.084375
8 0.853125 0.9515625 0.0421875 0.09375
8 0.95390625 0.3859375 0.0921875 0.11875
8 0.96328125 0.1609375 0.0734375 0.1375
8 0.9375 0.0625 0.125 0.103125
8 0.0625 0.046875 0.125 0.09375
8 0.896875 0.9515625 0.0421875 0.09375