8 0.4 0.309375 0.046875 0.034375
8 0.1515625 0.234375 0.0515625 0.028125
8 0.1640625 0.259375 0.0421875 0.028125
8 0.1796875 0.2796875 0.0171875 0.025
8 0.1515625 0.459375 0.03125 0.0203125
8 0.103125 0.4546875 0.03125 0.03125
8 0.090625 0.4890625 0.0265625 0.0171875
8 0.05625 0.5078125 0.0296875 0.0203125
8 0.05625 0.4578125 0.015625 0.0171875
8 0.065625 0.4640625 0.0078125 0.0109375
8 0.1265625 0.721875 0.021875 0.0265625
8 0.08125 0.684375 0.025 0.0265625
8 0.0484375 0.653125 0.0234375 0.0203125
8 0.1921875 0.8234375 0.0421875 0.0140625
8 0.371875 0.8265625 0.025 0.009375
8 0.4328125 0.75 0.025 0.01875
8 0.39375 0.715625 0.015625 0.0265625
8 0.515625 0.7109375 0.03125 0.021875
8 0.5046875 0.6140625 0.0125 0.015625
8 0.515625 0.60625 0.0234375 0.01875
8 0.4015625 0.55625 0.0328125 0.0171875
8 0.396875 0.525 0.0234375 0.0234375
8 0.3640625 0.5328125 0.0234375 0.021875
8 0.365625 0.5671875 0.0171875 0.01875
8 0.3390625 0.6 0.04375 0.025
8 0.3890625 0.6328125 0.0125 0.01875
8 0.4171875 0.634375 0.0203125 0.0203125
8 0.55625 0.4578125 0.0328125 0.028125
8 0.540625 0.496875 0.0484375 0.03125
8 0.4875 0.4515625 0.0296875 0.0171875
8 0.5421875 0.3921875 0.0375 0.01875
8 0.909375 0.1953125 0.0375 0.021875
8 0.9484375 0.2140625 0.0203125 0.028125
8 0.83125 0.2609375 0.0390625 0.0328125
8 0.76875 0.2125 0.034375 0.0421875
8 0.73125 0.5328125 0.0421875 0.03125
8 0.83125 0.3984375 0.040625 0.0296875
8 0.9703125 0.48125 0.046875 0.0203125
8 0.4 0.021875 0.046875 0.034375
8 0.1515625 0.096875 0.0515625 0.028125
8 0.1640625 0.071875 0.0421875 0.028125
8 0.1796875 0.0515625 0.0171875 0.025
8 0.1265625 0.9421875 0.021875 0.0265625
8 0.08125 0.9796875 0.025 0.0265625
8 0.1921875 0.840625 0.0421875 0.0140625
8 0.371875 0.8375 0.025 0.009375
8 0.4328125 0.9140625 0.025 0.01875
8 0.39375 0.9484375 0.015625 0.0265625
8 0.515625 0.953125 0.03125 0.021875
8 0.909375 0.1359375 0.0375 0.021875
8 0.9484375 0.1171875 0.0203125 0.028125
8 0.83125 0.0703125 0.0390625 0.0328125
8 0.76875 0.11875 0.034375 0.0421875