8 0.5203125 0.4453125 0.0640625 0.0796875
8 0.6546875 0.6078125 0.0875 0.0703125
8 0.5875 0.709375 0.1015625 0.078125
8 0.5703125 0.8234375 0.0921875 0.1015625
8 0.3921875 0.625 0.0734375 0.1109375
8 0.259375 0.6078125 0.071875 0.090625
8 0.04375 0.434375 0.0875 0.0921875
8 0.025 0.16171875 0.05 0.0765625
8 0.284375 0.1796875 0.134375 0.0984375
8 0.44375 0.15 0.103125 0.0515625
8 0.325 0.2515625 0.1453125 0.059375
8 0.31875 0.31875 0.115625 0.0890625
8 0.3625 0.4078125 0.084375 0.103125
8 0.425 0.49375 0.0484375 0.0765625
8 0.5703125 0.9265625 0.0921875 0.1015625
8 0.025 0.08671875 0.05 0.0765625
8 0.284375 0.0703125 0.134375 0.0984375
8 0.44375 0.1 0.103125 0.0515625
8 0.32421875 0.0140625 0.1453125 0.028125