8 0.4421875 0.4 0.0609375 0.078125
8 0.34375 0.40625 0.075 0.040625
8 0.371875 0.4609375 0.065625 0.0578125
8 0.228125 0.4078125 0.078125 0.0453125
8 0.3109375 0.275 0.0390625 0.084375
8 0.1921875 0.459375 0.0578125 0.0640625
8 0.1375 0.425 0.0265625 0.034375
8 0.1515625 0.525 0.0296875 0.078125
8 0.13125 0.51875 0.0125 0.0390625
8 0.1734375 0.55625 0.03125 0.040625
8 0.225 0.5875 0.0546875 0.0515625
8 0.140625 0.6265625 0.03125 0.03125
8 0.153125 0.653125 0.0546875 0.04375
8 0.253125 0.65 0.071875 0.0515625
8 0.490625 0.628125 0.0625 0.0359375
8 0.53125 0.634375 0.075 0.059375
8 0.7109375 0.7265625 0.0421875 0.065625
8 0.8546875 0.9453125 0.0375 0.028125
8 0.646875 0.4625 0.0484375 0.0671875
8 0.496875 0.54375 0.0375 0.025
8 0.4296875 0.4953125 0.0484375 0.028125
8 0.4390625 0.521875 0.0359375 0.0375
8 0.39375 0.5140625 0.03125 0.04375
8 0.340625 0.5328125 0.015625 0.0328125
8 0.2984375 0.5359375 0.0359375 0.0265625
8 0.3296875 0.4921875 0.0390625 0.0265625
8 0.03046875 0.40703125 0.0609375 0.0453125
8 0.0578125 0.459375 0.0578125 0.0640625
8 0.1125 0.425 0.0265625 0.034375
8 0.0984375 0.525 0.0296875 0.078125
8 0.11875 0.51875 0.0125 0.0390625
8 0.0765625 0.55625 0.03125 0.040625
8 0.02578125 0.58671875 0.0515625 0.0515625
8 0.109375 0.6265625 0.03125 0.03125
8 0.096875 0.653125 0.0546875 0.04375
8 0.01640625 0.64921875 0.0328125 0.0515625
8 0.8953125 0.9453125 0.0375 0.028125