8 0.4703125 0.4421875 0.053125 0.0421875
8 0.4171875 0.378125 0.0640625 0.0390625
8 0.490625 0.2625 0.040625 0.0359375
8 0.2984375 0.2984375 0.0375 0.0375
8 0.1015625 0.453125 0.0640625 0.0484375
8 0.1203125 0.528125 0.053125 0.0390625
8 0.3015625 0.640625 0.05625 0.0265625
8 0.1890625 0.734375 0.0328125 0.0578125
8 0.5421875 0.7484375 0.06875 0.04375
8 0.6125 0.7265625 0.046875 0.04375
8 0.8796875 0.4171875 0.0375 0.046875
8 0.8453125 0.4390625 0.03125 0.05
8 0.6703125 0.38125 0.053125 0.040625
8 0.65625 0.2078125 0.0265625 0.04375
8 0.703125 0.2265625 0.03125 0.04375
8 0.4015625 0.259375 0.0546875 0.04375
8 0.490625 0.06875 0.040625 0.0359375
8 0.2984375 0.0328125 0.0375 0.0375
8 0.1890625 0.9296875 0.0328125 0.0578125
8 0.5421875 0.915625 0.06875 0.04375
8 0.6125 0.9375 0.046875 0.04375
8 0.65625 0.1234375 0.0265625 0.04375
8 0.703125 0.1046875 0.03125 0.04375
8 0.4015625 0.071875 0.0546875 0.04375