8 0.2625 0.19375 0.04375 0.0359375
8 0.0203125 0.19375 0.0375 0.021875
8 0.103125 0.3828125 0.0484375 0.0328125
8 0.2765625 0.35 0.0453125 0.0328125
8 0.325 0.384375 0.04375 0.0296875
8 0.2984375 0.4046875 0.0453125 0.025
8 0.3109375 0.421875 0.025 0.015625
8 0.2890625 0.4375 0.03125 0.0171875
8 0.3234375 0.45 0.021875 0.0234375
8 0.375 0.459375 0.0453125 0.0203125
8 0.40625 0.4390625 0.028125 0.0140625
8 0.409375 0.4265625 0.0203125 0.01875
8 0.3796875 0.4375 0.01875 0.0203125
8 0.4375 0.4046875 0.05 0.01875
8 0.425 0.390625 0.015625 0.0296875
8 0.4703125 0.4 0.0453125 0.021875
8 0.5015625 0.4171875 0.059375 0.015625
8 0.4484375 0.4453125 0.028125 0.015625
8 0.503125 0.465625 0.0375 0.025
8 0.4671875 0.471875 0.0328125 0.0234375
8 0.50625 0.4875 0.040625 0.028125
8 0.5625 0.4984375 0.0359375 0.0265625
8 0.596875 0.4875 0.0296875 0.0265625
8 0.6265625 0.509375 0.0546875 0.03125
8 0.640625 0.4640625 0.03125 0.021875
8 0.5359375 0.4296875 0.0390625 0.01875
8 0.60625 0.2734375 0.021875 0.0296875
8 0.6265625 0.296875 0.04375 0.05
8 0.759375 0.2078125 0.046875 0.025
8 0.9625 0.178125 0.0328125 0.025
8 0.85625 0.2984375 0.0515625 0.034375
8 0.8703125 0.3234375 0.0328125 0.0296875
8 0.96875 0.30625 0.0484375 0.028125
8 0.9359375 0.50625 0.0359375 0.0328125
8 0.9796875 0.521875 0.0390625 0.021875
8 0.5875 0.7078125 0.065625 0.0234375
8 0.4375 0.659375 0.0390625 0.0171875
8 0.44375 0.60625 0.0171875 0.0359375
8 0.31875 0.5875 0.065625 0.0328125
8 0.296875 0.5328125 0.0359375 0.0203125
8 0.2734375 0.5203125 0.0375 0.028125
8 0.2546875 0.4921875 0.0296875 0.01875
8 0.2296875 0.478125 0.0203125 0.015625
8 0.175 0.5265625 0.0265625 0.0296875
8 0.2109375 0.525 0.0171875 0.028125
8 0.2375 0.5265625 0.03125 0.0359375
8 0.225 0.54375 0.028125 0.0171875
8 0.2078125 0.5609375 0.0328125 0.0328125
8 0.25625 0.559375 0.0453125 0.025
8 0.2671875 0.5390625 0.021875 0.0140625
8 0.209375 0.6234375 0.0328125 0.025
8 0.1734375 0.6171875 0.03125 0.0203125
8 0.1265625 0.5765625 0.0390625 0.025
8 0.14375 0.5515625 0.0234375 0.0265625
8 0.0859375 0.5421875 0.0375 0.0203125
8 0.0515625 0.51875 0.034375 0.025
8 0.0140625 0.55625 0.028125 0.0171875
8 0.0203125 0.60390625 0.040625 0.0171875
8 0.015625 0.6375 0.028125 0.0140625
8 0.0390625 0.6625 0.025 0.028125
8 0.171875 0.7625 0.0375 0.0359375
8 0.159375 0.8125 0.0625 0.028125
8 0.2796875 0.640625 0.0234375 0.0296875
8 0.246875 0.6328125 0.034375 0.03125
8 0.3328125 0.6359375 0.034375 0.0234375
8 0.6765625 0.734375 0.0234375 0.03125
8 0.5625 0.7390625 0.046875 0.0203125
8 0.5921875 0.3921875 0.01875 0.0328125
8 0.634375 0.3921875 0.0296875 0.034375
8 0.409375 0.3640625 0.034375 0.0203125
8 0.4046875 0.3125 0.03125 0.03125
8 0.4171875 0.271875 0.0234375 0.04375
8 0.440625 0.25 0.025 0.0359375
8 0.4296875 0.2703125 0.0234375 0.028125
8 0.4125 0.171875 0.04375 0.0125
8 0.328125 0.209375 0.0203125 0.0296875
8 0.3125 0.171875 0.0078125 0.009375
8 0.2625 0.1375 0.04375 0.0359375
8 0.0203125 0.1375 0.0375 0.021875
8 0.60625 0.0578125 0.021875 0.0296875
8 0.6265625 0.034375 0.04375 0.05
8 0.759375 0.1234375 0.046875 0.025
8 0.9625 0.153125 0.0328125 0.025
8 0.85625 0.0328125 0.0515625 0.034375
8 0.86953125 0.0109375 0.0328125 0.021875
8 0.96875 0.025 0.0484375 0.028125
8 0.5875 0.95625 0.065625 0.0234375
8 0.43671875 0.99765625 0.0390625 0.0046875
8 0.0390625 0.99375 0.025 0.0125
8 0.171875 0.9015625 0.0375 0.0359375
8 0.159375 0.8515625 0.0625 0.028125
8 0.6765625 0.9296875 0.0234375 0.03125
8 0.5625 0.925 0.046875 0.0203125
8 0.4046875 0.01875 0.03125 0.03125
8 0.4171875 0.059375 0.0234375 0.04375
8 0.440625 0.08125 0.025 0.0359375
8 0.4296875 0.0609375 0.0234375 0.028125
8 0.4125 0.159375 0.04375 0.0125
8 0.328125 0.121875 0.0203125 0.0296875
8 0.3125 0.159375 0.0078125 0.009375