2 0.440625 0.19375 0.078125 0.1125
2 0.45 0.3 0.08125 0.084375
2 0.5921875 0.315625 0.1171875 0.0921875
2 0.471875 0.1046875 0.05625 0.1
2 0.4109375 0.521875 0.1078125 0.13125
2 0.521875 0.428125 0.134375 0.1203125
2 0.81875 0.9421875 0.021875 0.021875
2 0.15625 0.9375 0.0640625 0.1140625
2 0.6578125 0.6953125 0.0171875 0.0296875
2 0.853125 0.925 0.0203125 0.0203125
2 0.853125 0.709375 0.015625 0.025
2 0.715625 0.659375 0.0234375 0.025
2 0.8109375 0.9171875 0.01875 0.0171875
2 0.7734375 0.765625 0.0140625 0.01875
2 0.93125 0.9421875 0.021875 0.021875
2 0.09375 0.9375 0.0640625 0.1140625
2 0.896875 0.925 0.0203125 0.0203125
2 0.896875 0.709375 0.015625 0.025
2 0.9390625 0.9171875 0.01875 0.0171875
2 0.9765625 0.765625 0.0140625 0.01875