2 0.69375 0.23125 0.0609375 0.0765625
2 0.59375 0.4921875 0.0625 0.0421875
2 0.3703125 0.6234375 0.06875 0.0890625
2 0.6453125 0.484375 0.0453125 0.04375
2 0.3875 0.3546875 0.08125 0.04375
2 0.653125 0.340625 0.0578125 0.0546875
2 0.446875 0.56875 0.0625 0.071875
2 0.603125 0.728125 0.0703125 0.0921875
2 0.4765625 0.3890625 0.0765625 0.05625
2 0.6359375 0.290625 0.08125 0.0359375
2 0.5375 0.3453125 0.0515625 0.05
2 0.709375 0.628125 0.046875 0.0484375
2 0.434375 0.634375 0.0671875 0.0609375
2 0.6890625 0.48125 0.0453125 0.0390625
2 0.5109375 0.409375 0.0484375 0.0453125
2 0.7546875 0.678125 0.071875 0.0671875
2 0.6546875 0.6828125 0.0765625 0.0375
2 0.6109375 0.3890625 0.04375 0.05625
2 0.1796875 0.2875 0.06875 0.0515625
2 0.6484375 0.575 0.05625 0.0421875
2 0.5609375 0.56875 0.0359375 0.0390625
2 0.4640625 0.6875 0.0609375 0.065625
2 0.7640625 0.515625 0.05 0.0671875
2 0.703125 0.396875 0.04375 0.0265625
2 0.30625 0.359375 0.0578125 0.0640625
2 0.6453125 0.4046875 0.0375 0.04375
2 0.034375 0.4359375 0.06875 0.05
2 0.6828125 0.425 0.0359375 0.0375
2 0.4421875 0.275 0.046875 0.034375
2 0.4640625 0.3078125 0.0546875 0.0515625
2 0.28125 0.684375 0.084375 0.0703125
2 0.953125 0.4890625 0.0875 0.0453125
2 0.5421875 0.1859375 0.0421875 0.0578125
2 0.3203125 0.646875 0.0515625 0.0671875
2 0.7859375 0.2609375 0.0640625 0.06875
2 0.5875 0.609375 0.0359375 0.0421875
2 0.896875 0.28125 0.0578125 0.05
2 0.5984375 0.240625 0.0546875 0.0640625
2 0.5546875 0.3734375 0.0390625 0.0578125
2 0.68125 0.5203125 0.0546875 0.025
2 0.521875 0.5359375 0.0421875 0.0734375
2 0.3484375 0.2671875 0.05 0.0671875
2 0.4484375 0.171875 0.0515625 0.0421875
2 0.7296875 0.4296875 0.0484375 0.025
2 0.38125 0.5078125 0.065625 0.0453125
2 0.525 0.2828125 0.05625 0.0625
2 0.578125 0.2171875 0.0453125 0.0578125
2 0.5953125 0.6515625 0.0578125 0.053125
2 0.490625 0.1625 0.053125 0.0546875
2 0.1515625 0.5125 0.05 0.0296875
2 0.86875 0.4484375 0.0546875 0.03125
2 0.2859375 0.2 0.05625 0.0671875
2 0.8140625 0.43125 0.05 0.0453125
2 0.5 0.1765625 0.03125 0.0375
2 0.8171875 0.46875 0.040625 0.0515625
2 0.23125 0.728125 0.0609375 0.053125
2 0.4796875 0.5046875 0.040625 0.046875
2 0.2015625 0.76875 0.0765625 0.046875
2 0.578125 0.378125 0.03125 0.053125
2 0.5140625 0.2953125 0.025 0.0328125
2 0.1671875 0.7109375 0.0671875 0.053125
2 0.5421875 0.2921875 0.0375 0.0375
2 0.45 0.4359375 0.109375 0.0640625
2 0.69375 0.040625 0.0609375 0.0765625
2 0.6015625 0.9734375 0.0703125 0.0515625
2 0.4421875 0.00625 0.046875 0.0125
2 0.5421875 0.0859375 0.0421875 0.0578125
2 0.78359375 0.021875 0.0640625 0.04375
2 0.8953125 0.0078125 0.0578125 0.015625
2 0.596875 0.03125 0.0546875 0.0625
2 0.3484375 0.01875 0.05 0.0375
2 0.4484375 0.1 0.0515625 0.0421875
2 0.525 0.009375 0.05625 0.01875
2 0.578125 0.0546875 0.0453125 0.0578125
2 0.490625 0.109375 0.053125 0.0546875
2 0.2859375 0.071875 0.05625 0.0671875
2 0.5 0.0953125 0.03125 0.0375
2 0.2296875 0.984375 0.0609375 0.03125
2 0.2015625 0.9546875 0.0765625 0.046875
2 0.165625 0.9921875 0.0671875 0.0140625