13 0.4859375 0.6140625 0.2734375 0.1921875
13 0.2734375 0.4953125 0.1734375 0.2625
13 0.609375 0.2453125 0.2640625 0.2234375
13 0.7328125 0.1375 0.2078125 0.196875
13 0.503125 0.0515625 0.2671875 0.103125
13 0.665625 0.4578125 0.175 0.2609375
13 0.8 0.659375 0.1484375 0.2421875
13 0.6421875 0.8453125 0.228125 0.1328125
13 0.25625 0.9375 0.178125 0.1234375
13 0.81875 0.940625 0.109375 0.1171875
13 0.03125 0.4953125 0.0625 0.2625
13 0.95625 0.1375 0.0875 0.196875
13 0.9375 0.6578125 0.125 0.2421875
13 0.040625 0.93515625 0.08125 0.1234375
13 0.93125 0.940625 0.109375 0.1171875