8 0.5078125 0.378125 0.134375 0.084375
8 0.5125 0.4421875 0.09375 0.0640625
8 0.2921875 0.465625 0.1046875 0.075
8 0.071875 0.39375 0.0671875 0.1453125
8 0.1546875 0.2359375 0.0953125 0.1296875
8 0.375 0.23125 0.0921875 0.0921875
8 0.55625 0.1546875 0.0859375 0.053125
8 0.803125 0.2390625 0.1265625 0.0890625
8 0.790625 0.4125 0.1453125 0.0671875
8 0.7625 0.4671875 0.1015625 0.0515625
8 0.809375 0.68125 0.134375 0.146875
8 0.5734375 0.653125 0.08125 0.0953125
8 0.4765625 0.603125 0.0640625 0.1109375
8 0.15390625 0.0375 0.0953125 0.075
8 0.37421875 0.03046875 0.0921875 0.0609375
8 0.55625 0.0921875 0.0859375 0.053125
8 0.80234375 0.02578125 0.1265625 0.0515625