11 0.7234375 0.5203125 0.0984375 0.046875
11 0.5265625 0.2984375 0.1015625 0.0421875
11 0.5078125 0.4578125 0.0796875 0.05
11 0.4375 0.4015625 0.090625 0.075
11 0.94375 0.634375 0.103125 0.0609375
11 0.8703125 0.5484375 0.090625 0.0703125
11 0.3921875 0.7015625 0.084375 0.0765625
11 0.7265625 0.634375 0.0796875 0.0609375
11 0.6921875 0.315625 0.0734375 0.06875
11 0.3515625 0.43125 0.078125 0.0453125
11 0.7015625 0.4484375 0.065625 0.0625
11 0.4859375 0.503125 0.0828125 0.034375
11 0.69375 0.571875 0.0640625 0.0546875
11 0.5015625 0.7234375 0.0828125 0.1
11 0.6375 0.49375 0.0703125 0.0453125
11 0.3796875 0.621875 0.06875 0.059375
11 0.6578125 0.384375 0.0796875 0.034375
11 0.65625 0.74375 0.109375 0.0578125
11 0.1203125 0.45625 0.08125 0.059375
11 0.153125 0.53125 0.0921875 0.0734375
11 0.4421875 0.540625 0.084375 0.034375
11 0.0703125 0.5328125 0.071875 0.0703125
11 0.415625 0.4796875 0.071875 0.059375
11 0.053125 0.45 0.071875 0.08125
11 0.31875 0.5 0.053125 0.0578125
11 0.40625 0.58125 0.0734375 0.0609375
11 0.65 0.6546875 0.078125 0.08125
11 0.2484375 0.6265625 0.0703125 0.065625
11 0.3171875 0.7 0.0703125 0.0921875
11 0.2734375 0.5140625 0.0578125 0.06875
11 0.309375 0.60625 0.05625 0.059375
11 0.4703125 0.6125 0.0640625 0.084375
11 0.2703125 0.4328125 0.1015625 0.0390625
11 0.6328125 0.571875 0.0578125 0.0609375
11 0.028125 0.69375 0.05625 0.0828125
11 0.2328125 0.7078125 0.0859375 0.08125
11 0.521875 0.6453125 0.0765625 0.04375
11 0.60625 0.3078125 0.0796875 0.10625
11 0.2421875 0.2671875 0.0859375 0.090625
11 0.2328125 0.5875 0.075 0.05
11 0.34375 0.540625 0.05625 0.0640625
11 0.2265625 0.5234375 0.05625 0.059375
11 0.528125 0.578125 0.0546875 0.0625
11 0.571875 0.565625 0.03125 0.0796875
11 0.590625 0.60625 0.0375 0.0703125
11 0.6046875 0.628125 0.053125 0.078125
11 0.5640625 0.371875 0.0453125 0.059375
11 0.59375 0.3984375 0.0859375 0.0546875
11 0.5609375 0.4296875 0.0671875 0.0515625
11 0.29375 0.765625 0.0453125 0.028125
11 0.5765625 0.4875 0.05 0.0875
11 0.6734375 0.45 0.0625 0.059375
11 0.5265625 0.1390625 0.1015625 0.0421875
11 0.4375 0.0359375 0.090625 0.071875
11 0.94375 0.928125 0.103125 0.0609375
11 0.8703125 0.9890625 0.090625 0.021875
11 0.3921875 0.8609375 0.084375 0.0765625
11 0.7265625 0.928125 0.0796875 0.0609375
11 0.6921875 0.121875 0.0734375 0.06875
11 0.3515625 0.0140625 0.078125 0.028125
11 0.7015625 0.009375 0.065625 0.01875
11 0.6921875 0.98125 0.0640625 0.0375
11 0.5015625 0.8390625 0.0828125 0.1
11 0.3796875 0.940625 0.06875 0.059375
11 0.6578125 0.053125 0.0796875 0.034375
11 0.65625 0.81875 0.109375 0.0578125
11 0.053125 0.0140625 0.071875 0.028125
11 0.4046875 0.975 0.0734375 0.05
11 0.65 0.9078125 0.078125 0.08125
11 0.2484375 0.9359375 0.0703125 0.065625
11 0.3171875 0.8625 0.0703125 0.0921875
11 0.309375 0.95625 0.05625 0.059375
11 0.4703125 0.95 0.0640625 0.084375
11 0.26796875 0.0109375 0.1015625 0.021875
11 0.63125 0.9796875 0.0578125 0.040625
11 0.028125 0.86875 0.05625 0.0828125
11 0.2328125 0.8546875 0.0859375 0.08125
11 0.521875 0.9171875 0.0765625 0.04375
11 0.60625 0.1296875 0.0796875 0.10625
11 0.2421875 0.1703125 0.0859375 0.090625
11 0.2328125 0.975 0.075 0.05
11 0.5265625 0.9765625 0.0546875 0.046875
11 0.571875 0.978125 0.03125 0.04375
11 0.590625 0.95625 0.0375 0.0703125
11 0.6046875 0.934375 0.053125 0.078125
11 0.5640625 0.065625 0.0453125 0.059375
11 0.59375 0.0390625 0.0859375 0.0546875
11 0.55859375 0.015625 0.0671875 0.03125
11 0.29375 0.796875 0.0453125 0.028125
11 0.6734375 0.0078125 0.0625 0.015625