13 0.484375 0.546875 0.071875 0.0625
13 0.5359375 0.7421875 0.04375 0.0921875
13 0.3984375 0.496875 0.0578125 0.0703125
13 0.334375 0.4625 0.0328125 0.0625
13 0.3234375 0.403125 0.034375 0.0796875
13 0.36875 0.3546875 0.028125 0.071875
13 0.346875 0.325 0.0640625 0.0515625
13 0.4125 0.3296875 0.075 0.0515625
13 0.45 0.2453125 0.05 0.0359375
13 0.5046875 0.2796875 0.05625 0.04375
13 0.3859375 0.178125 0.04375 0.05625
13 0.2984375 0.1125 0.03125 0.0671875
13 0.284375 0.178125 0.0296875 0.0359375
13 0.2390625 0.2265625 0.040625 0.05625
13 0.2796875 0.55 0.078125 0.05
13 0.303125 0.3015625 0.0328125 0.0546875
13 0.0390625 0.496875 0.0578125 0.0703125
13 0.103125 0.4625 0.0328125 0.0625
13 0.1140625 0.403125 0.034375 0.0796875
13 0.06875 0.3546875 0.028125 0.071875
13 0.090625 0.325 0.0640625 0.0515625
13 0.03125 0.328125 0.0625 0.0515625
13 0.00625 0.24375 0.0125 0.0359375
13 0.0515625 0.178125 0.04375 0.05625
13 0.1390625 0.1125 0.03125 0.0671875
13 0.153125 0.178125 0.0296875 0.0359375
13 0.1984375 0.2265625 0.040625 0.05625
13 0.1578125 0.55 0.078125 0.05
13 0.134375 0.3015625 0.0328125 0.0546875