13 0.5640625 0.2953125 0.140625 0.1390625
13 0.80625 0.2546875 0.0828125 0.121875
13 0.8140625 0.54375 0.11875 0.084375
13 0.559375 0.546875 0.1125 0.09375
13 0.3296875 0.703125 0.0890625 0.1078125
13 0.4109375 0.7703125 0.128125 0.0796875
13 0.1609375 0.459375 0.0734375 0.084375
13 0.178125 0.3015625 0.1078125 0.0984375
13 0.4625 0.0203125 0.10625 0.040625
13 0.94375 0.2546875 0.0828125 0.121875
13 0.9359375 0.54375 0.11875 0.084375
13 0.0890625 0.459375 0.0734375 0.084375
13 0.071875 0.3015625 0.1078125 0.0984375