13 0.725 0.2296875 0.05625 0.0625
13 0.7359375 0.2796875 0.08125 0.0625
13 0.6609375 0.29375 0.065625 0.075
13 0.4703125 0.4703125 0.065625 0.1015625
13 0.5125 0.434375 0.0734375 0.0578125
13 0.3859375 0.390625 0.05625 0.0703125
13 0.446875 0.396875 0.1 0.0421875
13 0.3375 0.534375 0.0546875 0.1109375
13 0.2765625 0.6953125 0.078125 0.0609375
13 0.3828125 0.84375 0.075 0.065625
13 0.3328125 0.853125 0.0484375 0.0875
13 0.19375 0.403125 0.028125 0.090625
13 0.9859375 0.2796875 0.0265625 0.0625
13 0.05625 0.403125 0.028125 0.090625