8 0.5625 0.4765625 0.1328125 0.1671875
8 0.446875 0.646875 0.1015625 0.125
8 0.3140625 0.671875 0.1015625 0.1390625
8 0.2296875 0.5921875 0.134375 0.1546875
8 0.2375 0.7859375 0.0609375 0.1328125
8 0.1953125 0.921875 0.140625 0.0953125
8 0.4734375 0.884375 0.0953125 0.134375
8 0.8140625 0.6453125 0.1203125 0.1046875
8 0.6546875 0.1671875 0.16875 0.0828125
8 0.5828125 0.075 0.1171875 0.1
8 0.5671875 0.146875 0.1015625 0.05625
8 0.384375 0.0921875 0.1890625 0.115625
8 0.2328125 0.1328125 0.090625 0.1109375
8 0.471875 0.3328125 0.1078125 0.0703125
8 0.3796875 0.4734375 0.090625 0.146875
8 0.04375 0.59140625 0.0875 0.1546875
8 0.02109375 0.78515625 0.0421875 0.1328125
8 0.0625 0.92109375 0.125 0.0953125
8 0.9359375 0.6453125 0.1203125 0.1046875
8 0.03125 0.13203125 0.0625 0.1109375