8 0.1984375 0.465625 0.04375 0.0390625
8 0.21875 0.5359375 0.0390625 0.028125
8 0.2453125 0.4703125 0.0390625 0.0484375
8 0.265625 0.496875 0.0328125 0.0375
8 0.2 0.375 0.0625 0.025
8 0.1703125 0.328125 0.0515625 0.025
8 0.25625 0.3109375 0.0390625 0.0625
8 0.2875 0.2875 0.0296875 0.046875
8 0.4265625 0.0734375 0.05 0.0390625
8 0.4171875 0.140625 0.0359375 0.0515625
8 0.5296875 0.0328125 0.0359375 0.0390625
8 0.6171875 0.2484375 0.0578125 0.0453125
8 0.615625 0.3203125 0.040625 0.05625
8 0.6484375 0.7046875 0.04375 0.046875
8 0.790625 0.8140625 0.05625 0.046875
8 0.478125 0.6296875 0.0640625 0.04375
8 0.590625 0.8671875 0.0453125 0.046875
8 0.2921875 0.959375 0.05625 0.0359375
8 0.1890625 0.9375 0.1 0.040625
8 0.0515625 0.465625 0.04375 0.0390625
8 0.03125 0.5359375 0.0390625 0.028125
8 0.01171875 0.46953125 0.0234375 0.0484375
8 0.05 0.375 0.0625 0.025
8 0.0796875 0.328125 0.0515625 0.025
8 0.00625 0.3109375 0.0125 0.0625
8 0.959375 0.8140625 0.05625 0.046875
8 0.0609375 0.9375 0.1 0.040625