4 0.453125 0.3765625 0.1515625 0.2140625
4 0.534375 0.4109375 0.2578125 0.1515625
4 0.6515625 0.4828125 0.2453125 0.1171875
4 0.859375 0.5375 0.1484375 0.2546875
4 0.7078125 0.6015625 0.15625 0.29375
4 0.6046875 0.6765625 0.1953125 0.2140625
4 0.3953125 0.7453125 0.1625 0.240625
4 0.159375 0.7390625 0.1796875 0.2546875
4 0.3203125 0.5265625 0.2109375 0.2140625
4 0.2484375 0.39375 0.2453125 0.071875
4 0.396875 0.9546875 0.084375 0.0890625
4 0.671875 0.2375 0.128125 0.2140625
4 0.7828125 0.3171875 0.24375 0.14375
4 0.5984375 0.1875 0.071875 0.2328125
4 0.49375 0.15 0.1296875 0.2078125