8 0.346875 0.3453125 0.0578125 0.0703125
8 0.3234375 0.45 0.0578125 0.103125
8 0.178125 0.1359375 0.0953125 0.1015625
8 0.7609375 0.4234375 0.0890625 0.1
8 0.8125 0.3015625 0.0609375 0.13125
8 0.753125 0.184375 0.0625 0.096875
8 0.665625 0.140625 0.09375 0.059375
8 0.8390625 0.5984375 0.06875 0.0734375
8 0.6171875 0.965625 0.0859375 0.0671875
8 0.071875 0.1359375 0.0953125 0.1015625
8 0.971875 0.4234375 0.05625 0.1
8 0.9375 0.3015625 0.0609375 0.13125
8 0.9828125 0.184375 0.034375 0.096875
8 0.9109375 0.5984375 0.06875 0.0734375