8 0.4390625 0.4453125 0.046875 0.071875
8 0.4015625 0.5140625 0.1046875 0.053125
8 0.375 0.684375 0.040625 0.0390625
8 0.28125 0.66875 0.0671875 0.046875
8 0.15625 0.5703125 0.0265625 0.0578125
8 0.2484375 0.475 0.0375 0.0703125
8 0.43125 0.321875 0.0703125 0.0671875
8 0.4921875 0.3484375 0.05625 0.0703125
8 0.8890625 0.2640625 0.090625 0.071875
8 0.703125 0.3625 0.05 0.0703125
8 0.778125 0.45 0.0578125 0.09375
8 0.4734375 0.415625 0.046875 0.0390625
8 0.20625 0.28125 0.059375 0.053125
8 0.375 0.9796875 0.040625 0.0390625
8 0.28046875 0.9859375 0.0671875 0.028125
8 0.43046875 0.02109375 0.0703125 0.0421875
8 0.4921875 0.00859375 0.05625 0.0171875
8 0.8890625 0.0671875 0.090625 0.071875
8 0.20625 0.05 0.059375 0.053125