8 0.45625 0.4921875 0.0484375 0.0546875
8 0.45625 0.409375 0.071875 0.06875
8 0.41875 0.3765625 0.065625 0.034375
8 0.403125 0.340625 0.0875 0.0546875
8 0.46875 0.3484375 0.0546875 0.03125
8 0.5328125 0.35 0.065625 0.03125
8 0.4484375 0.278125 0.028125 0.0546875
8 0.4796875 0.19375 0.0640625 0.0515625
8 0.534375 0.2046875 0.0375 0.06875
8 0.603125 0.2484375 0.040625 0.071875
8 0.646875 0.2265625 0.046875 0.0609375
8 0.7140625 0.2484375 0.040625 0.0640625
8 0.7734375 0.2265625 0.04375 0.0640625
8 0.6046875 0.2859375 0.06875 0.040625
8 0.621875 0.3296875 0.065625 0.0328125
8 0.6 0.346875 0.0609375 0.046875
8 0.6171875 0.403125 0.0375 0.0515625
8 0.58125 0.3921875 0.0234375 0.034375
8 0.503125 0.4421875 0.04375 0.05625
8 0.5109375 0.4796875 0.065625 0.03125
8 0.4890625 0.5140625 0.059375 0.040625
8 0.5109375 0.5796875 0.0390625 0.0546875
8 0.4484375 0.540625 0.0703125 0.03125
8 0.4109375 0.5625 0.040625 0.065625
8 0.403125 0.621875 0.0546875 0.0265625
8 0.334375 0.609375 0.059375 0.0359375
8 0.3359375 0.5859375 0.0734375 0.0359375
8 0.334375 0.6625 0.0375 0.059375
8 0.3328125 0.709375 0.04375 0.0296875
8 0.2625 0.6015625 0.0359375 0.0671875
8 0.2109375 0.6 0.0390625 0.04375
8 0.128125 0.6265625 0.053125 0.0375
8 0.1953125 0.66875 0.0875 0.0453125
8 0.20625 0.715625 0.0671875 0.0421875
8 0.228125 0.7609375 0.0546875 0.0453125
8 0.2765625 0.7953125 0.0375 0.05
8 0.2328125 0.7796875 0.0484375 0.0328125
8 0.19375 0.80625 0.0453125 0.0484375
8 0.178125 0.5640625 0.08125 0.03125
8 0.2265625 0.521875 0.0359375 0.0703125
8 0.146875 0.5234375 0.0859375 0.034375
8 0.0390625 0.53359375 0.078125 0.0296875
8 0.0328125 0.4625 0.065625 0.0328125
8 0.1265625 0.459375 0.05625 0.0265625
8 0.128125 0.415625 0.0625 0.0421875
8 0.078125 0.3875 0.0625 0.0703125
8 0.0671875 0.1890625 0.05 0.0453125
8 0.175 0.3140625 0.078125 0.040625
8 0.1578125 0.3703125 0.0609375 0.03125
8 0.215625 0.40625 0.046875 0.0671875
8 0.2390625 0.2953125 0.04375 0.04375
8 0.2765625 0.265625 0.028125 0.065625
8 0.296875 0.1953125 0.053125 0.0546875
8 0.3265625 0.4109375 0.05625 0.0625
8 0.36875 0.403125 0.0390625 0.0625
8 0.30625 0.45 0.0671875 0.0390625
8 0.2703125 0.496875 0.0359375 0.04375
8 0.3390625 0.4859375 0.0609375 0.0328125
8 0.3515625 0.51875 0.0609375 0.0453125
8 0.6921875 0.36875 0.03125 0.0359375
8 0.6875 0.415625 0.0359375 0.0515625
8 0.6390625 0.446875 0.0296875 0.0546875
8 0.5703125 0.496875 0.05625 0.0390625
8 0.575 0.534375 0.0546875 0.046875
8 0.5328125 0.6859375 0.0390625 0.046875
8 0.4859375 0.703125 0.0421875 0.0484375
8 0.4640625 0.684375 0.0515625 0.040625
8 0.4140625 0.7109375 0.0359375 0.0375
8 0.3984375 0.753125 0.071875 0.0375
8 0.4578125 0.8171875 0.040625 0.028125
8 0.5171875 0.790625 0.0453125 0.0484375
8 0.5828125 0.778125 0.046875 0.040625
8 0.6078125 0.8109375 0.0546875 0.0390625
8 0.5765625 0.8203125 0.0265625 0.021875
8 0.7125 0.734375 0.071875 0.046875
8 0.7859375 0.8171875 0.0265625 0.028125
8 0.7546875 0.678125 0.040625 0.0609375
8 0.6765625 0.6640625 0.025 0.0484375
8 0.6328125 0.696875 0.0546875 0.05625
8 0.71875 0.634375 0.0453125 0.04375
8 0.6859375 0.603125 0.03125 0.0359375
8 0.665625 0.5703125 0.0390625 0.046875
8 0.7328125 0.584375 0.059375 0.0609375
8 0.7859375 0.559375 0.046875 0.040625
8 0.8140625 0.5953125 0.028125 0.0515625
8 0.953125 0.6171875 0.0390625 0.0546875
8 0.909375 0.5203125 0.06875 0.0359375
8 0.875 0.48125 0.078125 0.0359375
8 0.81875 0.4671875 0.053125 0.0328125
8 0.7890625 0.4984375 0.059375 0.0390625
8 0.7890625 0.5265625 0.0625 0.0359375
8 0.721875 0.5203125 0.05625 0.025
8 0.7125 0.5 0.0375 0.0421875
8 0.6546875 0.528125 0.025 0.0609375
8 0.625 0.50625 0.03125 0.0453125
8 0.75 0.434375 0.059375 0.0328125
8 0.7640625 0.4578125 0.040625 0.0390625
8 0.796875 0.434375 0.05625 0.028125
8 0.8375 0.4046875 0.0640625 0.05625
8 0.8734375 0.3984375 0.0421875 0.0578125
8 0.8484375 0.3453125 0.025 0.0515625
8 0.9265625 0.3484375 0.04375 0.0375
8 0.971875 0.3265625 0.053125 0.0734375
8 0.9734375 0.2234375 0.0515625 0.046875
8 0.9078125 0.215625 0.0265625 0.04375
8 0.871875 0.18125 0.0265625 0.0296875
8 0.821875 0.296875 0.0421875 0.0234375
8 0.78125 0.378125 0.034375 0.0640625
8 0.7421875 0.40625 0.040625 0.0328125
8 0.403125 0.00859375 0.0875 0.0171875
8 0.4484375 0.053125 0.028125 0.0546875
8 0.4796875 0.1375 0.0640625 0.0515625
8 0.534375 0.1265625 0.0375 0.06875
8 0.603125 0.0828125 0.040625 0.071875
8 0.646875 0.1046875 0.046875 0.0609375
8 0.7140625 0.0828125 0.040625 0.0640625
8 0.7734375 0.1046875 0.04375 0.0640625
8 0.6046875 0.0453125 0.06875 0.040625
8 0.621875 0.00859375 0.065625 0.0171875
8 0.334375 0.9859375 0.0375 0.028125
8 0.3328125 0.9546875 0.04375 0.0296875
8 0.1953125 0.9859375 0.0875 0.028125
8 0.20625 0.9484375 0.0671875 0.0421875
8 0.228125 0.903125 0.0546875 0.0453125
8 0.2765625 0.86875 0.0375 0.05
8 0.2328125 0.884375 0.0484375 0.0328125
8 0.19375 0.8578125 0.0453125 0.0484375
8 0.0671875 0.1421875 0.05 0.0453125
8 0.175 0.01875 0.078125 0.0375
8 0.2390625 0.0359375 0.04375 0.04375
8 0.2765625 0.065625 0.028125 0.065625
8 0.296875 0.1359375 0.053125 0.0546875
8 0.53203125 0.97734375 0.0390625 0.0453125
8 0.4859375 0.9609375 0.0421875 0.0484375
8 0.4640625 0.9796875 0.0515625 0.040625
8 0.4140625 0.953125 0.0359375 0.0375
8 0.3984375 0.9109375 0.071875 0.0375
8 0.4578125 0.846875 0.040625 0.028125
8 0.5171875 0.8734375 0.0453125 0.0484375
8 0.5828125 0.8859375 0.046875 0.040625
8 0.6078125 0.853125 0.0546875 0.0390625
8 0.5765625 0.84375 0.0265625 0.021875
8 0.7125 0.9296875 0.071875 0.046875
8 0.7859375 0.846875 0.0265625 0.028125
8 0.7546875 0.97734375 0.040625 0.0453125
8 0.6765625 0.9875 0.025 0.025
8 0.6328125 0.9671875 0.0546875 0.05625
8 0.8484375 0.00546875 0.025 0.0109375
8 0.971875 0.0203125 0.053125 0.040625
8 0.9734375 0.1078125 0.0515625 0.046875
8 0.9078125 0.115625 0.0265625 0.04375
8 0.871875 0.15 0.0265625 0.0296875
8 0.821875 0.034375 0.0421875 0.0234375