13 0.465625 0.7578125 0.1375 0.084375
13 0.39375 0.628125 0.103125 0.078125
13 0.5046875 0.5765625 0.1109375 0.0734375
13 0.571875 0.6546875 0.096875 0.1265625
13 0.6859375 0.5765625 0.05625 0.1203125
13 0.7328125 0.5375 0.0609375 0.1203125
13 0.7828125 0.525 0.0734375 0.1125
13 0.8453125 0.4765625 0.059375 0.0625
13 0.81875 0.39375 0.0953125 0.121875
13 0.6828125 0.371875 0.090625 0.125
13 0.709375 0.284375 0.1171875 0.0859375
13 0.61875 0.3375 0.065625 0.1234375
13 0.55 0.34375 0.08125 0.128125
13 0.546875 0.4484375 0.0875 0.1171875
13 0.4859375 0.4796875 0.0640625 0.0828125
13 0.4109375 0.4515625 0.0796875 0.1109375
13 0.340625 0.415625 0.0578125 0.1078125
13 0.2609375 0.334375 0.090625 0.1171875
13 0.19375 0.4046875 0.0984375 0.0625
13 0.2515625 0.4796875 0.059375 0.103125
13 0.2671875 0.5875 0.0921875 0.109375
13 0.175 0.6953125 0.1046875 0.065625
13 0.18125 0.7953125 0.1171875 0.0734375
13 0.2046875 0.9015625 0.1328125 0.0703125
13 0.3109375 0.8453125 0.1140625 0.06875
13 0.4078125 0.8734375 0.1046875 0.0859375
13 0.35625 0.9421875 0.0984375 0.1
13 0.6765625 0.909375 0.1046875 0.121875
13 0.7515625 0.7296875 0.109375 0.1109375
13 0.396875 0.1453125 0.10625 0.0640625
13 0.4078125 0.05625 0.09375 0.05625
13 0.215625 0.025 0.084375 0.05
13 0.159375 0.0515625 0.0734375 0.0859375
13 0.1578125 0.1390625 0.0703125 0.071875
13 0.296875 0.1609375 0.0796875 0.0984375
13 0.3 0.2203125 0.11875 0.0703125
13 0.3234375 0.2734375 0.109375 0.059375
13 0.1546875 0.3703125 0.0625 0.1203125
13 0.99375 0.5359375 0.0125 0.1203125
13 0.965625 0.525 0.06875 0.1125
13 0.90625 0.4765625 0.059375 0.0625
13 0.9328125 0.39375 0.0953125 0.121875
13 0.015625 0.3328125 0.03125 0.1171875
13 0.053125 0.4046875 0.0984375 0.0625
13 0.0125 0.4796875 0.025 0.103125
13 0.0125 0.5875 0.025 0.109375
13 0.071875 0.6953125 0.1046875 0.065625
13 0.065625 0.7953125 0.1171875 0.0734375
13 0.053125 0.89921875 0.10625 0.0703125
13 0.971875 0.728125 0.0546875 0.1109375
13 0.0359375 0.025 0.071875 0.05
13 0.0875 0.0515625 0.0734375 0.0859375
13 0.0890625 0.1390625 0.0703125 0.071875
13 0.0921875 0.3703125 0.0625 0.1203125