13 0.675 0.6921875 0.171875 0.2625
13 0.7953125 0.4984375 0.1328125 0.259375
13 0.690625 0.221875 0.2609375 0.15
13 0.5296875 0.2203125 0.2 0.165625
13 0.5078125 0.3265625 0.275 0.0984375
13 0.1875 0.3703125 0.20625 0.084375
13 0.2375 0.4609375 0.2390625 0.0890625
13 0.3921875 0.4890625 0.146875 0.134375
13 0.484375 0.671875 0.1890625 0.29375
13 0.5734375 0.5109375 0.2046875 0.1515625
13 0.56875 0.4109375 0.234375 0.13125
13 0.3390625 0.3515625 0.11875 0.1171875
13 0.209375 0.603125 0.2640625 0.290625
13 0.675 0.9625 0.171875 0.0734375
13 0.6890625 0.0515625 0.2609375 0.103125
13 0.5296875 0.05625 0.2 0.1125
13 0.4828125 0.965625 0.1890625 0.06875