8 0.4234375 0.340625 0.025 0.0171875
8 0.4578125 0.3828125 0.01875 0.0265625
8 0.446875 0.41875 0.0140625 0.0140625
8 0.5 0.4296875 0.009375 0.0125
8 0.5296875 0.425 0.01875 0.0171875
8 0.653125 0.6 0.015625 0.015625
8 0.640625 0.61875 0.015625 0.021875
8 0.6578125 0.7828125 0.0203125 0.021875
8 0.35625 0.678125 0.0140625 0.015625
8 0.39375 0.5953125 0.0125 0.0171875
8 0.365625 0.5625 0.021875 0.0109375
8 0.38125 0.546875 0.015625 0.009375
8 0.384375 0.5234375 0.015625 0.0109375
8 0.4046875 0.5359375 0.0171875 0.0109375
8 0.403125 0.503125 0.009375 0.0125
8 0.3828125 0.4859375 0.009375 0.0140625
8 0.384375 0.4546875 0.0125 0.0125
8 0.2796875 0.471875 0.0234375 0.015625
8 0.303125 0.428125 0.0078125 0.0234375
8 0.3109375 0.403125 0.0109375 0.0140625
8 0.06875 0.5390625 0.0171875 0.0171875
8 0.6578125 0.88125 0.0203125 0.021875
8 0.35625 0.9859375 0.0140625 0.015625