8 0.54375 0.790625 0.0359375 0.025
8 0.8734375 0.5078125 0.0171875 0.0203125
8 0.89375 0.5171875 0.0171875 0.021875
8 0.925 0.5359375 0.025 0.025
8 0.8921875 0.540625 0.01875 0.025
8 0.9421875 0.5078125 0.021875 0.0328125
8 0.7453125 0.346875 0.0359375 0.0265625
8 0.703125 0.3890625 0.0265625 0.021875
8 0.753125 0.3765625 0.0296875 0.0265625
8 0.925 0.6859375 0.0265625 0.0140625
8 0.75 0.5921875 0.025 0.03125
8 0.1359375 0.6375 0.0296875 0.025
8 0.115625 0.6640625 0.0390625 0.0234375
8 0.1328125 0.7671875 0.0328125 0.0296875
8 0.4078125 0.809375 0.0328125 0.015625
8 0.3953125 0.8375 0.0328125 0.0203125
8 0.45 0.7046875 0.0421875 0.028125
8 0.9328125 0.803125 0.025 0.0484375
8 0.3203125 0.4828125 0.021875 0.0171875
8 0.328125 0.5265625 0.015625 0.01875
8 0.24375 0.4578125 0.0296875 0.0296875
8 0.1125 0.3984375 0.0296875 0.0296875
8 0.0390625 0.4515625 0.040625 0.0265625
8 0.0765625 0.4609375 0.0203125 0.021875
8 0.0765625 0.490625 0.0390625 0.0203125
8 0.096875 0.5796875 0.021875 0.0265625
8 0.54375 0.959375 0.0359375 0.025
8 0.1328125 0.9828125 0.0328125 0.0296875
8 0.4078125 0.940625 0.0328125 0.015625
8 0.3953125 0.9125 0.0328125 0.0203125
8 0.9328125 0.946875 0.025 0.0484375