13 0.55 0.8234375 0.1171875 0.1828125
13 0.371875 0.628125 0.15 0.1453125
13 0.4359375 0.4859375 0.09375 0.125
13 0.3953125 0.353125 0.153125 0.065625
13 0.3578125 0.421875 0.1546875 0.1296875
13 0.359375 0.259375 0.0984375 0.1296875
13 0.4375 0.2671875 0.065625 0.1609375
13 0.5078125 0.2765625 0.075 0.1421875
13 0.5625 0.365625 0.1625 0.0671875
13 0.65625 0.1859375 0.1390625 0.19375
13 0.5421875 0.1546875 0.1234375 0.13125
13 0.725 0.4484375 0.10625 0.1265625
13 0.596875 0.4375 0.1296875 0.0890625
13 0.53125 0.4125 0.103125 0.0625
13 0.0171875 0.6265625 0.034375 0.1453125
13 0.025 0.4203125 0.05 0.1296875
13 0.009375 0.25703125 0.01875 0.1296875
13 0.96875 0.1859375 0.0625 0.19375
13 0.9390625 0.4484375 0.10625 0.1265625