8 0.4046875 0.4171875 0.0890625 0.1171875
8 0.45625 0.48125 0.0515625 0.053125
8 0.5015625 0.378125 0.046875 0.0765625
8 0.5453125 0.5078125 0.05 0.05625
8 0.6078125 0.5765625 0.0453125 0.0765625
8 0.5203125 0.55625 0.040625 0.0390625
8 0.8171875 0.3203125 0.0359375 0.0484375
8 0.85625 0.259375 0.025 0.0390625
8 0.8890625 0.2796875 0.025 0.05625
8 0.8421875 0.46875 0.03125 0.0546875
8 0.6015625 0.728125 0.059375 0.05
8 0.628125 0.6796875 0.03125 0.0234375
8 0.590625 0.6421875 0.03125 0.0265625
8 0.6390625 0.78125 0.0296875 0.0234375
8 0.6453125 0.7390625 0.025 0.0328125
8 0.6109375 0.8546875 0.01875 0.0375
8 0.5703125 0.8515625 0.0203125 0.0359375
8 0.5 0.865625 0.03125 0.015625
8 0.5046875 0.8125 0.03125 0.0296875
8 0.5125 0.759375 0.0390625 0.0265625
8 0.4484375 0.7421875 0.0171875 0.0265625
8 0.48125 0.7359375 0.021875 0.0234375
8 0.509375 0.709375 0.03125 0.0171875
8 0.465625 0.703125 0.0359375 0.0546875
8 0.453125 0.6578125 0.021875 0.03125
8 0.309375 0.58125 0.053125 0.0375
8 0.25 0.6203125 0.0265625 0.04375
8 0.7265625 0.8296875 0.03125 0.0375
8 0.696875 0.8203125 0.0328125 0.028125
8 0.7796875 0.8265625 0.0234375 0.0234375
8 0.85625 0.0046875 0.025 0.009375
8 0.6390625 0.96875 0.0296875 0.0234375
8 0.6109375 0.8953125 0.01875 0.0375
8 0.5703125 0.8984375 0.0203125 0.0359375
8 0.5 0.884375 0.03125 0.015625
8 0.5046875 0.9375 0.03125 0.0296875
8 0.51171875 0.98828125 0.0390625 0.0234375
8 0.44765625 0.996875 0.0171875 0.00625
8 0.7265625 0.9203125 0.03125 0.0375
8 0.696875 0.9296875 0.0328125 0.028125
8 0.7796875 0.9234375 0.0234375 0.0234375