4 0.6625 0.325 0.1 0.0671875
4 0.7234375 0.26875 0.0984375 0.0546875
4 0.7390625 0.203125 0.109375 0.0765625
4 0.88125 0.3515625 0.071875 0.103125
4 0.4296875 0.228125 0.1140625 0.084375
4 0.3390625 0.634375 0.0640625 0.128125
4 0.0359375 0.31875 0.071875 0.0796875
4 0.9765625 0.6453125 0.0453125 0.10625
4 0.6625 0.01953125 0.1 0.0390625
4 0.7234375 0.0625 0.0984375 0.0546875
4 0.7390625 0.128125 0.109375 0.0765625
4 0.88125 0.015625 0.071875 0.03125
4 0.4296875 0.103125 0.1140625 0.084375
4 0.33828125 0.9828125 0.0640625 0.034375
4 0.0359375 0.02578125 0.071875 0.0515625
4 0.97578125 0.9828125 0.0453125 0.034375