11 0.3984375 0.3234375 0.0734375 0.0625
11 0.3390625 0.5390625 0.0546875 0.0546875
11 0.2640625 0.234375 0.0671875 0.028125
11 0.09375 0.6875 0.0640625 0.034375
11 0.0234375 0.75625 0.046875 0.040625
11 0.2421875 0.65625 0.0375 0.040625
11 0.3421875 0.7 0.0421875 0.025
11 0.30625 0.596875 0.0328125 0.034375
11 0.346875 0.5765625 0.040625 0.040625
11 0.30625 0.6359375 0.0375 0.028125
11 0.465625 0.559375 0.0328125 0.0421875
11 0.44375 0.5515625 0.0328125 0.0421875
11 0.4453125 0.4125 0.0265625 0.05625
11 0.4078125 0.3703125 0.0265625 0.0484375
11 0.46875 0.3609375 0.025 0.04375
11 0.5421875 0.2390625 0.0359375 0.0328125
11 0.521875 0.3609375 0.0296875 0.0359375
11 0.5109375 0.678125 0.01875 0.034375
11 0.1765625 0.3046875 0.0421875 0.04375
11 0.1765625 0.2375 0.0328125 0.0390625
11 0.6296875 0.2265625 0.0296875 0.0171875
11 0.103125 0.621875 0.0484375 0.0546875
11 0.0296875 0.671875 0.059375 0.04375
11 0.0171875 0.7171875 0.0296875 0.046875
11 0.3984375 0.1140625 0.0734375 0.0625
11 0.2640625 0.203125 0.0671875 0.028125
11 0.09375 0.875 0.0640625 0.034375
11 0.0234375 0.80625 0.046875 0.040625
11 0.2421875 0.90625 0.0375 0.040625
11 0.3421875 0.8625 0.0421875 0.025
11 0.30625 0.965625 0.0328125 0.034375
11 0.346875 0.9828125 0.040625 0.034375
11 0.30625 0.9265625 0.0375 0.028125
11 0.4640625 0.990625 0.0328125 0.01875
11 0.4421875 0.99375 0.0328125 0.0109375
11 0.44375 0.0265625 0.0265625 0.053125
11 0.4078125 0.0671875 0.0265625 0.0484375
11 0.46875 0.0765625 0.025 0.04375
11 0.5421875 0.1984375 0.0359375 0.0328125
11 0.521875 0.0765625 0.0296875 0.0359375
11 0.5109375 0.884375 0.01875 0.034375
11 0.1765625 0.1328125 0.0421875 0.04375
11 0.1765625 0.2 0.0328125 0.0390625
11 0.6296875 0.2109375 0.0296875 0.0171875
11 0.103125 0.940625 0.0484375 0.0546875
11 0.0296875 0.890625 0.059375 0.04375
11 0.0171875 0.8453125 0.0296875 0.046875