13 0.55 0.3796875 0.0546875 0.0765625
13 0.5390625 0.43125 0.06875 0.05
13 0.5625 0.4671875 0.053125 0.04375
13 0.61875 0.4578125 0.071875 0.04375
13 0.6203125 0.5546875 0.0640625 0.053125
13 0.6734375 0.590625 0.0546875 0.046875
13 0.69375 0.6203125 0.0609375 0.0453125
13 0.709375 0.5546875 0.0453125 0.05
13 0.846875 0.8203125 0.0703125 0.071875
13 0.7515625 0.7046875 0.0390625 0.05
13 0.6953125 0.6953125 0.05 0.0625
13 0.65 0.665625 0.05 0.0390625
13 0.6390625 0.6328125 0.05 0.04375
13 0.6078125 0.6296875 0.0359375 0.065625
13 0.56875 0.5984375 0.040625 0.0609375
13 0.5484375 0.64375 0.04375 0.0484375
13 0.5078125 0.5546875 0.05 0.053125
13 0.471875 0.5703125 0.0578125 0.0265625
13 0.4109375 0.54375 0.0484375 0.0390625
13 0.384375 0.5453125 0.0359375 0.0390625
13 0.3453125 0.5625 0.0421875 0.065625
13 0.38125 0.603125 0.0546875 0.065625
13 0.4203125 0.6546875 0.0546875 0.0421875
13 0.4734375 0.61875 0.04375 0.0609375
13 0.5046875 0.721875 0.0296875 0.065625
13 0.5296875 0.68125 0.0609375 0.0578125
13 0.6296875 0.7390625 0.04375 0.0515625
13 0.478125 0.40625 0.0375 0.0515625
13 0.4296875 0.4328125 0.059375 0.0328125
13 0.39375 0.40625 0.0296875 0.078125
13 0.359375 0.3921875 0.04375 0.0609375
13 0.3125 0.453125 0.065625 0.0421875
13 0.28125 0.396875 0.04375 0.0546875
13 0.284375 0.325 0.040625 0.05
13 0.221875 0.490625 0.04375 0.0546875
13 0.28125 0.5421875 0.0609375 0.034375
13 0.459375 0.3078125 0.05 0.071875
13 0.5015625 0.2828125 0.0453125 0.059375
13 0.578125 0.2578125 0.0609375 0.0453125
13 0.6328125 0.3 0.053125 0.04375
13 0.6015625 0.321875 0.0359375 0.0625
13 0.584375 0.19375 0.071875 0.046875
13 0.8296875 0.215625 0.0671875 0.0765625
13 0.4484375 0.2375 0.0328125 0.0765625
13 0.3859375 0.253125 0.0671875 0.0390625
13 0.3828125 0.3109375 0.0609375 0.046875
13 0.846875 0.9296875 0.0703125 0.071875
13 0.6296875 0.9921875 0.04375 0.015625
13 0.57578125 0.00625 0.0609375 0.0125
13 0.584375 0.05625 0.071875 0.046875
13 0.828125 0.0359375 0.0671875 0.071875
13 0.446875 0.025 0.0328125 0.05
13 0.384375 0.0078125 0.0671875 0.015625