11 0.2515625 0.4421875 0.0296875 0.0203125
11 0.01875 0.4875 0.0359375 0.021875
11 0.096875 0.4453125 0.0375 0.015625
11 0.0546875 0.628125 0.0328125 0.0203125
11 0.203125 0.453125 0.0296875 0.028125
11 0.871875 0.35 0.03125 0.0171875
11 0.50625 0.503125 0.0203125 0.0265625
11 0.615625 0.3671875 0.0234375 0.03125
11 0.5578125 0.446875 0.025 0.025
11 0.7703125 0.384375 0.034375 0.0171875
11 0.7296875 0.3828125 0.021875 0.0328125
11 0.25625 0.553125 0.03125 0.015625
11 0.5703125 0.4734375 0.0328125 0.0203125
11 0.6671875 0.3765625 0.03125 0.021875
11 0.70625 0.3859375 0.028125 0.021875
11 0.625 0.4171875 0.0296875 0.0265625
11 0.4703125 0.36875 0.0203125 0.028125
11 0.4546875 0.4890625 0.0203125 0.0265625
11 0.390625 0.4609375 0.028125 0.025
11 0.5359375 0.384375 0.028125 0.021875
11 0.5390625 0.5140625 0.0359375 0.0203125
11 0.403125 0.4046875 0.0296875 0.021875
11 0.3234375 0.44375 0.0234375 0.03125
11 0.35 0.4984375 0.0328125 0.0171875
11 0.7515625 0.2875 0.0375 0.0171875
11 0.5109375 0.371875 0.0234375 0.025
11 0.6734375 0.3421875 0.025 0.0265625
11 0.6796875 0.2921875 0.034375 0.015625