11 0.5515625 0.440625 0.0265625 0.0453125
11 0.584375 0.528125 0.025 0.0515625
11 0.3234375 0.8296875 0.025 0.05625
11 0.3828125 0.5171875 0.0390625 0.0359375
11 0.7421875 0.615625 0.028125 0.0484375
11 0.7453125 0.6453125 0.03125 0.034375
11 0.6203125 0.478125 0.05625 0.0328125
11 0.6765625 0.4671875 0.0578125 0.034375
11 0.6296875 0.615625 0.0328125 0.03125
11 0.703125 0.571875 0.0546875 0.0296875
11 0.7609375 0.8734375 0.0359375 0.03125
11 0.2375 0.5484375 0.0375 0.034375
11 0.2359375 0.5765625 0.034375 0.025
11 0.378125 0.6953125 0.0421875 0.01875
11 0.2859375 0.6921875 0.0328125 0.0375
11 0.978125 0.528125 0.025 0.0515625
11 0.1140625 0.8296875 0.025 0.05625
11 0.0546875 0.5171875 0.0390625 0.0359375
11 0.8203125 0.615625 0.028125 0.0484375
11 0.8171875 0.6453125 0.03125 0.034375
11 0.9421875 0.478125 0.05625 0.0328125
11 0.8859375 0.4671875 0.0578125 0.034375
11 0.9328125 0.615625 0.0328125 0.03125
11 0.859375 0.571875 0.0546875 0.0296875
11 0.8015625 0.8734375 0.0359375 0.03125
11 0.2 0.5484375 0.0375 0.034375
11 0.2015625 0.5765625 0.034375 0.025
11 0.059375 0.6953125 0.0421875 0.01875
11 0.1515625 0.6921875 0.0328125 0.0375