13 0.3 0.709375 0.0546875 0.103125
13 0.4171875 0.7234375 0.0765625 0.0765625
13 0.225 0.7765625 0.0390625 0.109375
13 0.2984375 0.6109375 0.0390625 0.071875
13 0.2671875 0.565625 0.0390625 0.0703125
13 0.1421875 0.5125 0.0796875 0.0765625
13 0.68125 0.184375 0.0625 0.0875
13 0.925 0.146875 0.0578125 0.04375
13 0.76875 0.521875 0.0453125 0.09375
13 0.671875 0.590625 0.0515625 0.0640625
13 0.665625 0.6515625 0.071875 0.0546875
13 0.746875 0.659375 0.0890625 0.05
13 0.81875 0.7125 0.0546875 0.0734375
13 0.9171875 0.540625 0.028125 0.0765625
13 0.921875 0.6375 0.071875 0.0546875
13 0.95625 0.8125 0.0609375 0.071875
13 0.6515625 0.846875 0.075 0.05
13 0.6265625 0.7953125 0.0375 0.0875
13 0.4640625 0.4984375 0.0640625 0.071875
13 0.9625 0.7515625 0.0734375 0.034375
13 0.775 0.2890625 0.0375 0.0953125
13 0.4671875 0.38125 0.05625 0.03125
13 0.5109375 0.4125 0.05625 0.065625
13 0.6171875 0.59375 0.0546875 0.0578125
13 0.2234375 0.959375 0.0390625 0.08125
13 0.68125 0.065625 0.0625 0.0875
13 0.925 0.103125 0.0578125 0.04375
13 0.95625 0.9375 0.0609375 0.071875
13 0.6515625 0.903125 0.075 0.05
13 0.6265625 0.9546875 0.0375 0.0875
13 0.9609375 0.990625 0.0734375 0.01875