8 0.4984375 0.4671875 0.15625 0.3296875
8 0.415625 0.40625 0.13125 0.0859375
8 0.3625 0.5078125 0.178125 0.090625
8 0.3046875 0.6578125 0.15 0.1359375
8 0.371875 0.7125 0.20625 0.1078125
8 0.6921875 0.590625 0.20625 0.125
8 0.75625 0.521875 0.1796875 0.1171875
8 0.6015625 0.4328125 0.2015625 0.0953125
8 0.6390625 0.3421875 0.20625 0.1140625
8 0.4234375 0.2953125 0.10625 0.128125
8 0.3015625 0.39375 0.128125 0.075
8 0.3046875 0.96875 0.15 0.0625
8 0.371875 0.9484375 0.20625 0.103125
8 0.6390625 0.02421875 0.20625 0.0484375
8 0.4234375 0.0515625 0.10625 0.103125