8 0.5625 0.5140625 0.1546875 0.24375
8 0.7296875 0.453125 0.1328125 0.21875
8 0.7453125 0.26875 0.084375 0.115625
8 0.8171875 0.6203125 0.1140625 0.115625
8 0.353125 0.6984375 0.115625 0.165625
8 0.2265625 0.871875 0.178125 0.0765625
8 0.321875 0.378125 0.1734375 0.1109375
8 0.440625 0.1578125 0.215625 0.1328125
8 0.525 0.0796875 0.0828125 0.0734375
8 0.234375 0.2359375 0.0625 0.1125
8 0.153125 0.2171875 0.05625 0.0734375
8 0.9765625 0.453125 0.046875 0.21875
8 0.98125 0.26875 0.0375 0.115625
8 0.9328125 0.6203125 0.1140625 0.115625
8 0.05625 0.87109375 0.1125 0.0765625
8 0.0234375 0.2359375 0.046875 0.1125
8 0.096875 0.2171875 0.05625 0.0734375