13 0.409375 0.4296875 0.1890625 0.2046875
13 0.8015625 0.5421875 0.1078125 0.2015625
13 0.6859375 0.5015625 0.1125 0.2359375
13 0.5875 0.4484375 0.0984375 0.2359375
13 0.5 0.4640625 0.1484375 0.2234375
13 0.3375 0.3875 0.2203125 0.221875
13 0.2875 0.3296875 0.209375 0.13125
13 0.190625 0.221875 0.2109375 0.1375
13 0.95 0.3765625 0.096875 0.19375
13 0.84375 0.440625 0.1203125 0.203125
13 0.1640625 0.1328125 0.2109375 0.0609375
13 0.19375 0.0796875 0.1984375 0.0671875
13 0.04375 0.1234375 0.0875 0.1609375
13 0.1921875 0.021875 0.1984375 0.04375
13 0.04375 0.021875 0.0875 0.04375