11 0.5265625 0.6015625 0.059375 0.090625
11 0.2984375 0.4203125 0.0625 0.084375
11 0.4734375 0.55625 0.0609375 0.0640625
11 0.5421875 0.453125 0.065625 0.0859375
11 0.1953125 0.4453125 0.053125 0.08125
11 0.6171875 0.5453125 0.0953125 0.040625
11 0.584375 0.5078125 0.09375 0.0484375
11 0.7234375 0.6203125 0.071875 0.0703125
11 0.5796875 0.609375 0.0609375 0.0859375
11 0.240625 0.45 0.05625 0.075
11 0.41875 0.575 0.0625 0.075
11 0.659375 0.4015625 0.0640625 0.05
11 0.6484375 0.6015625 0.0546875 0.071875
11 0.890625 0.603125 0.08125 0.0453125
11 0.465625 0.428125 0.0609375 0.0828125
11 0.421875 0.50625 0.08125 0.0484375
11 0.4859375 0.3828125 0.071875 0.075
11 0.58125 0.3765625 0.075 0.0640625
11 0.3765625 0.396875 0.0703125 0.078125
11 0.3234375 0.5765625 0.06875 0.0484375
11 0.3734375 0.6453125 0.06875 0.0515625
11 0.228125 0.5578125 0.05625 0.05
11 0.1890625 0.5421875 0.0640625 0.0625
11 0.146875 0.5421875 0.0921875 0.0421875
11 0.14375 0.453125 0.0546875 0.0796875
11 0.2375 0.5984375 0.06875 0.0609375
11 0.7140625 0.571875 0.03125 0.065625
11 0.684375 0.6 0.03125 0.071875
11 0.559375 0.5859375 0.04375 0.0671875
11 0.4609375 0.60625 0.0296875 0.0875
11 0.3953125 0.596875 0.040625 0.059375
11 0.7453125 0.41875 0.05625 0.071875
11 0.70625 0.4296875 0.0453125 0.0421875
11 0.9046875 0.490625 0.0453125 0.028125
11 0.7859375 0.5171875 0.0515625 0.0421875
11 0.7703125 0.54375 0.05 0.0484375
11 0.3484375 0.3890625 0.040625 0.078125
11 0.9625 0.409375 0.046875 0.0703125
11 0.8046875 0.60625 0.040625 0.015625
11 0.5265625 0.9875 0.059375 0.0234375
11 0.7234375 0.9828125 0.071875 0.0328125
11 0.578125 0.984375 0.0609375 0.0296875
11 0.4859375 0.0140625 0.071875 0.028125
11 0.58125 0.0140625 0.075 0.028125
11 0.37421875 0.0078125 0.0703125 0.015625
11 0.3734375 0.975 0.06875 0.0484375
11 0.459375 0.9859375 0.0296875 0.0265625
11 0.3484375 0.0125 0.040625 0.025