13 0.3171875 0.1828125 0.0796875 0.075
13 0.34375 0.2671875 0.10625 0.0890625
13 0.4171875 0.35 0.09375 0.10625
13 0.2640625 0.5125 0.0765625 0.0671875
13 0.20625 0.5265625 0.071875 0.05625
13 0.109375 0.5265625 0.0671875 0.059375
13 0.0296875 0.3734375 0.059375 0.05625
13 0.403125 0.509375 0.1 0.065625
13 0.3421875 0.584375 0.1078125 0.0984375
13 0.446875 0.61875 0.05625 0.1140625
13 0.384375 0.7328125 0.121875 0.0796875
6 0.290625 0.753125 0.109375 0.103125
6 0.2828125 0.8375 0.1 0.0765625
6 0.59375 0.6640625 0.0578125 0.1328125
6 0.7421875 0.484375 0.1 0.0984375
6 0.7578125 0.353125 0.0609375 0.1078125
6 0.815625 0.2921875 0.059375 0.1109375
6 0.8515625 0.221875 0.0609375 0.1125
6 0.60625 0.3578125 0.090625 0.05
6 0.7109375 0.371875 0.0765625 0.096875
6 0.6765625 0.621875 0.1140625 0.0875
6 0.865625 0.3328125 0.046875 0.0890625
6 0.2828125 0.9796875 0.1 0.0390625