13 0.684375 0.63125 0.1703125 0.153125
13 0.665625 0.2359375 0.0953125 0.1359375
13 0.803125 0.1875 0.1328125 0.109375
13 0.6984375 0.075 0.09375 0.15
13 0.409375 0.03125 0.1484375 0.0625
13 0.309375 0.15625 0.15625 0.1078125
13 0.2359375 0.06875 0.128125 0.0546875
13 0.2828125 0.2671875 0.1328125 0.153125
13 0.28125 0.453125 0.0890625 0.1484375
13 0.1921875 0.628125 0.134375 0.140625
13 0.4625 0.7828125 0.1859375 0.196875
13 0.434375 0.8609375 0.2 0.1
13 0.44375 0.5640625 0.08125 0.071875
13 0.9390625 0.1875 0.1203125 0.109375
13 0.0390625 0.0671875 0.078125 0.0546875
13 0.015625 0.2671875 0.03125 0.153125
13 0.0625 0.628125 0.125 0.140625