4 0.475 0.4421875 0.028125 0.059375
4 0.5953125 0.46875 0.0390625 0.0625
4 0.559375 0.36875 0.0453125 0.053125
4 0.375 0.3171875 0.0546875 0.040625
4 0.3078125 0.328125 0.053125 0.0390625
4 0.209375 0.3765625 0.0578125 0.0625
4 0.165625 0.29375 0.05 0.04375
4 0.0328125 0.340625 0.059375 0.0625
4 0.375 0.40625 0.0453125 0.0671875
4 0.3921875 0.440625 0.0515625 0.05
4 0.34375 0.365625 0.028125 0.05
4 0.678125 0.3265625 0.0390625 0.0375
4 0.671875 0.25625 0.04375 0.0265625
4 0.9625 0.4453125 0.0734375 0.04375
4 0.36875 0.2390625 0.0296875 0.0421875
4 0.325 0.23125 0.0484375 0.028125
4 0.671875 0.003125 0.04375 0.00625
4 0.36796875 0.015625 0.0296875 0.03125
4 0.325 0.01875 0.0484375 0.028125