11 0.784375 0.5625 0.046875 0.034375
11 0.49375 0.5421875 0.053125 0.021875
11 0.7890625 0.8140625 0.0515625 0.0265625
11 0.2703125 0.45625 0.05 0.01875
11 0.425 0.5265625 0.03125 0.0203125
11 0.7046875 0.540625 0.0296875 0.0296875
11 0.6109375 0.525 0.0328125 0.0234375
11 0.35 0.5015625 0.0390625 0.0171875
11 0.3984375 0.50625 0.0328125 0.0171875
11 0.4671875 0.5046875 0.03125 0.0171875
11 0.6484375 0.55 0.028125 0.025
11 0.55 0.584375 0.03125 0.0359375
11 0.746875 0.7203125 0.0375 0.0234375
11 0.2578125 0.4171875 0.0453125 0.025
11 0.778125 0.6453125 0.025 0.028125
11 0.1734375 0.4625 0.053125 0.021875
11 0.8046875 0.6203125 0.0375 0.0390625
11 0.70625 0.590625 0.04375 0.021875
11 0.0671875 0.4390625 0.0421875 0.0171875
11 0.021875 0.3828125 0.040625 0.0265625
11 0.065625 0.36875 0.046875 0.0328125
11 0.5609375 0.521875 0.059375 0.0265625
11 0.8203125 0.7328125 0.0328125 0.0578125
11 0.8640625 0.690625 0.0359375 0.0453125
11 0.915625 0.8203125 0.0515625 0.0234375
11 0.7890625 0.85 0.0515625 0.0265625
11 0.746875 0.94375 0.0375 0.0234375
11 0.8203125 0.93125 0.0328125 0.0578125
11 0.8640625 0.9734375 0.0359375 0.0453125
11 0.915625 0.84375 0.0515625 0.0234375