8 0.396875 0.3953125 0.090625 0.10625
8 0.465625 0.3296875 0.1234375 0.0796875
8 0.503125 0.196875 0.0484375 0.0609375
8 0.428125 0.165625 0.053125 0.0890625
8 0.1890625 0.0671875 0.128125 0.0640625
8 0.6015625 0.096875 0.103125 0.115625
8 0.6359375 0.3234375 0.125 0.1
8 0.5375 0.334375 0.0734375 0.0734375
8 0.69375 0.475 0.1171875 0.0875
8 0.64375 0.5 0.0640625 0.0828125
8 0.6390625 0.55625 0.0796875 0.0953125
8 0.565625 0.6109375 0.109375 0.028125
8 0.4828125 0.528125 0.1 0.05
8 0.3359375 0.51875 0.0703125 0.0546875
8 0.35 0.5953125 0.0515625 0.0734375
8 0.315625 0.6296875 0.0796875 0.0375
8 0.1953125 0.6078125 0.0625 0.0328125
8 0.1703125 0.5390625 0.0796875 0.0546875
8 0.1640625 0.6671875 0.078125 0.0765625
8 0.3828125 0.6625 0.04375 0.071875
8 0.4703125 0.71875 0.0625 0.0859375
8 0.459375 0.79375 0.04375 0.0609375
8 0.3828125 0.7734375 0.0375 0.0734375
8 0.34375 0.7859375 0.025 0.08125
8 0.540625 0.76875 0.0390625 0.0875
8 0.6109375 0.78125 0.0453125 0.0640625
8 0.559375 0.6890625 0.0859375 0.0734375
8 0.809375 0.759375 0.0890625 0.0609375
8 0.8515625 0.70625 0.0453125 0.0625
8 0.7109375 0.784375 0.078125 0.0796875
8 0.45 0.9703125 0.1078125 0.05625
8 0.0625 0.06640625 0.125 0.0640625
8 0.0546875 0.6078125 0.0625 0.0328125
8 0.0796875 0.5390625 0.0796875 0.0546875
8 0.0859375 0.6671875 0.078125 0.0765625
8 0.940625 0.759375 0.0890625 0.0609375
8 0.8984375 0.70625 0.0453125 0.0625