13 0.4734375 0.5453125 0.15 0.2109375
13 0.26875 0.534375 0.1296875 0.14375
13 0.596875 0.40625 0.1796875 0.1203125
13 0.53125 0.74375 0.128125 0.209375
13 0.0953125 0.221875 0.14375 0.1125
13 0.5265625 0.2390625 0.1109375 0.14375
13 0.8625 0.240625 0.153125 0.1484375
13 0.7453125 0.30625 0.1109375 0.140625
13 0.86875 0.36875 0.175 0.134375
13 0.9296875 0.159375 0.140625 0.06875
13 0.071875 0.63125 0.14375 0.1609375
13 0.53125 0.95 0.128125 0.0984375
13 0.0953125 0.0421875 0.14375 0.084375
13 0.52421875 0.040625 0.1109375 0.08125
13 0.8625 0.040625 0.153125 0.08125
13 0.9296875 0.090625 0.140625 0.06875