13 0.503125 0.165625 0.128125 0.1109375
13 0.6890625 0.1265625 0.15 0.0875
13 0.584375 0.0515625 0.0984375 0.103125
13 0.2125 0.1828125 0.1296875 0.103125
13 0.2546875 0.265625 0.1375 0.0859375
13 0.2734375 0.36875 0.13125 0.16875
13 0.7546875 0.3484375 0.15625 0.1453125
13 0.190625 0.028125 0.1171875 0.05625
13 0.165625 0.1203125 0.0828125 0.1125
13 0.05 0.1828125 0.1 0.103125
13 0.03125 0.26328125 0.0625 0.0859375
13 0.0203125 0.36875 0.040625 0.16875
13 0.9578125 0.346875 0.0828125 0.1453125
13 0.059375 0.028125 0.1171875 0.05625
13 0.084375 0.1203125 0.0828125 0.1125