11 0.378125 0.528125 0.134375 0.0609375
11 0.4234375 0.2703125 0.1375 0.096875
11 0.309375 0.859375 0.121875 0.0734375
11 0.578125 0.703125 0.1 0.1328125
11 0.4296875 0.48125 0.065625 0.078125
11 0.6875 0.5765625 0.13125 0.0671875
11 0.5859375 0.5421875 0.0890625 0.059375
11 0.4359375 0.6171875 0.11875 0.08125
11 0.5 0.359375 0.059375 0.084375
11 0.6875 0.3984375 0.071875 0.1078125
11 0.3265625 0.33125 0.1125 0.0875
11 0.25625 0.459375 0.0609375 0.1046875
11 0.15 0.5890625 0.0796875 0.1171875
11 0.565625 0.2609375 0.0703125 0.071875
11 0.771875 0.6703125 0.06875 0.0640625
11 0.309375 0.934375 0.121875 0.0734375