13 0.4953125 0.559375 0.190625 0.15625
13 0.3734375 0.6765625 0.0796875 0.1296875
13 0.4515625 0.715625 0.084375 0.09375
13 0.6296875 0.7375 0.08125 0.115625
13 0.3515625 0.2921875 0.103125 0.171875
13 0.2328125 0.3421875 0.05625 0.0828125
13 0.2640625 0.4078125 0.103125 0.059375
13 0.16875 0.3578125 0.0859375 0.084375
13 0.1953125 0.6 0.0890625 0.1078125
13 0.1515625 0.775 0.084375 0.0875
13 0.053125 0.65 0.1046875 0.0609375
13 0.0765625 0.5828125 0.0859375 0.0703125
13 0.8171875 0.303125 0.0984375 0.128125
13 0.2859375 0.671875 0.05 0.09375
13 0.284375 0.7625 0.1140625 0.115625
13 0.421875 0.828125 0.1390625 0.090625
13 0.6296875 0.9765625 0.08125 0.0453125
13 0.3515625 0.021875 0.103125 0.04375
13 0.1515625 0.965625 0.084375 0.06875
13 0.2828125 0.9640625 0.1140625 0.0703125
13 0.421875 0.921875 0.1390625 0.090625