11 0.5140625 0.25625 0.128125 0.1609375
11 0.5859375 0.2921875 0.128125 0.10625
11 0.415625 0.296875 0.109375 0.16875
11 0.8515625 0.5125 0.153125 0.190625
11 0.725 0.36875 0.196875 0.1375
11 0.5796875 0.6796875 0.196875 0.096875
11 0.2828125 0.3484375 0.11875 0.18125
11 0.7078125 0.5671875 0.153125 0.121875
11 0.459375 0.6890625 0.109375 0.18125
11 0.184375 0.7609375 0.153125 0.1984375
11 0.56875 0.4515625 0.1703125 0.0859375
11 0.1625 0.3671875 0.14375 0.184375
11 0.4796875 0.4359375 0.1390625 0.128125
11 0.5375 0.503125 0.134375 0.1046875
11 0.5328125 0.5796875 0.1375 0.06875
11 0.415625 0.528125 0.1234375 0.125
11 0.39375 0.6234375 0.1015625 0.1828125
11 0.2765625 0.7140625 0.140625 0.121875
11 0.09375 0.7625 0.0828125 0.1671875
11 0.390625 0.3953125 0.1328125 0.0765625
11 0.628125 0.3390625 0.15 0.0703125
11 0.5140625 0.0359375 0.128125 0.071875
11 0.415625 0.01875 0.109375 0.0375
11 0.184375 0.94375 0.153125 0.1109375
11 0.2765625 0.9875 0.140625 0.025
11 0.0921875 0.9515625 0.0828125 0.096875