8 0.675 0.609375 0.05625 0.0765625
8 0.6359375 0.6703125 0.0796875 0.071875
8 0.6984375 0.7421875 0.0828125 0.0828125
8 0.8046875 0.7890625 0.0765625 0.084375
8 0.8640625 0.7140625 0.0796875 0.0828125
8 0.909375 0.6515625 0.0875 0.059375
8 0.884375 0.571875 0.0734375 0.065625
8 0.7859375 0.525 0.1171875 0.06875
8 0.98125 0.259375 0.0359375 0.0609375
8 0.546875 0.45 0.0921875 0.0484375
8 0.4765625 0.4484375 0.05625 0.0921875
8 0.4359375 0.39375 0.0609375 0.046875
8 0.3484375 0.421875 0.078125 0.0640625
8 0.096875 0.415625 0.05625 0.0796875
8 0.046875 0.6078125 0.0921875 0.0703125
8 0.1984375 0.6546875 0.075 0.0484375
8 0.278125 0.7140625 0.078125 0.0578125
8 0.35 0.6984375 0.078125 0.08125
8 0.3484375 0.6578125 0.075 0.0515625
8 0.3921875 0.584375 0.090625 0.05625
8 0.4171875 0.603125 0.0796875 0.0765625
8 0.509375 0.6015625 0.0921875 0.0546875
8 0.5390625 0.5515625 0.096875 0.0421875
8 0.4875 0.53125 0.0390625 0.0625
8 0.546875 0.525 0.06875 0.078125
8 0.5890625 0.5828125 0.0640625 0.0609375
8 0.540625 0.675 0.053125 0.0796875
8 0.4328125 0.7546875 0.0625 0.0734375
8 0.4546875 0.29375 0.0453125 0.0859375
8 0.3828125 0.35625 0.0609375 0.0578125
8 0.4015625 0.2421875 0.0640625 0.0484375
8 0.63515625 0.97890625 0.0796875 0.0421875
8 0.6984375 0.921875 0.0828125 0.0828125
8 0.8046875 0.875 0.0765625 0.084375
8 0.8640625 0.95 0.0796875 0.0828125
8 0.909375 0.99140625 0.0875 0.0171875
8 0.98125 0.071875 0.0359375 0.0609375
8 0.1984375 0.9921875 0.075 0.015625
8 0.278125 0.95 0.078125 0.0578125
8 0.35 0.9625 0.078125 0.075
8 0.3484375 0.98984375 0.075 0.0203125
8 0.540625 0.97421875 0.053125 0.0515625
8 0.4328125 0.909375 0.0625 0.0734375
8 0.45390625 0.03984375 0.0453125 0.0796875
8 0.4015625 0.0890625 0.0640625 0.0484375