9 0.4484375 0.9265625 0.065625 0.059375
9 0.5296875 0.671875 0.05625 0.053125
9 0.3765625 0.9390625 0.0625 0.0484375
9 0.6078125 0.3125 0.05 0.046875
9 0.234375 0.6140625 0.04375 0.0515625
9 0.38125 0.7453125 0.034375 0.0640625
9 0.521875 0.921875 0.0453125 0.06875
9 0.6171875 0.3578125 0.053125 0.053125
9 0.4140625 0.7421875 0.0328125 0.0671875
9 0.48125 0.5109375 0.0421875 0.0640625
9 0.2953125 0.5203125 0.040625 0.0609375
9 0.6296875 0.75 0.0484375 0.0484375
9 0.4859375 0.634375 0.046875 0.0578125
9 0.40625 0.44375 0.0640625 0.0421875
9 0.6640625 0.9703125 0.0375 0.0578125
9 0.4796875 0.228125 0.0640625 0.0578125
9 0.621875 0.66875 0.03125 0.0625
9 0.278125 0.609375 0.0390625 0.0546875
9 0.590625 0.7359375 0.03125 0.071875
9 0.3625 0.8109375 0.0328125 0.065625
9 0.446875 0.60625 0.0390625 0.0484375
9 0.2953125 0.85 0.0421875 0.06875
9 0.534375 0.765625 0.05 0.05625
9 0.2125 0.5703125 0.0546875 0.04375
9 0.34375 0.734375 0.0484375 0.040625
9 0.4390625 0.3875 0.0484375 0.0421875
9 0.3921875 0.590625 0.053125 0.0421875
9 0.3640625 0.465625 0.0375 0.0578125
9 0.3609375 0.5265625 0.04375 0.0390625
9 0.4078125 0.3265625 0.0328125 0.05
9 0.228125 0.778125 0.0359375 0.0703125
9 0.3234375 0.421875 0.0390625 0.065625
9 0.3390625 0.6078125 0.0515625 0.0484375
9 0.396875 0.6796875 0.028125 0.0625
9 0.6359375 0.7109375 0.0375 0.04375
9 0.4484375 0.7375 0.046875 0.04375
9 0.553125 0.7375 0.0484375 0.046875
9 0.159375 0.61875 0.0515625 0.04375
9 0.496875 0.5453125 0.0390625 0.05625
9 0.3640625 0.665625 0.034375 0.053125
9 0.4390625 0.5234375 0.0421875 0.0546875
9 0.628125 0.4359375 0.0421875 0.06875
9 0.209375 0.8375 0.046875 0.0625
9 0.6625 0.371875 0.059375 0.0453125
9 0.36875 0.325 0.0421875 0.0328125
9 0.1984375 0.928125 0.040625 0.0421875
9 0.64375 0.4984375 0.0375 0.065625
9 0.4046875 0.28125 0.028125 0.04375
9 0.8109375 0.7953125 0.034375 0.0484375
9 0.8296875 0.4578125 0.0609375 0.0328125
9 0.378125 0.8140625 0.053125 0.0375
9 0.475 0.428125 0.0484375 0.021875
9 0.803125 0.2359375 0.0375 0.0640625
9 0.25625 0.3609375 0.034375 0.03125
9 0.3171875 0.4796875 0.046875 0.0296875
9 0.2875 0.6484375 0.053125 0.0296875
9 0.3453125 0.678125 0.025 0.0359375
9 0.3671875 0.703125 0.034375 0.053125
9 0.01875 0.6125 0.0375 0.0515625
9 0.0375 0.5703125 0.0546875 0.04375
9 0.021875 0.778125 0.0359375 0.0703125
9 0.090625 0.61875 0.0515625 0.04375
9 0.040625 0.8375 0.046875 0.0625
9 0.0515625 0.928125 0.040625 0.0421875
9 0.9390625 0.7953125 0.034375 0.0484375
9 0.9203125 0.4578125 0.0609375 0.0328125
9 0.946875 0.2359375 0.0375 0.0640625
9 0.0046875 0.3609375 0.009375 0.03125