8 0.4921875 0.54375 0.0625 0.0890625
8 0.5109375 0.4734375 0.0828125 0.0703125
8 0.6890625 0.4578125 0.065625 0.090625
8 0.390625 0.7203125 0.071875 0.053125
8 0.415625 0.7828125 0.1015625 0.046875
8 0.240625 0.459375 0.05 0.0828125
8 0.2234375 0.3921875 0.0859375 0.0640625
8 0.140625 0.4203125 0.0328125 0.0609375
8 0.1375 0.4609375 0.025 0.0515625
8 0.271875 0.096875 0.059375 0.075
8 0.715625 0.078125 0.0578125 0.0421875
8 0.7828125 0.028125 0.0640625 0.0484375
8 0.8578125 0.1328125 0.0296875 0.06875
8 0.0171875 0.45859375 0.034375 0.0828125
8 0.034375 0.39140625 0.06875 0.0640625
8 0.109375 0.4203125 0.0328125 0.0609375
8 0.1125 0.4609375 0.025 0.0515625
8 0.9625 0.028125 0.0640625 0.0484375
8 0.8875 0.1328125 0.0296875 0.06875