10 0.48125 0.409375 0.103125 0.1328125
10 0.446875 0.48125 0.0453125 0.1
10 0.5609375 0.60625 0.096875 0.03125
10 0.5 0.571875 0.0890625 0.04375
10 0.6109375 0.54375 0.0796875 0.0578125
10 0.5375 0.503125 0.0859375 0.04375
10 0.459375 0.6609375 0.071875 0.1046875
10 0.5203125 0.6296875 0.0921875 0.084375
6 0.5 0.759375 0.046875 0.09375
6 0.53125 0.6953125 0.1 0.084375
6 0.6109375 0.8390625 0.103125 0.0984375
6 0.0984375 0.1296875 0.0515625 0.125
6 0.065625 0.065625 0.0453125 0.0953125
6 0.0796875 0.3 0.071875 0.078125
6 0.5671875 0.128125 0.1265625 0.0890625
6 0.9265625 0.4703125 0.05 0.1375
6 0.00625 0.1296875 0.0125 0.125
6 0.021875 0.0640625 0.04375 0.0953125
6 0.021875 0.3 0.04375 0.078125
6 0.9765625 0.4703125 0.0453125 0.1375