11 0.465625 0.6765625 0.084375 0.1140625
11 0.8234375 0.8 0.0953125 0.08125
11 0.7828125 0.8640625 0.115625 0.0984375
11 0.521875 0.5484375 0.08125 0.125
11 0.3625 0.890625 0.121875 0.10625
11 0.521875 0.43125 0.10625 0.08125
11 0.2734375 0.278125 0.1015625 0.115625
11 0.3875 0.43125 0.0703125 0.121875
11 0.640625 0.3578125 0.0609375 0.1140625
11 0.6890625 0.4609375 0.159375 0.096875
11 0.68125 0.9265625 0.1125 0.084375
11 0.5265625 0.8984375 0.1078125 0.090625
11 0.6953125 0.2359375 0.1078125 0.09375
11 0.4640625 0.303125 0.1359375 0.0921875
11 0.790625 0.3953125 0.090625 0.115625
11 0.590625 0.2890625 0.0890625 0.078125
11 0.8375 0.571875 0.065625 0.115625
11 0.6921875 0.1578125 0.1171875 0.10625
11 0.365625 0.7953125 0.075 0.109375
11 0.6859375 0.0359375 0.075 0.071875
11 0.728125 0.528125 0.1125 0.0796875
11 0.359375 0.240625 0.1140625 0.125
11 0.246875 0.475 0.06875 0.115625
11 0.6 0.3421875 0.05625 0.1
11 0.403125 0.053125 0.0625 0.1015625
11 0.346875 0.0359375 0.06875 0.071875
11 0.234375 0.125 0.053125 0.109375
11 0.2140625 0.0515625 0.1015625 0.053125
11 0.23125 0.40625 0.084375 0.075
11 0.3359375 0.43125 0.075 0.078125
11 0.8484375 0.50625 0.0515625 0.10625
11 0.8515625 0.2234375 0.04375 0.084375
11 0.5125 0.834375 0.134375 0.0640625
11 0.9265625 0.8 0.0953125 0.08125
11 0.9546875 0.8625 0.090625 0.0984375
11 0.0125 0.278125 0.025 0.115625
11 0.95625 0.3953125 0.0859375 0.115625
11 0.9125 0.571875 0.065625 0.115625
11 0.9828125 0.5265625 0.034375 0.0796875
11 0.01875 0.475 0.0375 0.115625
11 0.0203125 0.125 0.040625 0.109375
11 0.0421875 0.0515625 0.084375 0.053125
11 0.0296875 0.40625 0.059375 0.075
11 0.9015625 0.50625 0.0515625 0.10625
11 0.8984375 0.2234375 0.04375 0.084375