11 0.2671875 0.64375 0.1140625 0.0953125
11 0.5625 0.54375 0.1203125 0.1140625
11 0.8296875 0.1796875 0.08125 0.1171875
11 0.74375 0.0953125 0.0765625 0.1171875
11 0.3953125 0.890625 0.1109375 0.084375
11 0.6390625 0.7390625 0.0828125 0.08125
11 0.753125 0.9109375 0.109375 0.071875
11 0.1515625 0.384375 0.0546875 0.1125
11 0.55 0.0171875 0.090625 0.034375
11 0.1875 0.2390625 0.0609375 0.103125
11 0.4484375 0.8234375 0.0765625 0.096875
11 0.66875 0.8390625 0.08125 0.1234375
11 0.1734375 0.8765625 0.0875 0.0875
11 0.334375 0.0234375 0.1171875 0.046875
11 0.5609375 0.9 0.0828125 0.0640625
11 0.01875 0.64140625 0.0375 0.0953125
11 0.9203125 0.1796875 0.08125 0.1171875
11 0.9828125 0.09375 0.0328125 0.1171875
11 0.9703125 0.9109375 0.0578125 0.071875
11 0.0984375 0.384375 0.0546875 0.1125
11 0.0625 0.2390625 0.0609375 0.103125
11 0.0765625 0.8765625 0.0875 0.0875