13 0.446875 0.465625 0.2125 0.16875
13 0.4265625 0.340625 0.1671875 0.2421875
13 0.225 0.3703125 0.140625 0.2765625
13 0.2046875 0.5421875 0.1609375 0.234375
13 0.3609375 0.7515625 0.18125 0.2375
13 0.41875 0.6203125 0.1484375 0.2234375
13 0.5796875 0.690625 0.1515625 0.196875
13 0.765625 0.5359375 0.171875 0.1921875
13 0.596875 0.3453125 0.24375 0.1296875
13 0.453125 0.159375 0.29375 0.2265625
13 0.771875 0.23125 0.2046875 0.246875
13 0.7015625 0.878125 0.134375 0.16875
13 0.19375 0.85 0.1390625 0.128125
13 0.1765625 0.9453125 0.1046875 0.0875
13 0.046875 0.36796875 0.09375 0.2765625
13 0.0625 0.5421875 0.125 0.234375
13 0.9484375 0.534375 0.1015625 0.1921875
13 0.9375 0.23125 0.125 0.246875
13 0.0625 0.85 0.125 0.128125
13 0.0734375 0.9453125 0.1046875 0.0875