11 0.1765625 0.5421875 0.015625 0.0265625
11 0.3453125 0.5671875 0.0234375 0.0171875
11 0.46875 0.0921875 0.015625 0.0234375
11 0.3328125 0.675 0.0234375 0.01875
11 0.4953125 0.103125 0.0140625 0.0203125
11 0.2875 0.015625 0.01875 0.01875
11 0.5109375 0.11875 0.015625 0.025
11 0.328125 0.1125 0.0234375 0.025
11 0.3328125 0.7390625 0.0109375 0.0234375
11 0.465625 0.046875 0.025 0.0203125
11 0.1453125 0.6484375 0.0203125 0.0171875
11 0.2203125 0.4453125 0.0140625 0.025
11 0.1953125 0.659375 0.015625 0.0265625
11 0.2609375 0.34375 0.0171875 0.0203125
11 0.34375 0.2640625 0.0171875 0.021875
11 0.3796875 0.4390625 0.0125 0.0234375
11 0.3328125 0.709375 0.0125 0.028125
11 0.35 0.78125 0.015625 0.025
11 0.2796875 0.0421875 0.01875 0.021875
11 0.21875 0.4140625 0.0140625 0.025
11 0.1796875 0.74375 0.015625 0.021875
11 0.2796875 0.678125 0.01875 0.015625
11 0.8546875 0.1609375 0.015625 0.028125
11 0.2 0.0796875 0.015625 0.0203125
11 0.346875 0.33125 0.0125 0.0234375
11 0.19375 0.0265625 0.0109375 0.021875
11 0.784375 0.9 0.0234375 0.0203125
11 0.2859375 0.2578125 0.0140625 0.0234375
11 0.790625 0.071875 0.025 0.01875
11 0.4578125 0.11875 0.01875 0.01875
11 0.828125 0.4640625 0.0125 0.0265625
11 0.7625 0.96875 0.0234375 0.021875
11 0.440625 0.0828125 0.015625 0.025
11 0.3046875 0.7671875 0.015625 0.0203125
11 0.4234375 0.1 0.01875 0.01875
11 0.1765625 0.309375 0.0171875 0.01875
11 0.2921875 0.3296875 0.0140625 0.0203125
11 0.6265625 0.4234375 0.0234375 0.015625
11 0.7984375 0.575 0.0171875 0.021875
11 0.778125 0.9453125 0.025 0.01875
11 0.803125 0.934375 0.0171875 0.01875
11 0.765625 0.98125 0.0234375 0.01875
11 0.2453125 0.015625 0.0140625 0.0203125
11 0.2546875 0.08125 0.0171875 0.0203125
11 0.2375 0.08125 0.0125 0.0234375
11 0.3390625 0.103125 0.0234375 0.021875
11 0.4328125 0.115625 0.0171875 0.0171875
11 0.0734375 0.5421875 0.015625 0.0265625
11 0.1046875 0.6484375 0.0203125 0.0171875
11 0.0296875 0.4453125 0.0140625 0.025
11 0.0546875 0.659375 0.015625 0.0265625
11 0.03125 0.4140625 0.0140625 0.025
11 0.0703125 0.74375 0.015625 0.021875
11 0.8953125 0.1609375 0.015625 0.028125
11 0.05 0.0796875 0.015625 0.0203125
11 0.05625 0.0265625 0.0109375 0.021875
11 0.965625 0.9 0.0234375 0.0203125
11 0.959375 0.071875 0.025 0.01875
11 0.921875 0.4640625 0.0125 0.0265625
11 0.9875 0.96875 0.0234375 0.021875
11 0.0734375 0.309375 0.0171875 0.01875
11 0.9515625 0.575 0.0171875 0.021875
11 0.971875 0.9453125 0.025 0.01875
11 0.946875 0.934375 0.0171875 0.01875
11 0.984375 0.98125 0.0234375 0.01875
11 0.0046875 0.01328125 0.009375 0.0203125
11 0.0125 0.08125 0.0125 0.0234375