8 0.7171875 0.2625 0.2421875 0.13125
8 0.740625 0.3234375 0.10625 0.0828125
8 0.7296875 0.23125 0.071875 0.0625
8 0.7390625 0.1390625 0.0875 0.109375
8 0.5546875 0.2265625 0.059375 0.09375
8 0.415625 0.2046875 0.0625 0.0890625
8 0.290625 0.134375 0.0625 0.078125
8 0.23125 0.096875 0.0640625 0.078125
8 0.2953125 0.021875 0.046875 0.04375
8 0.434375 0.584375 0.1890625 0.1125
8 0.5484375 0.6375 0.0859375 0.0828125
8 0.5828125 0.4796875 0.06875 0.10625
8 0.834375 0.496875 0.0796875 0.1015625
8 0.671875 0.7921875 0.1 0.08125
8 0.1484375 0.51875 0.0484375 0.053125
8 0.95546875 0.2625 0.0890625 0.13125
8 0.978125 0.32265625 0.04375 0.0828125
8 0.9921875 0.23125 0.015625 0.0625
8 0.98359375 0.1390625 0.0328125 0.109375
8 0.025 0.096875 0.05 0.078125
8 0.915625 0.496875 0.0796875 0.1015625
8 0.1015625 0.51875 0.0484375 0.053125