11 0.209375 0.765625 0.0875 0.1125
11 0.3109375 0.0953125 0.0984375 0.10625
11 0.565625 0.7140625 0.08125 0.1390625
11 0.7734375 0.521875 0.1078125 0.125
11 0.30625 0.39375 0.0984375 0.1171875
11 0.7015625 0.734375 0.0953125 0.140625
11 0.7859375 0.8671875 0.0859375 0.1515625
11 0.53125 0.528125 0.0640625 0.1359375
11 0.4328125 0.49375 0.0921875 0.11875
11 0.1890625 0.4859375 0.0484375 0.1265625
11 0.815625 0.6625 0.03125 0.1453125
11 0.2390625 0.240625 0.0734375 0.1140625
11 0.546875 0.3796875 0.1234375 0.0921875
11 0.53125 0.275 0.0859375 0.1046875
11 0.1890625 0.6453125 0.046875 0.1609375
11 0.203125 0.9265625 0.075 0.1375
11 0.5671875 0.153125 0.06875 0.0921875
11 0.4390625 0.3109375 0.059375 0.1296875
11 0.5359375 0.0546875 0.0765625 0.0890625
11 0.7078125 0.3640625 0.0796875 0.0828125
11 0.63125 0.30625 0.0953125 0.0734375
11 0.4015625 0.0234375 0.0875 0.046875
11 0.59375 0.9453125 0.0984375 0.103125
11 0.590625 0.2484375 0.1 0.0546875
11 0.421875 0.965625 0.1171875 0.065625
11 0.121875 0.765625 0.0875 0.1125
11 0.034375 0.0953125 0.06875 0.10625
11 0.890625 0.521875 0.1078125 0.125
11 0.0359375 0.39140625 0.071875 0.1171875
11 0.95625 0.734375 0.0859375 0.140625
11 0.878125 0.8671875 0.0859375 0.1515625
11 0.1421875 0.4859375 0.0484375 0.1265625
11 0.8484375 0.6625 0.03125 0.1453125
11 0.0921875 0.240625 0.0734375 0.1140625
11 0.1421875 0.6453125 0.046875 0.1609375
11 0.128125 0.9265625 0.075 0.1375
11 0.95625 0.3640625 0.0796875 0.0828125