8 0.43125 0.371875 0.028125 0.0359375
8 0.4640625 0.3515625 0.0375 0.0515625
8 0.4296875 0.3 0.0265625 0.0328125
8 0.3640625 0.25 0.053125 0.0390625
8 0.2875 0.2421875 0.0546875 0.0390625
8 0.19375 0.3015625 0.040625 0.034375
8 0.146875 0.2796875 0.040625 0.046875
8 0.15 0.178125 0.0578125 0.0359375
8 0.0796875 0.2859375 0.0265625 0.0546875
8 0.03125 0.3578125 0.0234375 0.0390625
8 0.0453125 0.5375 0.0109375 0.0390625
8 0.15625 0.703125 0.015625 0.0421875
8 0.253125 0.6375 0.015625 0.0484375
8 0.2703125 0.7046875 0.028125 0.021875
8 0.3109375 0.75625 0.021875 0.0453125
8 0.265625 0.8046875 0.0296875 0.04375
8 0.3734375 0.6578125 0.025 0.046875
8 0.403125 0.575 0.040625 0.028125
8 0.4 0.60625 0.0203125 0.028125
8 0.496875 0.615625 0.0328125 0.0265625
8 0.509375 0.48125 0.021875 0.034375
8 0.6015625 0.4203125 0.0421875 0.034375
8 0.703125 0.3921875 0.0234375 0.025
8 0.7765625 0.19375 0.0421875 0.021875
8 0.703125 0.1390625 0.0421875 0.025
8 0.6734375 0.175 0.0234375 0.03125
8 0.4515625 0.35625 0.0234375 0.0484375
8 0.4046875 0.378125 0.0234375 0.01875
8 0.396875 0.3953125 0.01875 0.0375
8 0.321875 0.3859375 0.025 0.0171875
8 0.96875 0.4484375 0.0265625 0.028125
8 0.9828125 0.2265625 0.0234375 0.0234375
8 0.3640625 0.0078125 0.053125 0.015625
8 0.28671875 0.01171875 0.0546875 0.0234375
8 0.15 0.06875 0.0578125 0.0359375
8 0.3109375 0.9859375 0.021875 0.028125
8 0.265625 0.946875 0.0296875 0.04375
8 0.7765625 0.053125 0.0421875 0.021875
8 0.703125 0.1078125 0.0421875 0.025
8 0.6734375 0.071875 0.0234375 0.03125
8 0.9828125 0.0203125 0.0234375 0.0234375