8 0.2765625 0.640625 0.0390625 0.053125
8 0.58125 0.875 0.046875 0.0234375
8 0.5609375 0.915625 0.0453125 0.0390625
8 0.4234375 0.7890625 0.0328125 0.0453125
8 0.4484375 0.7421875 0.0359375 0.046875
8 0.415625 0.725 0.0296875 0.0453125
8 0.3203125 0.715625 0.0390625 0.0546875
8 0.3078125 0.753125 0.040625 0.0203125
8 0.340625 0.8265625 0.03125 0.059375
8 0.290625 0.8453125 0.028125 0.059375
8 0.1484375 0.78125 0.03125 0.0578125
8 0.18125 0.6328125 0.0515625 0.04375
8 0.3140625 0.596875 0.0234375 0.0390625
8 0.3453125 0.640625 0.021875 0.0453125
8 0.4375 0.6359375 0.05 0.0234375
8 0.4515625 0.66875 0.034375 0.0359375
8 0.4921875 0.6875 0.0390625 0.0375
8 0.31875 0.5234375 0.021875 0.046875
8 0.4203125 0.509375 0.04375 0.028125
8 0.440625 0.5546875 0.0296875 0.0328125
8 0.4875 0.596875 0.034375 0.01875
8 0.49375 0.615625 0.0390625 0.03125
8 0.5234375 0.6578125 0.034375 0.0421875
8 0.55625 0.6625 0.028125 0.04375
8 0.5921875 0.6984375 0.0390625 0.0390625
8 0.534375 0.7484375 0.03125 0.0484375
8 0.5953125 0.771875 0.0453125 0.0296875
8 0.784375 0.7171875 0.0203125 0.0328125
8 0.934375 0.6953125 0.034375 0.0421875
8 0.9015625 0.49375 0.034375 0.03125
8 0.6015625 0.625 0.040625 0.03125
8 0.640625 0.609375 0.0328125 0.0390625
8 0.6421875 0.5515625 0.021875 0.04375
8 0.6171875 0.5328125 0.025 0.0484375
8 0.6 0.5734375 0.028125 0.0390625
8 0.5828125 0.5890625 0.025 0.0265625
8 0.5828125 0.546875 0.0234375 0.03125
8 0.5703125 0.534375 0.0296875 0.0390625
8 0.5359375 0.5328125 0.025 0.0265625
8 0.509375 0.51875 0.025 0.0328125
8 0.4890625 0.5015625 0.0296875 0.034375
8 0.490625 0.5671875 0.0375 0.03125
8 0.45625 0.5046875 0.028125 0.034375
8 0.4515625 0.484375 0.034375 0.0265625
8 0.421875 0.4640625 0.0328125 0.03125
8 0.403125 0.4421875 0.028125 0.0421875
8 0.4296875 0.4046875 0.0484375 0.0296875
8 0.43125 0.3765625 0.01875 0.0390625
8 0.3671875 0.41875 0.0234375 0.0375
8 0.353125 0.45625 0.0390625 0.0453125
8 0.2125 0.4140625 0.053125 0.03125
8 0.15 0.4796875 0.0328125 0.053125
8 0.109375 0.4578125 0.0234375 0.0375
8 0.096875 0.403125 0.034375 0.04375
8 0.06875 0.4453125 0.040625 0.0296875
8 0.2609375 0.375 0.034375 0.0265625
8 0.196875 0.3015625 0.03125 0.021875
8 0.1359375 0.2859375 0.0296875 0.034375
8 0.1828125 0.2328125 0.0484375 0.03125
8 0.29375 0.2296875 0.053125 0.028125
8 0.3359375 0.184375 0.0421875 0.03125
8 0.315625 0.15625 0.040625 0.0234375
8 0.5234375 0.4390625 0.04375 0.0359375
8 0.49375 0.43125 0.025 0.0421875
8 0.5015625 0.46875 0.0421875 0.040625
8 0.5421875 0.4703125 0.0453125 0.0234375
8 0.5953125 0.4703125 0.0359375 0.03125
8 0.5703125 0.4375 0.0375 0.0359375
8 0.5546875 0.40625 0.0234375 0.0359375
8 0.55 0.4125 0.028125 0.040625
8 0.528125 0.4015625 0.0234375 0.0375
8 0.5046875 0.3875 0.0203125 0.03125
8 0.503125 0.353125 0.0234375 0.04375
8 0.534375 0.3453125 0.0296875 0.028125
8 0.609375 0.3078125 0.0265625 0.0453125
8 0.65625 0.3078125 0.0234375 0.0453125
8 0.6890625 0.334375 0.0234375 0.04375
8 0.7265625 0.3640625 0.021875 0.0390625
8 0.74375 0.39375 0.0453125 0.0296875
8 0.7953125 0.328125 0.0328125 0.01875
8 0.83125 0.375 0.028125 0.0359375
8 0.9171875 0.2734375 0.0234375 0.03125
8 0.759375 0.2359375 0.0328125 0.021875
8 0.7953125 0.23125 0.0234375 0.028125
8 0.778125 0.190625 0.0359375 0.03125
8 0.5515625 0.1796875 0.021875 0.0265625
8 0.615625 0.23125 0.0234375 0.03125
8 0.3703125 0.19375 0.0296875 0.0359375
8 0.40625 0.1421875 0.0359375 0.0359375
8 0.0484375 0.4625 0.0203125 0.0359375
8 0.98125 0.6953125 0.034375 0.0421875
8 0.01484375 0.44453125 0.0296875 0.0296875
8 0.99296875 0.2734375 0.0140625 0.03125
8 0.0296875 0.4625 0.0203125 0.0359375