11 0.5328125 0.2859375 0.059375 0.0296875
11 0.553125 0.4515625 0.05 0.03125
11 0.5484375 0.49375 0.034375 0.040625
11 0.1640625 0.7953125 0.0859375 0.040625
11 0.553125 0.578125 0.0484375 0.0359375
11 0.70625 0.3578125 0.0625 0.059375
11 0.1796875 0.375 0.05625 0.0515625
11 0.4859375 0.4046875 0.0421875 0.046875
11 0.5125 0.4984375 0.040625 0.05
11 0.7265625 0.2390625 0.0453125 0.0515625
11 0.7765625 0.546875 0.0828125 0.05
11 0.5328125 0.409375 0.04375 0.0390625
11 0.4765625 0.590625 0.0390625 0.0453125
11 0.6015625 0.43125 0.0375 0.0421875
11 0.875 0.38125 0.0546875 0.0515625
11 0.7796875 0.425 0.0625 0.03125
11 0.6390625 0.334375 0.053125 0.0484375
11 0.5875 0.5015625 0.0453125 0.0375
11 0.490625 0.4421875 0.04375 0.040625
11 0.4328125 0.571875 0.053125 0.040625
11 0.303125 0.4265625 0.0765625 0.0328125
11 0.3703125 0.2953125 0.053125 0.040625
11 0.515625 0.74375 0.0578125 0.0421875
11 0.66875 0.6109375 0.0703125 0.0375
11 0.3890625 0.675 0.05625 0.03125
11 0.9390625 0.565625 0.0390625 0.03125
11 0.9203125 0.5953125 0.0734375 0.034375
11 0.3359375 0.703125 0.0359375 0.0296875
11 0.3328125 0.6375 0.0390625 0.0375
11 0.5328125 0.0453125 0.059375 0.0296875
11 0.1640625 0.86875 0.0859375 0.040625
11 0.7265625 0.0921875 0.0453125 0.0515625
11 0.6390625 0.009375 0.053125 0.01875
11 0.3703125 0.0359375 0.053125 0.040625
11 0.515625 0.9203125 0.0578125 0.0421875
11 0.3890625 0.9859375 0.05625 0.0265625
11 0.3359375 0.9609375 0.0359375 0.0296875