8 0.3828125 0.5953125 0.0859375 0.0546875
8 0.2421875 0.6109375 0.103125 0.0578125
8 0.203125 0.5078125 0.0859375 0.06875
8 0.0390625 0.4296875 0.05625 0.1015625
8 0.4578125 0.315625 0.1015625 0.0640625
8 0.50625 0.2171875 0.0875 0.0671875
8 0.6828125 0.4546875 0.0703125 0.0734375
8 0.875 0.4328125 0.1484375 0.0796875
8 0.825 0.55 0.0703125 0.10625
8 0.7140625 0.503125 0.096875 0.05625
8 0.6265625 0.6421875 0.1 0.0609375
8 0.45703125 0.0234375 0.1015625 0.046875
8 0.50625 0.1140625 0.0875 0.0671875