4 0.428125 0.49375 0.0265625 0.0359375
4 0.396875 0.4875 0.0234375 0.0515625
4 0.3875 0.6171875 0.0265625 0.0421875
4 0.334375 0.7140625 0.021875 0.0328125
4 0.240625 0.59375 0.0328125 0.053125
4 0.340625 0.846875 0.0203125 0.0265625
4 0.3328125 0.909375 0.0171875 0.0390625
4 0.3390625 0.940625 0.0234375 0.0328125
4 0.3140625 0.934375 0.0265625 0.03125
4 0.29375 0.9578125 0.025 0.0390625
4 0.2609375 0.971875 0.0234375 0.03125
4 0.5 0.109375 0.05 0.0625
7 0.3046875 0.134375 0.03125 0.0515625
4 0.5578125 0.0625 0.046875 0.059375
4 0.51875 0.0171875 0.03125 0.034375
4 0.0125 0.59375 0.025 0.053125