1 0.509375 0.4953125 0.140625 0.125
1 0.409375 0.4953125 0.11875 0.125
1 0.2984375 0.5375 0.134375 0.0765625
1 0.34375 0.6609375 0.178125 0.1625
1 0.7359375 0.50625 0.10625 0.175
1 0.9625 0.45625 0.071875 0.090625
1 0.8671875 0.709375 0.0984375 0.1828125
1 0.9625 0.6546875 0.0734375 0.125
1 0.7859375 0.4015625 0.0734375 0.046875
1 0.3046875 0.4453125 0.115625 0.06875
1 0.2671875 0.4078125 0.1328125 0.0859375
1 0.34375 0.9609375 0.178125 0.078125
1 0.865625 0.93125 0.0984375 0.1375
1 0.9609375 0.9734375 0.0734375 0.053125