1 0.4578125 0.5171875 0.2875 0.215625
1 0.4265625 0.3515625 0.1328125 0.121875
1 0.4234375 0.1078125 0.1078125 0.1453125
1 0.2953125 0.21875 0.109375 0.1703125
1 0.7984375 0.265625 0.1390625 0.09375
1 0.8328125 0.4578125 0.08125 0.171875
1 0.7015625 0.65 0.0953125 0.134375
1 0.7546875 0.56875 0.109375 0.0828125
1 0.5953125 0.6640625 0.1046875 0.303125
1 0.4703125 0.6921875 0.1328125 0.253125
1 0.5078125 0.8609375 0.096875 0.065625
1 0.590625 0.840625 0.1078125 0.1015625
1 0.5484375 0.0734375 0.178125 0.146875
1 0.940625 0.265625 0.11875 0.09375
1 0.9171875 0.4578125 0.08125 0.171875
1 0.9703125 0.5671875 0.059375 0.0828125