11 0.6484375 0.065625 0.09375 0.115625
11 0.596875 0.365625 0.109375 0.0875
11 0.20625 0.528125 0.0953125 0.1421875
11 0.490625 0.0453125 0.096875 0.090625
11 0.24375 0.2328125 0.1328125 0.1125
11 0.4515625 0.5765625 0.0859375 0.1171875
11 0.421875 0.2 0.1 0.1484375
11 0.771875 0.5921875 0.1234375 0.1296875
11 0.33125 0.9078125 0.13125 0.1109375
11 0.484375 0.8484375 0.1453125 0.1
11 0.38125 0.7625 0.0875 0.1265625
11 0.55 0.6171875 0.115625 0.0984375
11 0.340625 0.0578125 0.1078125 0.115625
11 0.203125 0.740625 0.1203125 0.09375
11 0.7640625 0.2734375 0.096875 0.140625
11 0.546875 0.7359375 0.1359375 0.096875
11 0.58125 0.2484375 0.1328125 0.1171875
11 0.4046875 0.3765625 0.0578125 0.115625
11 0.3265625 0.4390625 0.0828125 0.065625
11 0.3296875 0.475 0.0421875 0.1109375
11 0.446875 0.953125 0.0890625 0.0765625
11 0.178125 0.971875 0.05625 0.053125
11 0.159375 0.875 0.0671875 0.1078125
11 0.228125 0.9234375 0.05625 0.071875
11 0.7 0.4828125 0.1078125 0.0578125
11 0.753125 0.525 0.11875 0.075
11 0.63125 0.5421875 0.1265625 0.05
11 0.5671875 0.4421875 0.1140625 0.09375
11 0.65625 0.303125 0.1515625 0.16875
11 0.646875 0.175 0.0890625 0.096875
11 0.584375 0.1875 0.065625 0.0796875
11 0.5046875 0.175 0.05625 0.13125
11 0.41875 0.2625 0.103125 0.0984375
11 0.209375 0.034375 0.0515625 0.06875
11 0.2046875 0.096875 0.0953125 0.1046875
11 0.1734375 0.15 0.0640625 0.1265625
11 0.246875 0.11875 0.0953125 0.1296875
11 0.309375 0.1953125 0.0921875 0.1140625
11 0.8296875 0.0671875 0.0796875 0.0953125
11 0.746875 0.1640625 0.0484375 0.1171875
11 0.7890625 0.1859375 0.0515625 0.1125
11 0.85 0.4140625 0.046875 0.103125
11 0.70625 0.396875 0.1171875 0.0640625
11 0.7578125 0.6828125 0.1515625 0.0765625
11 0.6859375 0.6921875 0.06875 0.115625
11 0.6328125 0.834375 0.0515625 0.1234375
11 0.70625 0.834375 0.078125 0.0984375
11 0.7984375 0.759375 0.06875 0.06875
11 0.3078125 0.79375 0.0640625 0.1171875
11 0.2796875 0.63125 0.034375 0.1375
11 0.3671875 0.54375 0.1140625 0.084375
11 0.3734375 0.6078125 0.1015625 0.0453125
11 0.35625 0.6578125 0.1109375 0.0609375
11 0.46875 0.3015625 0.078125 0.0859375
11 0.0453125 0.5265625 0.090625 0.1421875
11 0.0359375 0.2328125 0.071875 0.1125
11 0.9578125 0.590625 0.084375 0.1296875
11 0.053125 0.740625 0.10625 0.09375
11 0.96875 0.2734375 0.0625 0.140625
11 0.071875 0.971875 0.05625 0.053125
11 0.090625 0.875 0.0671875 0.1078125
11 0.025 0.9234375 0.05 0.071875
11 0.96875 0.525 0.0625 0.075
11 0.0375 0.034375 0.0515625 0.06875
11 0.0453125 0.09453125 0.090625 0.1046875
11 0.0765625 0.15 0.0640625 0.1265625
11 0.025 0.1171875 0.05 0.1296875
11 0.9203125 0.0671875 0.0796875 0.0953125
11 0.9890625 0.1625 0.021875 0.1171875
11 0.9609375 0.1859375 0.0515625 0.1125
11 0.9 0.4140625 0.046875 0.103125
11 0.9578125 0.68125 0.084375 0.0765625
11 0.9515625 0.759375 0.06875 0.06875