4 0.553125 0.484375 0.0828125 0.1296875
4 0.640625 0.5671875 0.1015625 0.1390625
4 0.4296875 0.6015625 0.065625 0.134375
4 0.503125 0.7078125 0.0765625 0.09375
4 0.303125 0.65 0.1 0.109375
4 0.23125 0.596875 0.05625 0.103125
4 0.2015625 0.5703125 0.0453125 0.0875
4 0.23125 0.659375 0.09375 0.075
4 0.303125 0.721875 0.1296875 0.084375
4 0.43125 0.775 0.109375 0.0703125
4 0.75 0.6234375 0.0625 0.0828125
4 0.6765625 0.6875 0.096875 0.103125
4 0.50234375 0.9859375 0.0765625 0.028125
4 0.30234375 0.98125 0.1296875 0.0375
4 0.43125 0.9515625 0.109375 0.0703125