2 0.3375 0.503125 0.1328125 0.1078125
2 0.540625 0.3984375 0.0984375 0.1234375
2 0.490625 0.525 0.103125 0.09375
2 0.203125 0.646875 0.1578125 0.1375
2 0.728125 0.1046875 0.09375 0.1375
2 0.571875 0.253125 0.1 0.1
2 0.628125 0.4 0.1328125 0.09375
2 0.3921875 0.3328125 0.1421875 0.0953125
2 0.4640625 0.1328125 0.0671875 0.14375
2 0.453125 0.734375 0.0625 0.1078125
2 0.4125 0.4234375 0.1078125 0.13125
2 0.4078125 0.3875 0.1140625 0.084375
2 0.0625 0.646875 0.125 0.1375
2 0.9875 0.1046875 0.025 0.1375