13 0.5015625 0.24375 0.1609375 0.1734375
13 0.56875 0.4921875 0.1734375 0.165625
13 0.728125 0.5015625 0.1953125 0.1140625
13 0.3265625 0.7765625 0.0921875 0.178125
13 0.2140625 0.840625 0.096875 0.21875
13 0.515625 0.91875 0.0875 0.159375
13 0.7078125 0.796875 0.165625 0.1609375
13 0.8390625 0.63125 0.0703125 0.09375
13 0.41875 0.6046875 0.1890625 0.1328125
13 0.33125 0.3046875 0.1390625 0.146875
13 0.196875 0.2609375 0.1109375 0.2109375
13 0.9609375 0.5 0.0765625 0.1140625
13 0.0421875 0.840625 0.084375 0.21875
13 0.9796875 0.7953125 0.040625 0.1609375
13 0.9109375 0.63125 0.0703125 0.09375
13 0.053125 0.25859375 0.10625 0.2109375