12 0.2453125 0.1125 0.09375 0.1390625
12 0.3203125 0.1796875 0.0859375 0.1125
12 0.1546875 0.1625 0.0796875 0.1078125
12 0.115625 0.1984375 0.059375 0.165625
12 0.071875 0.11875 0.0984375 0.1046875
12 0.0359375 0.059375 0.071875 0.11875
12 0.03125 0.2078125 0.0625 0.0796875
12 0.4390625 0.2046875 0.1234375 0.1046875
12 0.425 0.346875 0.0796875 0.0578125
12 0.453125 0.425 0.0453125 0.121875
12 0.4390625 0.5640625 0.0390625 0.13125
12 0.375 0.7125 0.13125 0.1296875
12 0.51875 0.6890625 0.1265625 0.08125
12 0.4921875 0.625 0.103125 0.03125
12 0.5671875 0.6546875 0.0515625 0.1046875
12 0.6125 0.546875 0.0515625 0.1109375
12 0.625 0.6265625 0.0578125 0.096875
12 0.678125 0.540625 0.0703125 0.09375
12 0.5625 0.3203125 0.0734375 0.1390625
12 0.5453125 0.3578125 0.0828125 0.0515625
12 0.5234375 0.5359375 0.071875 0.1203125
12 0.509375 0.5546875 0.06875 0.1
12 0.4609375 0.3109375 0.084375 0.0921875
12 0.4703125 0.265625 0.1015625 0.0625