2 0.8234375 0.3703125 0.1125 0.06875
2 0.696875 0.3703125 0.06875 0.05625
2 0.3359375 0.5328125 0.059375 0.059375
2 0.1609375 0.51875 0.0546875 0.059375
2 0.3453125 0.471875 0.0671875 0.053125
2 0.2453125 0.609375 0.05 0.053125
2 0.403125 0.384375 0.05 0.0625
2 0.25 0.503125 0.0640625 0.046875
2 0.3078125 0.3734375 0.059375 0.0546875
2 0.1296875 0.4125 0.0625 0.0484375
2 0.2390625 0.378125 0.06875 0.0375
2 0.821875 0.528125 0.0703125 0.046875
2 0.4984375 0.6921875 0.0421875 0.075
2 0.4109375 0.671875 0.0578125 0.04375
2 0.35 0.66875 0.0484375 0.05
2 0.165625 0.7453125 0.04375 0.034375
2 0.08125 0.7203125 0.065625 0.0515625
2 0.11875 0.621875 0.0453125 0.046875
2 0.365625 0.615625 0.046875 0.0296875
2 0.4015625 0.578125 0.034375 0.025
2 0.45625 0.6015625 0.053125 0.0453125
2 0.4421875 0.5578125 0.0375 0.0578125
2 0.5046875 0.5875 0.0515625 0.034375
2 0.4234375 0.4640625 0.0484375 0.04375
2 0.44375 0.509375 0.0859375 0.053125
2 0.5125 0.4734375 0.0484375 0.065625
2 0.63125 0.5171875 0.0609375 0.0765625
2 0.575 0.5609375 0.0328125 0.0546875
2 0.509375 0.5546875 0.059375 0.028125
2 0.6328125 0.5921875 0.0703125 0.046875
2 0.6484375 0.6390625 0.0578125 0.0609375
2 0.703125 0.51875 0.0546875 0.053125
2 0.7453125 0.446875 0.0578125 0.0421875
2 0.9375 0.540625 0.06875 0.0484375
2 0.5921875 0.375 0.0921875 0.0515625
2 0.7703125 0.240625 0.059375 0.096875
2 0.5015625 0.25625 0.0625 0.0484375
2 0.703125 0.225 0.0578125 0.040625
2 0.46875 0.190625 0.10625 0.05
2 0.4453125 0.278125 0.0609375 0.05625
2 0.35625 0.3015625 0.059375 0.034375
2 0.3484375 0.35625 0.0765625 0.0484375
2 0.4390625 0.334375 0.065625 0.0296875
2 0.453125 0.3671875 0.0609375 0.04375
2 0.5109375 0.3921875 0.0375 0.059375
2 0.2515625 0.459375 0.0546875 0.0375
2 0.19375 0.478125 0.0546875 0.0296875
2 0.2140625 0.4328125 0.075 0.0375
2 0.15 0.3828125 0.0578125 0.0421875
2 0.496875 0.9671875 0.0421875 0.065625
2 0.409375 0.984375 0.0578125 0.0296875
2 0.3484375 0.984375 0.0484375 0.0296875
2 0.165625 0.91875 0.04375 0.034375
2 0.08125 0.94375 0.065625 0.0515625
2 0.7703125 0.090625 0.059375 0.096875
2 0.5015625 0.075 0.0625 0.0484375
2 0.703125 0.10625 0.0578125 0.040625
2 0.46875 0.140625 0.10625 0.05
2 0.4453125 0.053125 0.0609375 0.05625
2 0.35625 0.0296875 0.059375 0.034375
2 0.4390625 0.0046875 0.065625 0.009375