8 0.5171875 0.3625 0.0375 0.03125
8 0.471875 0.378125 0.0453125 0.034375
8 0.46875 0.2984375 0.0140625 0.040625
8 0.4453125 0.3 0.015625 0.03125
8 0.5171875 0.2484375 0.025 0.0265625
8 0.5234375 0.2265625 0.021875 0.028125
8 0.540625 0.228125 0.01875 0.01875
8 0.65 0.2203125 0.0421875 0.0453125
8 0.6015625 0.2015625 0.0125 0.0328125
8 0.6546875 0.196875 0.0234375 0.0359375
8 0.678125 0.2140625 0.0203125 0.021875
8 0.7078125 0.175 0.028125 0.0203125
8 0.7234375 0.209375 0.021875 0.025
8 0.7 0.2640625 0.0265625 0.025
8 0.6796875 0.271875 0.0203125 0.0234375
8 0.634375 0.253125 0.028125 0.025
8 0.615625 0.2375 0.0203125 0.0234375
8 0.5859375 0.2765625 0.0203125 0.0171875
8 0.6171875 0.3 0.015625 0.0234375
8 0.5859375 0.296875 0.034375 0.0359375
8 0.5359375 0.2703125 0.03125 0.0234375
8 0.5234375 0.296875 0.015625 0.021875
8 0.525 0.3078125 0.0109375 0.015625
8 0.55 0.334375 0.01875 0.025
8 0.5734375 0.34375 0.01875 0.040625
8 0.55 0.3671875 0.0140625 0.0171875
8 0.540625 0.3890625 0.0234375 0.0140625
8 0.5140625 0.3859375 0.021875 0.01875
8 0.5484375 0.4109375 0.0265625 0.0125
8 0.565625 0.40625 0.0140625 0.021875
8 0.5453125 0.4265625 0.028125 0.021875
8 0.596875 0.3875 0.0203125 0.0265625
8 0.63125 0.359375 0.0234375 0.0453125
8 0.65625 0.3578125 0.0203125 0.0171875
8 0.7078125 0.3328125 0.0328125 0.01875
8 0.6796875 0.31875 0.0203125 0.028125
8 0.690625 0.29375 0.0265625 0.025
8 0.825 0.346875 0.0484375 0.028125
8 0.8765625 0.3875 0.0328125 0.0421875
8 0.8 0.390625 0.0390625 0.0234375
8 0.7609375 0.396875 0.0203125 0.034375
8 0.75625 0.3828125 0.015625 0.0140625
8 0.7421875 0.3953125 0.0140625 0.0359375
8 0.6765625 0.484375 0.040625 0.0375
8 0.6671875 0.471875 0.021875 0.0265625
8 0.671875 0.4453125 0.028125 0.034375
8 0.653125 0.4375 0.015625 0.028125
8 0.63125 0.4546875 0.0265625 0.0390625
8 0.621875 0.4203125 0.009375 0.025
8 0.61875 0.39375 0.0171875 0.0390625
8 0.6046875 0.4140625 0.0140625 0.0375
8 0.590625 0.4125 0.0125 0.034375
8 0.446875 0.421875 0.03125 0.0171875
8 0.4265625 0.4453125 0.028125 0.0171875
8 0.44375 0.4546875 0.015625 0.009375
8 0.434375 0.46875 0.0234375 0.015625
8 0.38125 0.4640625 0.0484375 0.0140625
8 0.3546875 0.478125 0.0265625 0.01875
8 0.3203125 0.34375 0.025 0.034375
8 0.165625 0.3484375 0.0359375 0.021875
8 0.1640625 0.4875 0.034375 0.0484375
8 0.21875 0.5515625 0.0484375 0.034375
8 0.1125 0.578125 0.0328125 0.0296875
8 0.09375 0.603125 0.0203125 0.0265625
8 0.23125 0.6796875 0.034375 0.046875
8 0.3203125 0.6921875 0.021875 0.03125
8 0.2828125 0.7125 0.0421875 0.0234375
8 0.3234375 0.7328125 0.0296875 0.0359375
8 0.403125 0.61875 0.034375 0.0515625
8 0.36875 0.575 0.0265625 0.021875
8 0.3546875 0.540625 0.01875 0.0109375
8 0.3734375 0.503125 0.021875 0.025
8 0.28125 0.5375 0.0296875 0.0171875
8 0.2734375 0.5578125 0.028125 0.015625
8 0.2875 0.571875 0.034375 0.0171875
8 0.475 0.55 0.0171875 0.0453125
8 0.425 0.56875 0.0234375 0.01875
8 0.478125 0.5125 0.0296875 0.0203125
8 0.478125 0.478125 0.0234375 0.03125
8 0.490625 0.4703125 0.0171875 0.0203125
8 0.4921875 0.48125 0.01875 0.025
8 0.525 0.46875 0.034375 0.0171875
8 0.5078125 0.4984375 0.021875 0.015625
8 0.5296875 0.5109375 0.028125 0.0296875
8 0.55 0.509375 0.0296875 0.025
8 0.5796875 0.55625 0.021875 0.03125
8 0.6078125 0.5515625 0.01875 0.0125
8 0.6015625 0.5734375 0.028125 0.034375
8 0.56875 0.578125 0.0234375 0.01875
8 0.5453125 0.5828125 0.0109375 0.0265625
8 0.5 0.5640625 0.021875 0.0171875
8 0.4921875 0.55 0.03125 0.021875
8 0.709375 0.596875 0.046875 0.0265625
8 0.6859375 0.55 0.0453125 0.0328125
8 0.653125 0.55 0.03125 0.0265625
8 0.6234375 0.51875 0.0109375 0.03125
8 0.6421875 0.5296875 0.015625 0.021875
8 0.721875 0.509375 0.0265625 0.015625
8 0.765625 0.4765625 0.0375 0.0234375
8 0.8 0.446875 0.025 0.05
8 0.834375 0.4890625 0.0375 0.025
8 0.9015625 0.5640625 0.0421875 0.0234375
8 0.9515625 0.6 0.0359375 0.053125
8 0.9859375 0.2890625 0.021875 0.0546875
8 0.9125 0.73125 0.040625 0.0234375
8 0.865625 0.7296875 0.028125 0.0234375
8 0.7421875 0.7125 0.04375 0.053125
8 0.8125 0.8046875 0.03125 0.0328125
8 0.7328125 0.7859375 0.0234375 0.0390625
8 0.8 0.7046875 0.0109375 0.01875
8 0.7921875 0.61875 0.021875 0.01875
8 0.8078125 0.6375 0.0390625 0.015625
8 0.796875 0.55 0.021875 0.0359375
8 0.6078125 0.4546875 0.0109375 0.028125
8 0.596875 0.4578125 0.0078125 0.0171875
8 0.578125 0.4421875 0.015625 0.0234375
8 0.46875 0.0328125 0.0140625 0.040625
8 0.4453125 0.03125 0.015625 0.03125
8 0.5171875 0.0828125 0.025 0.0265625
8 0.5234375 0.1046875 0.021875 0.028125
8 0.540625 0.103125 0.01875 0.01875
8 0.65 0.1109375 0.0421875 0.0453125
8 0.6015625 0.1296875 0.0125 0.0328125
8 0.6546875 0.134375 0.0234375 0.0359375
8 0.678125 0.1171875 0.0203125 0.021875
8 0.7078125 0.15625 0.028125 0.0203125
8 0.7234375 0.121875 0.021875 0.025
8 0.7 0.0671875 0.0265625 0.025
8 0.6796875 0.059375 0.0203125 0.0234375
8 0.634375 0.078125 0.028125 0.025
8 0.615625 0.09375 0.0203125 0.0234375
8 0.5859375 0.0546875 0.0203125 0.0171875
8 0.6171875 0.03125 0.015625 0.0234375
8 0.5859375 0.034375 0.034375 0.0359375
8 0.5359375 0.0609375 0.03125 0.0234375
8 0.5234375 0.034375 0.015625 0.021875
8 0.525 0.0234375 0.0109375 0.015625
8 0.55 0.0046875 0.01875 0.009375
8 0.70703125 0.00390625 0.0328125 0.0078125
8 0.67890625 0.01328125 0.0203125 0.0265625
8 0.690625 0.0375 0.0265625 0.025
8 0.23125 0.98046875 0.034375 0.0390625
8 0.3203125 0.971875 0.021875 0.03125
8 0.2828125 0.9515625 0.0421875 0.0234375
8 0.3234375 0.93125 0.0296875 0.0359375
8 0.9859375 0.0421875 0.021875 0.0546875
8 0.9125 0.9328125 0.040625 0.0234375
8 0.865625 0.934375 0.028125 0.0234375
8 0.7421875 0.9515625 0.04375 0.053125
8 0.8125 0.859375 0.03125 0.0328125
8 0.7328125 0.878125 0.0234375 0.0390625
8 0.8 0.959375 0.0109375 0.01875