8 0.6109375 0.334375 0.090625 0.0796875
8 0.809375 0.45 0.103125 0.08125
8 0.85 0.3953125 0.046875 0.0671875
8 0.69375 0.559375 0.128125 0.0875
8 0.546875 0.5765625 0.0828125 0.096875
8 0.4421875 0.6109375 0.078125 0.0734375
8 0.5328125 0.7875 0.0921875 0.0921875
8 0.4515625 0.8375 0.078125 0.09375
8 0.68125 0.6453125 0.0953125 0.04375
8 0.665625 0.734375 0.084375 0.1375
8 0.74375 0.8125 0.09375 0.08125
8 0.8015625 0.0640625 0.06875 0.0765625
8 0.740625 0.046875 0.06875 0.078125
8 0.7140625 0.028125 0.0265625 0.0546875
8 0.66015625 0.0359375 0.0390625 0.071875
8 0.940625 0.45 0.103125 0.08125
8 0.9 0.3953125 0.046875 0.0671875
8 0.9796875 0.8125 0.040625 0.08125
8 0.9484375 0.0640625 0.06875 0.0765625
8 0.9875 0.046875 0.025 0.078125