11 0.321875 0.325 0.0828125 0.065625
11 0.1234375 0.5609375 0.0578125 0.0828125
11 0.575 0.5828125 0.09375 0.0515625
11 0.8609375 0.2453125 0.075 0.0453125
11 0.7328125 0.371875 0.06875 0.059375
11 0.45 0.315625 0.0859375 0.0609375
11 0.784375 0.628125 0.0546875 0.0859375
11 0.5234375 0.3078125 0.0625 0.08125
11 0.625 0.3 0.0640625 0.071875
11 0.6953125 0.5734375 0.084375 0.05
11 0.8296875 0.3390625 0.0796875 0.06875
11 0.8203125 0.50625 0.0546875 0.078125
11 0.565625 0.51875 0.0671875 0.0671875
11 0.5875 0.75 0.0859375 0.04375
11 0.6390625 0.2453125 0.084375 0.0703125
11 0.325 0.6203125 0.059375 0.0765625
11 0.175 0.6734375 0.0609375 0.078125
11 0.9453125 0.26875 0.0921875 0.0421875
11 0.7546875 0.4921875 0.0859375 0.053125
11 0.1203125 0.2640625 0.0734375 0.0640625
11 0.5125 0.40625 0.06875 0.0578125
11 0.45625 0.665625 0.05625 0.0640625
11 0.5921875 0.3390625 0.0609375 0.0625
11 0.3953125 0.353125 0.08125 0.0484375
11 0.909375 0.6953125 0.0734375 0.0703125
11 0.1046875 0.6203125 0.0828125 0.0484375
11 0.5375 0.475 0.0640625 0.0484375
11 0.2296875 0.2859375 0.0578125 0.075
11 0.7671875 0.25 0.0828125 0.0359375
11 0.4234375 0.7296875 0.05625 0.08125
11 0.8515625 0.63125 0.065625 0.0484375
11 0.671875 0.1671875 0.0828125 0.040625
11 0.20625 0.365625 0.0734375 0.0546875
11 0.9625 0.6671875 0.071875 0.0671875
11 0.7046875 0.765625 0.084375 0.09375
11 0.684375 0.4453125 0.0890625 0.04375
11 0.5203125 0.6921875 0.0796875 0.0640625
11 0.2453125 0.634375 0.096875 0.0390625
11 0.9609375 0.6140625 0.0765625 0.0390625
11 0.640625 0.6703125 0.0640625 0.1109375
11 0.2234375 0.415625 0.075 0.059375
11 0.1328125 0.325 0.0828125 0.0484375
11 0.340625 0.2546875 0.0671875 0.06875
11 0.053125 0.4921875 0.0734375 0.0734375
11 0.5140625 0.60625 0.09375 0.071875
11 0.8265625 0.265625 0.08125 0.0515625
11 0.7578125 0.21875 0.096875 0.04375
11 0.3015625 0.5234375 0.0609375 0.0671875
11 0.7203125 0.8609375 0.08125 0.0265625
11 0.3703125 0.7984375 0.05 0.08125
11 0.2015625 0.53125 0.065625 0.0734375
11 0.4296875 0.5109375 0.0515625 0.078125
11 0.3765625 0.575 0.0546875 0.0796875
11 0.334375 0.4640625 0.0734375 0.0609375
11 0.4921875 0.490625 0.0796875 0.0375
11 0.4609375 0.8109375 0.096875 0.040625
11 0.328125 0.778125 0.046875 0.075
11 0.0625 0.55 0.0578125 0.0609375
11 0.3328125 0.1734375 0.0703125 0.0484375
11 0.171875 0.2015625 0.0671875 0.05
11 0.9765625 0.4171875 0.0453125 0.0703125
11 0.025 0.846875 0.05 0.0546875
11 0.2140625 0.6125 0.0671875 0.0484375
11 0.803125 0.15 0.075 0.0390625
11 0.26875 0.80625 0.0796875 0.05625
11 0.0984375 0.3984375 0.0859375 0.0390625
11 0.3234375 0.8546875 0.0875 0.0390625
11 0.5125 0.45625 0.0484375 0.04375
11 0.125 0.759375 0.071875 0.0546875
11 0.221875 0.7078125 0.0671875 0.065625
11 0.0609375 0.7046875 0.065625 0.0421875
11 0.1859375 0.821875 0.0796875 0.0421875
11 0.084375 0.203125 0.0484375 0.059375
11 0.8953125 0.178125 0.040625 0.071875
11 0.8609375 0.0125 0.075 0.025
11 0.5859375 0.9890625 0.0859375 0.021875
11 0.6390625 0.01875 0.084375 0.0375
11 0.11796875 0.0078125 0.0734375 0.015625
11 0.76484375 0.0078125 0.0828125 0.015625
11 0.4234375 0.9890625 0.05625 0.0203125
11 0.671875 0.0828125 0.0828125 0.040625
11 0.7046875 0.96875 0.084375 0.0625
11 0.33828125 0.0140625 0.0671875 0.028125
11 0.7578125 0.03125 0.096875 0.04375
11 0.7203125 0.8890625 0.08125 0.0265625
11 0.3703125 0.9515625 0.05 0.08125
11 0.4609375 0.9390625 0.096875 0.040625
11 0.328125 0.9671875 0.046875 0.065625
11 0.3328125 0.0765625 0.0703125 0.0484375
11 0.171875 0.0484375 0.0671875 0.05
11 0.025 0.903125 0.05 0.0546875
11 0.803125 0.1 0.075 0.0390625
11 0.26875 0.94375 0.0796875 0.05625
11 0.3234375 0.8953125 0.0875 0.0390625
11 0.125 0.98125 0.071875 0.0375
11 0.1859375 0.928125 0.0796875 0.0421875
11 0.084375 0.046875 0.0484375 0.059375
11 0.8953125 0.071875 0.040625 0.071875