8 0.2859375 0.3609375 0.0921875 0.071875
8 0.278125 0.253125 0.09375 0.1046875
8 0.5328125 0.0890625 0.0875 0.0609375
8 0.5640625 0.0765625 0.0453125 0.065625
8 0.6484375 0.05 0.08125 0.0703125
8 0.7359375 0.5625 0.084375 0.0453125
8 0.7828125 0.425 0.084375 0.08125
8 0.8078125 0.3875 0.053125 0.0921875
8 0.8484375 0.4109375 0.05 0.0796875
8 0.734375 0.259375 0.1109375 0.071875
8 0.815625 0.46875 0.0453125 0.0828125
8 0.7671875 0.596875 0.065625 0.04375
8 0.5640625 0.68125 0.053125 0.06875
8 0.46875 0.6421875 0.134375 0.08125
8 0.45625 0.5421875 0.078125 0.0671875
8 0.009375 0.25234375 0.01875 0.1046875
8 0.9859375 0.56171875 0.028125 0.0453125
8 0.9625 0.425 0.075 0.08125
8 0.9421875 0.3875 0.053125 0.0921875
8 0.9015625 0.4109375 0.05 0.0796875
8 0.9796875 0.259375 0.040625 0.071875
8 0.934375 0.46875 0.0453125 0.0828125
8 0.975 0.596875 0.05 0.04375