5 0.1765625 0.603125 0.0671875 0.034375
5 0.41875 0.5234375 0.0703125 0.0453125
5 0.284375 0.55 0.0703125 0.0390625
5 0.3140625 0.45 0.05625 0.046875
5 0.3515625 0.471875 0.0484375 0.053125
5 0.3765625 0.4515625 0.0546875 0.046875
5 0.6890625 0.5890625 0.075 0.0375
5 0.5734375 0.5453125 0.0578125 0.0546875
5 0.3625 0.41875 0.05 0.046875
5 0.184375 0.7296875 0.0375 0.0578125
5 0.253125 0.6546875 0.0390625 0.071875
5 0.040625 0.4265625 0.034375 0.046875
5 0.7234375 0.5921875 0.0453125 0.0296875
5 0.1765625 0.959375 0.0671875 0.034375
5 0.2828125 0.9953125 0.0703125 0.0078125
5 0.3140625 0.0046875 0.05625 0.009375
5 0.375 0.0046875 0.0546875 0.009375
5 0.6890625 0.9734375 0.075 0.0375
5 0.571875 0.99375 0.0578125 0.0109375
5 0.3625 0.0203125 0.05 0.040625
5 0.184375 0.8328125 0.0375 0.0578125
5 0.253125 0.9078125 0.0390625 0.071875
5 0.040625 0.0171875 0.034375 0.034375
5 0.7234375 0.9703125 0.0453125 0.0296875