0 0.209375 0.2625 0.321875 0.1953125
0 0.6921875 0.3890625 0.2234375 0.271875
0 0.2625 0.5125 0.3109375 0.134375
0 0.4875 0.509375 0.246875 0.25625
0 0.078125 0.35 0.15625 0.23125
0 0.21875 0.6703125 0.26875 0.134375
0 0.440625 0.2140625 0.3 0.0984375
0 0.3953125 0.7 0.3015625 0.1109375
0 0.053125 0.6828125 0.1046875 0.1984375
0 0.4046875 0.784375 0.246875 0.0859375
0 0.209375 0.0828125 0.321875 0.165625
0 0.690625 0.0390625 0.2234375 0.078125
0 0.078125 0.0484375 0.15625 0.096875
0 0.21875 0.9625 0.26875 0.0734375
0 0.440625 0.1171875 0.3 0.0984375
0 0.39375 0.953125 0.3015625 0.0921875
0 0.0515625 0.940625 0.103125 0.11875
0 0.4046875 0.8796875 0.246875 0.0859375