1 0.3484375 0.5421875 0.1953125 0.19375
1 0.378125 0.3765625 0.1609375 0.2125
1 0.609375 0.3203125 0.1375 0.2453125
1 0.7484375 0.190625 0.159375 0.128125
1 0.8015625 0.3453125 0.159375 0.28125
1 0.921875 0.35625 0.125 0.1703125
1 0.5984375 0.725 0.2296875 0.1734375
1 0.4015625 0.740625 0.1453125 0.1421875
1 0.3921875 0.8390625 0.21875 0.06875
1 0.096875 0.6078125 0.1546875 0.2703125
1 0.609375 0.025 0.1375 0.05
1 0.7484375 0.0609375 0.159375 0.121875
1 0.596875 0.96875 0.2296875 0.0625
1 0.4 0.96875 0.1453125 0.0625
1 0.3921875 0.9109375 0.21875 0.06875