11 0.340625 0.3078125 0.2765625 0.115625
11 0.5734375 0.284375 0.1796875 0.20625
11 0.80625 0.459375 0.31875 0.1296875
11 0.34375 0.425 0.2953125 0.0953125
11 0.678125 0.6 0.2640625 0.2234375
11 0.7578125 0.3 0.265625 0.2390625
11 0.44375 0.703125 0.2265625 0.2359375
11 0.3171875 0.525 0.271875 0.1296875
11 0.1765625 0.271875 0.2125 0.1828125
11 0.096875 0.5921875 0.19375 0.271875
11 0.9546875 0.334375 0.0796875 0.184375
11 0.3890625 0.590625 0.2328125 0.225
11 0.3390625 0.04375 0.2765625 0.0875
11 0.571875 0.078125 0.1796875 0.15625
11 0.6765625 0.9734375 0.2640625 0.0515625
11 0.7578125 0.078125 0.265625 0.15625
11 0.4421875 0.91875 0.2265625 0.1609375
11 0.1765625 0.078125 0.2125 0.15625
11 0.096875 0.965625 0.19375 0.0671875
11 0.95234375 0.046875 0.0796875 0.09375