11 0.35 0.546875 0.0828125 0.084375
11 0.1984375 0.596875 0.046875 0.0671875
11 0.4171875 0.515625 0.09375 0.0546875
11 0.2515625 0.84375 0.0734375 0.059375
11 0.5890625 0.703125 0.071875 0.053125
11 0.684375 0.384375 0.0734375 0.04375
11 0.25 0.5375 0.0703125 0.0625
11 0.4109375 0.4625 0.0453125 0.0515625
11 0.2578125 0.6265625 0.0703125 0.090625
11 0.4875 0.709375 0.0953125 0.0625
11 0.4453125 0.4359375 0.053125 0.0484375
11 0.4640625 0.4875 0.06875 0.0359375
11 0.578125 0.3734375 0.0640625 0.05
11 0.453125 0.7578125 0.0609375 0.0484375
11 0.540625 0.40625 0.05625 0.046875
11 0.0734375 0.7578125 0.04375 0.0625
11 0.540625 0.465625 0.08125 0.0453125
11 0.3578125 0.81875 0.078125 0.109375
11 0.6375 0.85625 0.0796875 0.034375
11 0.29375 0.45 0.053125 0.0625
11 0.671875 0.546875 0.0609375 0.078125
11 0.2265625 0.7484375 0.046875 0.0671875
11 0.49375 0.79375 0.046875 0.0453125
11 0.46875 0.5546875 0.0734375 0.04375
11 0.5390625 0.653125 0.1015625 0.0421875
11 0.4859375 0.3796875 0.0671875 0.05625
11 0.1796875 0.821875 0.0796875 0.05625
11 0.4 0.6734375 0.1140625 0.040625
11 0.4140625 0.7046875 0.1328125 0.0359375
11 0.3828125 0.7359375 0.10625 0.0390625
11 0.303125 0.7171875 0.0484375 0.0984375
11 0.190625 0.734375 0.0875 0.096875
11 0.1375 0.7203125 0.0703125 0.0828125
11 0.1203125 0.7390625 0.0671875 0.0890625
11 0.11875 0.8125 0.08125 0.040625
11 0.109375 0.8578125 0.0640625 0.0328125
11 0.375 0.8296875 0.04375 0.0890625
11 0.2515625 0.90625 0.0734375 0.059375
11 0.4515625 0.9828125 0.0609375 0.0328125
11 0.0734375 0.9796875 0.04375 0.0390625
11 0.3578125 0.93125 0.078125 0.109375
11 0.6375 0.89375 0.0796875 0.034375
11 0.2265625 0.9828125 0.046875 0.0328125
11 0.49375 0.95625 0.046875 0.0453125
11 0.1796875 0.928125 0.0796875 0.05625
11 0.190625 0.9828125 0.0875 0.0328125
11 0.11875 0.9828125 0.0671875 0.034375
11 0.11875 0.9375 0.08125 0.040625
11 0.109375 0.8921875 0.0640625 0.0328125
11 0.375 0.9203125 0.04375 0.0890625