8 0.7453125 0.3984375 0.0609375 0.078125
8 0.734375 0.353125 0.0390625 0.0296875
8 0.66875 0.315625 0.0484375 0.1015625
8 0.71875 0.3 0.059375 0.04375
8 0.590625 0.396875 0.059375 0.0390625
8 0.59375 0.3796875 0.0484375 0.0421875
8 0.5171875 0.44375 0.0796875 0.0828125
8 0.5734375 0.440625 0.0375 0.065625
8 0.4984375 0.4515625 0.0484375 0.0453125
8 0.4453125 0.4984375 0.0859375 0.040625
8 0.4734375 0.546875 0.071875 0.0796875
8 0.69375 0.509375 0.11875 0.0515625
8 0.9421875 0.603125 0.05625 0.078125
8 0.74375 0.75625 0.1078125 0.0546875
8 0.6734375 0.7484375 0.0875 0.053125
8 0.628125 0.6328125 0.05625 0.0328125
8 0.61875 0.6640625 0.0453125 0.034375
8 0.6265625 0.575 0.0796875 0.05625
8 0.6703125 0.6109375 0.0421875 0.040625
8 0.5859375 0.51875 0.078125 0.0703125
8 0.55625 0.590625 0.0765625 0.053125
8 0.39375 0.7484375 0.078125 0.0765625
8 0.3625 0.603125 0.084375 0.0390625
8 0.3546875 0.4453125 0.0484375 0.059375
8 0.190625 0.4765625 0.0984375 0.078125
8 0.203125 0.35 0.0734375 0.053125
8 0.3578125 0.309375 0.065625 0.08125
8 0.090625 0.365625 0.0859375 0.0390625
8 0.05625 0.4234375 0.0625 0.0640625
8 0.0859375 0.490625 0.046875 0.0484375
8 0.159375 0.565625 0.0875 0.0421875
8 0.11875 0.6390625 0.084375 0.0359375
8 0.1796875 0.684375 0.08125 0.0484375
8 0.2890625 0.5625 0.0546875 0.034375
8 0.259375 0.528125 0.09375 0.0421875
8 0.309375 0.625 0.0546875 0.04375
8 0.4171875 0.6703125 0.0671875 0.0359375
8 0.275 0.4234375 0.0796875 0.071875
8 0.41875 0.23125 0.046875 0.0359375
8 0.3125 0.2390625 0.0578125 0.0609375
8 0.4203125 0.259375 0.0515625 0.034375
8 0.575 0.2984375 0.084375 0.046875
8 0.5890625 0.2453125 0.0578125 0.053125
8 0.4015625 0.3921875 0.0390625 0.0734375
8 0.928125 0.3703125 0.0796875 0.059375
8 0.9859375 0.415625 0.025 0.0734375
8 0.85625 0.321875 0.05625 0.0765625
8 0.8453125 0.521875 0.0546875 0.075
8 0.834375 0.678125 0.040625 0.0328125
8 0.74453125 0.0296875 0.0609375 0.059375
8 0.734375 0.065625 0.0390625 0.0296875
8 0.66875 0.103125 0.0484375 0.1015625
8 0.71875 0.11875 0.059375 0.04375
8 0.590625 0.021875 0.059375 0.0390625
8 0.59375 0.0390625 0.0484375 0.0421875
8 0.9421875 0.96640625 0.05625 0.0671875
8 0.74375 0.81875 0.1078125 0.0546875
8 0.6734375 0.8265625 0.0875 0.053125
8 0.628125 0.9421875 0.05625 0.0328125
8 0.61875 0.9109375 0.0453125 0.034375
8 0.62578125 0.9859375 0.0796875 0.028125
8 0.6703125 0.9640625 0.0421875 0.040625
8 0.55546875 0.97890625 0.0765625 0.0421875
8 0.39375 0.8265625 0.078125 0.0765625
8 0.3625 0.971875 0.084375 0.0390625
8 0.203125 0.06875 0.0734375 0.053125
8 0.3578125 0.109375 0.065625 0.08125
8 0.090625 0.053125 0.0859375 0.0390625
8 0.05625 0.01328125 0.0625 0.0265625
8 0.159375 0.99375 0.0875 0.0125
8 0.11875 0.9359375 0.084375 0.0359375
8 0.1796875 0.890625 0.08125 0.0484375
8 0.309375 0.95 0.0546875 0.04375
8 0.4171875 0.9046875 0.0671875 0.0359375
8 0.27421875 0.015625 0.0796875 0.03125
8 0.41875 0.1875 0.046875 0.0359375
8 0.3125 0.1796875 0.0578125 0.0609375
8 0.4203125 0.159375 0.0515625 0.034375
8 0.575 0.1203125 0.084375 0.046875
8 0.5890625 0.1734375 0.0578125 0.053125
8 0.40078125 0.03125 0.0390625 0.0625
8 0.928125 0.0484375 0.0796875 0.059375
8 0.9859375 0.01953125 0.025 0.0390625
8 0.85625 0.096875 0.05625 0.0765625
8 0.834375 0.896875 0.040625 0.0328125