11 0.4828125 0.621875 0.059375 0.0578125
11 0.4140625 0.6171875 0.0421875 0.05625
11 0.7890625 0.546875 0.0671875 0.04375
11 0.3 0.59375 0.04375 0.071875
11 0.296875 0.6453125 0.0734375 0.0453125
11 0.828125 0.51875 0.0703125 0.053125
11 0.3875 0.4359375 0.0375 0.0515625
11 0.45 0.2703125 0.0765625 0.0484375
11 0.6125 0.3890625 0.0421875 0.0421875
11 0.4984375 0.3453125 0.071875 0.053125
11 0.625 0.259375 0.0390625 0.059375
11 0.8046875 0.2609375 0.05 0.0671875
11 0.7609375 0.4140625 0.059375 0.0796875
11 0.7296875 0.4546875 0.0546875 0.059375
11 0.671875 0.4609375 0.046875 0.0765625
11 0.8265625 0.3375 0.0734375 0.0640625
11 0.8609375 0.475 0.059375 0.0375
11 0.890625 0.51875 0.0453125 0.046875
11 0.9546875 0.53125 0.0671875 0.0359375
11 0.2828125 0.453125 0.046875 0.06875