11 0.484375 0.5484375 0.0296875 0.028125
11 0.515625 0.571875 0.025 0.0328125
11 0.353125 0.4421875 0.0234375 0.0296875
11 0.5203125 0.3421875 0.0375 0.0328125
11 0.40625 0.34375 0.0265625 0.0234375
11 0.1265625 0.134375 0.0390625 0.0203125
11 0.328125 0.5609375 0.0296875 0.0234375
11 0.7234375 0.65625 0.0234375 0.028125
11 0.24375 0.565625 0.0328125 0.015625
11 0.584375 0.26875 0.03125 0.015625
11 0.33125 0.4640625 0.0265625 0.0265625
11 0.5 0.3765625 0.0328125 0.034375
11 0.1625 0.1515625 0.0328125 0.0171875
11 0.1140625 0.6828125 0.0390625 0.0203125
11 0.4578125 0.5875 0.0328125 0.0234375
11 0.3859375 0.346875 0.025 0.021875
11 0.265625 0.140625 0.0296875 0.021875
11 0.4796875 0.4765625 0.028125 0.0359375
11 0.2890625 0.28125 0.0421875 0.0234375
11 0.4578125 0.25 0.0296875 0.0328125
11 0.5078125 0.4515625 0.025 0.0328125
11 0.2171875 0.4171875 0.0328125 0.0390625
11 0.2390625 0.6171875 0.0328125 0.021875
11 0.4796875 0.4390625 0.0296875 0.0359375
11 0.2734375 0.475 0.034375 0.0234375
11 0.134375 0.2140625 0.0375 0.0203125
11 0.515625 0.1359375 0.0234375 0.021875
11 0.2328125 0.1390625 0.03125 0.025
11 0.328125 0.3625 0.0265625 0.03125
11 0.36875 0.4828125 0.0296875 0.0296875
11 0.246875 0.215625 0.0296875 0.021875
11 0.278125 0.178125 0.0265625 0.03125
11 0.325 0.175 0.0265625 0.0359375
11 0.171875 0.4921875 0.0234375 0.0234375
11 0.5765625 0.5375 0.03125 0.025
11 0.359375 0.6109375 0.0296875 0.01875
11 0.3625 0.2140625 0.0375 0.01875
11 0.028125 0.20625 0.0359375 0.0203125
11 0.1421875 0.4921875 0.034375 0.021875
11 0.2015625 0.1953125 0.03125 0.021875
11 0.171875 0.2328125 0.021875 0.03125
11 0.30625 0.39375 0.0234375 0.0296875
11 0.1484375 0.259375 0.025 0.025
11 0.55 0.4453125 0.028125 0.0359375
11 0.66875 0.6703125 0.0234375 0.03125
11 0.9765625 0.5796875 0.0234375 0.0234375
11 0.990625 0.540625 0.0140625 0.025
11 0.975 0.54375 0.0171875 0.0203125
11 0.9609375 0.546875 0.021875 0.0140625
11 0.6453125 0.65 0.021875 0.0140625
11 0.646875 0.6390625 0.03125 0.0203125
11 0.6578125 0.6171875 0.0234375 0.025
11 0.7015625 0.6453125 0.01875 0.0203125
11 0.6734375 0.7 0.0390625 0.0265625
11 0.1265625 0.115625 0.0390625 0.0203125
11 0.1625 0.0984375 0.0328125 0.0171875
11 0.265625 0.109375 0.0296875 0.021875
11 0.45625 0.0078125 0.0296875 0.015625
11 0.134375 0.0359375 0.0375 0.0203125
11 0.515625 0.1140625 0.0234375 0.021875
11 0.2328125 0.1109375 0.03125 0.025
11 0.246875 0.034375 0.0296875 0.021875
11 0.278125 0.071875 0.0265625 0.03125
11 0.325 0.075 0.0265625 0.0359375
11 0.3625 0.0359375 0.0375 0.01875
11 0.028125 0.04375 0.0359375 0.0203125
11 0.2015625 0.0546875 0.03125 0.021875
11 0.171875 0.0171875 0.021875 0.03125