0 0.26875 0.74375 0.5234375 0.1734375
0 0.84375 0.6546875 0.309375 0.2078125
0 0.0828125 0.478125 0.165625 0.2609375
0 0.890625 0.2890625 0.2171875 0.234375
0 0.4734375 0.525 0.4109375 0.16875
0 0.54375 0.6265625 0.4984375 0.1390625
0 0.29375 0.4171875 0.3421875 0.1890625
0 0.1890625 0.2796875 0.378125 0.2265625
0 0.171875 0.2546875 0.26875 0.1765625
0 0.7875 0.440625 0.1640625 0.2140625
0 0.8140625 0.5515625 0.1984375 0.296875
0 0.2671875 0.915625 0.5234375 0.1671875
0 0.84375 0.9515625 0.309375 0.0953125
0 0.8890625 0.0796875 0.2171875 0.159375
0 0.5421875 0.9828125 0.4984375 0.0328125
0 0.1890625 0.08125 0.378125 0.1625
0 0.171875 0.08125 0.26875 0.1625