8 0.5578125 0.3515625 0.1171875 0.103125
8 0.596875 0.265625 0.09375 0.0875
8 0.715625 0.38125 0.15625 0.0765625
8 0.4890625 0.11875 0.1171875 0.1546875
8 0.3421875 0.39375 0.1140625 0.125
8 0.4703125 0.4125 0.0984375 0.0765625
8 0.5109375 0.5359375 0.134375 0.0921875
8 0.3859375 0.61875 0.11875 0.14375
8 0.465625 0.6984375 0.128125 0.11875
8 0.21875 0.8125 0.1328125 0.0796875
8 0.1984375 0.9109375 0.146875 0.0859375
8 0.365625 0.91875 0.125 0.06875
8 0.6828125 0.9328125 0.1484375 0.121875
8 0.84375 0.4234375 0.0359375 0.1
8 0.978125 0.38046875 0.04375 0.0765625
8 0.0484375 0.81171875 0.096875 0.0796875
8 0.0625 0.91015625 0.125 0.0859375
8 0.90625 0.4234375 0.0359375 0.1