10 0.40625 0.2796875 0.15 0.0890625
10 0.36875 0.3546875 0.1453125 0.09375
10 0.50625 0.2609375 0.04375 0.1453125
10 0.51875 0.36875 0.109375 0.0828125
10 0.703125 0.5 0.178125 0.071875
10 0.5921875 0.64375 0.1734375 0.1015625
10 0.7328125 0.8015625 0.1265625 0.1328125
10 0.2640625 0.55 0.19375 0.109375
10 0.0359375 0.30625 0.071875 0.16875
10 0.4109375 0.453125 0.1671875 0.0921875
10 0.478125 0.421875 0.13125 0.0859375
10 0.2515625 0.8 0.0890625 0.1484375
10 0.3828125 0.8265625 0.06875 0.0953125
10 0.5 0.8390625 0.0828125 0.0703125
10 0.8671875 0.8453125 0.05 0.0578125
10 0.50625 0.0296875 0.04375 0.059375
10 0.73125 0.940625 0.1265625 0.11875
10 0.25 0.9375 0.0890625 0.125
10 0.3828125 0.9234375 0.06875 0.0953125
10 0.5 0.9109375 0.0828125 0.0703125
10 0.8671875 0.9046875 0.05 0.0578125