13 0.7203125 0.903125 0.1046875 0.109375
13 0.465625 0.409375 0.0734375 0.09375
13 0.56875 0.471875 0.1015625 0.0828125
13 0.6515625 0.5046875 0.1328125 0.1
13 0.6859375 0.39375 0.08125 0.0734375
13 0.5984375 0.365625 0.0578125 0.0640625
13 0.6203125 0.146875 0.0859375 0.05
13 0.509375 0.10625 0.0953125 0.0609375
13 0.43125 0.3578125 0.084375 0.071875
13 0.34375 0.3578125 0.0828125 0.0359375
13 0.484375 0.284375 0.10625 0.0484375
13 0.3890625 0.6890625 0.0734375 0.10625
13 0.4296875 0.9078125 0.0703125 0.0734375