11 0.6421875 0.2640625 0.0484375 0.0703125
11 0.6609375 0.3359375 0.05 0.0640625
11 0.709375 0.3890625 0.059375 0.0640625
11 0.6515625 0.1515625 0.0546875 0.075
11 0.5390625 0.2296875 0.065625 0.0578125
11 0.753125 0.24375 0.059375 0.0734375
11 0.5765625 0.33125 0.06875 0.065625
11 0.70625 0.4921875 0.04375 0.0921875
11 0.728125 0.184375 0.06875 0.0640625
11 0.55625 0.0984375 0.071875 0.0609375
11 0.6375 0.44375 0.05 0.0859375
11 0.6375 0.3796875 0.059375 0.0640625
11 0.5765625 0.1421875 0.05625 0.0578125
11 0.540625 0.55 0.05625 0.065625
11 0.65 0.5203125 0.0625 0.0453125
11 0.5796875 0.4 0.0484375 0.0796875
11 0.5796875 0.28125 0.05625 0.04375
11 0.596875 0.2046875 0.078125 0.0453125
11 0.60625 0.4875 0.059375 0.059375
11 0.1421875 0.3125 0.034375 0.0796875
11 0.4265625 0.4421875 0.0828125 0.059375
11 0.303125 0.19375 0.08125 0.05
11 0.509375 0.284375 0.0515625 0.0671875
11 0.8328125 0.5515625 0.0828125 0.0640625
11 0.7703125 0.4671875 0.05625 0.0703125
11 0.5375 0.1671875 0.065625 0.0453125
11 0.6734375 0.5875 0.0796875 0.0578125
11 0.3484375 0.278125 0.04375 0.11875
11 0.2109375 0.21875 0.05625 0.06875
11 0.4078125 0.3609375 0.053125 0.0734375
11 0.471875 0.546875 0.05625 0.065625
11 0.38125 0.128125 0.0515625 0.0765625
11 0.2765625 0.2640625 0.0484375 0.0796875
11 0.246875 0.5453125 0.0640625 0.0875
11 0.45625 0.128125 0.0515625 0.0515625
11 0.3625 0.1578125 0.0421875 0.059375
11 0.315625 0.153125 0.0703125 0.0484375
11 0.4453125 0.2859375 0.065625 0.0453125
11 0.446875 0.3171875 0.09375 0.040625
11 0.4609375 0.365625 0.040625 0.0828125
11 0.5203125 0.4796875 0.0640625 0.0375
11 0.9828125 0.2421875 0.0328125 0.0734375
11 0.1078125 0.3125 0.034375 0.0796875
11 0.9171875 0.5515625 0.0828125 0.0640625
11 0.975 0.465625 0.0484375 0.0703125
11 0.0390625 0.21875 0.05625 0.06875
11 0.0171875 0.5453125 0.034375 0.0875