11 0.6390625 0.8390625 0.128125 0.0703125
11 0.1734375 0.69375 0.165625 0.11875
11 0.371875 0.540625 0.1078125 0.1203125
11 0.3390625 0.64375 0.146875 0.08125
11 0.134375 0.5265625 0.0984375 0.14375
11 0.3046875 0.28125 0.121875 0.078125
11 0.434375 0.275 0.0984375 0.0765625
11 0.484375 0.740625 0.1296875 0.103125
11 0.7109375 0.640625 0.1484375 0.0765625
11 0.140625 0.4046875 0.0765625 0.078125
11 0.4546875 0.2046875 0.1171875 0.0578125
11 0.6359375 0.70625 0.1265625 0.0828125
11 0.5 0.6078125 0.0859375 0.09375
11 0.31875 0.1734375 0.1015625 0.0984375
11 0.69375 0.553125 0.0984375 0.1390625
11 0.521875 0.3015625 0.096875 0.1171875
11 0.375 0.396875 0.1015625 0.0875
11 0.6609375 0.196875 0.1109375 0.0453125
11 0.553125 0.5375 0.0953125 0.1125
11 0.9359375 0.1484375 0.0515625 0.046875
11 0.6390625 0.909375 0.128125 0.0703125
11 0.4828125 0.978125 0.1296875 0.04375
11 0.4546875 0.0453125 0.1171875 0.0578125
11 0.31875 0.0765625 0.1015625 0.0984375
11 0.6609375 0.053125 0.1109375 0.0453125
11 0.9359375 0.1015625 0.0515625 0.046875