9 0.4546875 0.60625 0.084375 0.053125
9 0.59375 0.434375 0.0890625 0.0453125
9 0.3375 0.7109375 0.090625 0.059375
9 0.375 0.23125 0.0953125 0.05
9 0.66875 0.709375 0.090625 0.0625
9 0.621875 0.3625 0.0671875 0.0546875
9 0.5875 0.2890625 0.06875 0.0859375
9 0.85625 0.253125 0.0828125 0.071875
9 0.3546875 0.2921875 0.0984375 0.040625
9 0.3625 0.334375 0.0875 0.0609375
9 0.675 0.465625 0.0859375 0.0796875
9 0.1625 0.7734375 0.0859375 0.0625
9 0.38125 0.5703125 0.0859375 0.040625
9 0.45 0.53125 0.053125 0.0359375
9 0.4703125 0.2390625 0.059375 0.0796875
9 0.553125 0.34375 0.0890625 0.0703125
9 0.9578125 0.290625 0.0515625 0.0625
9 0.8765625 0.3453125 0.0609375 0.075
9 0.5296875 0.2484375 0.0515625 0.0625
9 0.5109375 0.4796875 0.0828125 0.05625
9 0.21875 0.3609375 0.071875 0.084375
9 0.725 0.64375 0.0953125 0.065625
9 0.0390625 0.796875 0.075 0.0453125
9 0.153125 0.2765625 0.0984375 0.0640625
9 0.159375 0.7046875 0.08125 0.05625
9 0.3203125 0.6609375 0.0625 0.065625
9 0.834375 0.3734375 0.0484375 0.0828125
9 0.2640625 0.7375 0.0421875 0.0796875
9 0.20625 0.74375 0.059375 0.0484375
9 0.0890625 0.778125 0.0578125 0.0421875
9 0.1078125 0.7984375 0.0359375 0.0671875
9 0.2328125 0.5859375 0.0609375 0.0421875
9 0.2625 0.603125 0.04375 0.0578125
9 0.3125 0.6171875 0.065625 0.0515625
9 0.3375 0.953125 0.090625 0.059375
9 0.375 0.103125 0.0953125 0.05
9 0.66875 0.9546875 0.090625 0.0625
9 0.5875 0.0453125 0.06875 0.0859375
9 0.85625 0.08125 0.0828125 0.071875
9 0.3546875 0.0421875 0.0984375 0.040625
9 0.3625 0.0140625 0.0875 0.028125
9 0.1625 0.890625 0.0859375 0.0625
9 0.4703125 0.0953125 0.059375 0.0796875
9 0.5515625 0.0125 0.0890625 0.025
9 0.9578125 0.04375 0.0515625 0.0625
9 0.87421875 0.0125 0.0609375 0.025
9 0.5296875 0.0859375 0.0515625 0.0625
9 0.0390625 0.8671875 0.075 0.0453125
9 0.153125 0.0578125 0.0984375 0.0640625
9 0.159375 0.959375 0.08125 0.05625
9 0.3203125 0.984375 0.0625 0.0296875
9 0.2640625 0.9265625 0.0421875 0.0796875
9 0.20625 0.9203125 0.059375 0.0484375
9 0.0890625 0.8859375 0.0578125 0.0421875
9 0.1078125 0.865625 0.0359375 0.0671875