13 0.290625 0.7328125 0.03125 0.0546875
13 0.315625 0.3484375 0.0390625 0.04375
13 0.4328125 0.3984375 0.05625 0.0328125
13 0.64375 0.665625 0.034375 0.059375
13 0.7015625 0.69375 0.03125 0.05
13 0.7125 0.6015625 0.034375 0.059375
13 0.765625 0.603125 0.0359375 0.053125
13 0.8171875 0.596875 0.0578125 0.05
13 0.7671875 0.5125 0.040625 0.05625
13 0.8 0.4609375 0.046875 0.03125
13 0.7703125 0.41875 0.0296875 0.0484375
13 0.7546875 0.45 0.0203125 0.04375
13 0.7234375 0.4203125 0.040625 0.0515625
13 0.7 0.3703125 0.034375 0.0390625
13 0.684375 0.3953125 0.071875 0.034375
13 0.6828125 0.471875 0.0484375 0.05625
13 0.6734375 0.5375 0.025 0.0546875
13 0.715625 0.53125 0.06875 0.0390625
13 0.6609375 0.5640625 0.0359375 0.0546875
13 0.640625 0.4734375 0.0296875 0.0484375
13 0.6375 0.428125 0.0484375 0.046875
13 0.6140625 0.378125 0.04375 0.0296875
13 0.315625 0.9265625 0.0484375 0.0703125
13 0.7375 0.1921875 0.078125 0.0390625
13 0.7734375 0.1328125 0.0671875 0.0390625
13 0.8234375 0.075 0.0453125 0.053125
13 0.6921875 0.1578125 0.0375 0.05625
13 0.621875 0.21875 0.0296875 0.0671875