8 0.5171875 0.4203125 0.1078125 0.1265625
8 0.6078125 0.396875 0.109375 0.0421875
8 0.6171875 0.325 0.0953125 0.053125
8 0.4734375 0.2171875 0.1515625 0.0953125
8 0.1609375 0.240625 0.09375 0.096875
8 0.175 0.3640625 0.1171875 0.0953125
8 0.2875 0.3578125 0.053125 0.0984375
8 0.165625 0.4421875 0.125 0.0859375
8 0.284375 0.5171875 0.0625 0.0828125
8 0.4640625 0.5671875 0.1015625 0.1046875
8 0.4609375 0.703125 0.0640625 0.09375
8 0.575 0.6421875 0.1375 0.0609375
8 0.675 0.5515625 0.05625 0.1078125
8 0.6140625 0.4734375 0.096875 0.128125
8 0.746875 0.5921875 0.1171875 0.075
8 0.7546875 0.3328125 0.09375 0.125
8 0.9828125 0.3359375 0.03125 0.075
8 0.8625 0.1953125 0.071875 0.059375
8 0.61640625 0.01640625 0.0953125 0.0328125
8 0.4734375 0.1140625 0.1515625 0.0953125
8 0.1609375 0.090625 0.09375 0.096875
8 0.2875 0.0109375 0.053125 0.021875
8 0.46015625 0.95703125 0.0640625 0.0859375
8 0.7546875 0.03046875 0.09375 0.0609375
8 0.9828125 0.01640625 0.03125 0.0328125
8 0.8625 0.1359375 0.071875 0.059375