8 0.4828125 0.48125 0.084375 0.0390625
8 0.475 0.525 0.053125 0.0390625
8 0.403125 0.5296875 0.0625 0.0484375
8 0.09375 0.40625 0.0640625 0.0390625
8 0.55 0.540625 0.0625 0.028125
8 0.7171875 0.51875 0.0640625 0.0265625
8 0.9484375 0.575 0.0734375 0.0515625
8 0.4828125 0.265625 0.084375 0.0390625
8 0.4828125 0.7703125 0.084375 0.0390625
8 0.4828125 0.9828125 0.084375 0.034375
8 0.475 0.221875 0.053125 0.0390625
8 0.475 0.7265625 0.053125 0.0390625
8 0.475 0.01875 0.053125 0.0375
8 0.403125 0.2171875 0.0625 0.0484375
8 0.403125 0.721875 0.0625 0.0484375
8 0.403125 0.0234375 0.0625 0.046875
8 0.09375 0.340625 0.0640625 0.0390625
8 0.09375 0.8453125 0.0640625 0.0390625
8 0.09375 0.9109375 0.0640625 0.0390625
8 0.55 0.20625 0.0625 0.028125
8 0.55 0.7109375 0.0625 0.028125
8 0.55 0.034375 0.0625 0.028125
8 0.7171875 0.228125 0.0640625 0.0265625
8 0.7171875 0.7328125 0.0640625 0.0265625
8 0.71640625 0.0125 0.0640625 0.025
8 0.9484375 0.171875 0.0734375 0.0515625
8 0.9484375 0.6765625 0.0734375 0.0515625
8 0.9484375 0.06875 0.0734375 0.0515625