13 0.4203125 0.25625 0.084375 0.09375
13 0.5609375 0.5328125 0.065625 0.059375
13 0.5390625 0.5703125 0.06875 0.04375
13 0.453125 0.5234375 0.053125 0.0515625
13 0.3953125 0.596875 0.0671875 0.1078125
13 0.4859375 0.628125 0.0703125 0.053125
13 0.515625 0.6640625 0.0828125 0.0578125
13 0.51875 0.75 0.0578125 0.090625
13 0.734375 0.7171875 0.04375 0.090625
13 0.7140625 0.6171875 0.059375 0.059375
13 0.671875 0.56875 0.075 0.0546875
13 0.61875 0.565625 0.0375 0.0671875
13 0.6203125 0.628125 0.0703125 0.05625
13 0.740625 0.4234375 0.08125 0.0453125
13 0.7734375 0.3703125 0.090625 0.078125
13 0.2578125 0.0546875 0.0640625 0.109375
13 0.78125 0.45 0.0828125 0.05
13 0.796875 0.490625 0.078125 0.05625
13 0.8546875 0.5359375 0.0390625 0.04375
13 0.846875 0.59375 0.053125 0.0609375
13 0.984375 0.421875 0.03125 0.0453125
13 0.965625 0.3703125 0.06875 0.078125
13 0.0109375 0.0546875 0.021875 0.109375
13 0.9625 0.45 0.0734375 0.05
13 0.953125 0.490625 0.078125 0.05625
13 0.8953125 0.5359375 0.0390625 0.04375
13 0.903125 0.59375 0.053125 0.0609375