1 0.7859375 0.3609375 0.1375 0.1296875
1 0.4796875 0.1671875 0.140625 0.1328125
1 0.4515625 0.3171875 0.1 0.08125
1 0.2890625 0.378125 0.11875 0.1203125
1 0.1921875 0.4953125 0.13125 0.1015625
1 0.175 0.403125 0.1 0.0625
1 0.3890625 0.509375 0.1125 0.103125
1 0.5140625 0.4734375 0.1140625 0.1015625
1 0.6734375 0.5578125 0.125 0.103125
1 0.5453125 0.83125 0.196875 0.1078125
1 0.209375 0.71875 0.16875 0.109375
1 0.946875 0.359375 0.1046875 0.1296875
1 0.0609375 0.49296875 0.121875 0.1015625
1 0.075 0.403125 0.1 0.0625
1 0.0625 0.71875 0.125 0.109375