8 0.140625 0.5484375 0.078125 0.0484375
8 0.1640625 0.628125 0.071875 0.059375
8 0.2953125 0.675 0.065625 0.0375
8 0.4109375 0.79375 0.06875 0.096875
8 0.1921875 0.7828125 0.05 0.0765625
8 0.1078125 0.8125 0.05 0.0828125
8 0.2734375 0.5515625 0.0515625 0.0640625
8 0.2 0.2921875 0.0796875 0.0640625
8 0.2328125 0.221875 0.0421875 0.0734375
8 0.7234375 0.4140625 0.0875 0.04375
8 0.7453125 0.4890625 0.065625 0.028125
8 0.834375 0.7625 0.0765625 0.075
8 0.4109375 0.95390625 0.06875 0.0921875
8 0.1921875 0.9640625 0.05 0.071875
8 0.1078125 0.9375 0.05 0.0828125
8 0.23203125 0.03203125 0.0421875 0.0640625
8 0.83359375 0.975 0.0765625 0.05