8 0.45625 0.5515625 0.053125 0.0421875
8 0.3796875 0.46875 0.0671875 0.046875
8 0.6421875 0.375 0.0515625 0.0234375
8 0.6734375 0.41875 0.0515625 0.01875
8 0.865625 0.39375 0.0375 0.0328125
8 0.875 0.296875 0.0546875 0.0234375
8 0.275 0.5875 0.0546875 0.04375
8 0.13125 0.653125 0.028125 0.03125
8 0.1578125 0.678125 0.0515625 0.0265625
8 0.21875 0.715625 0.0484375 0.0328125
8 0.5671875 0.7515625 0.04375 0.03125
8 0.45625 0.98359375 0.053125 0.0328125
8 0.37890625 0.00546875 0.0671875 0.0109375
8 0.6421875 0.08125 0.0515625 0.0234375
8 0.6734375 0.0375 0.0515625 0.01875
8 0.865625 0.0625 0.0375 0.0328125
8 0.875 0.159375 0.0546875 0.0234375
8 0.275 0.953125 0.0546875 0.04375
8 0.13125 0.8875 0.028125 0.03125
8 0.1578125 0.8625 0.0515625 0.0265625
8 0.21875 0.825 0.0484375 0.0328125
8 0.5671875 0.7890625 0.04375 0.03125