13 0.4578125 0.1390625 0.0640625 0.0890625
13 0.3265625 0.303125 0.0703125 0.0484375
13 0.3859375 0.3171875 0.0609375 0.075
13 0.4921875 0.28125 0.078125 0.0546875
13 0.659375 0.2734375 0.034375 0.0796875
13 0.6484375 0.315625 0.1046875 0.053125
13 0.684375 0.371875 0.0796875 0.0640625
13 0.834375 0.5734375 0.0484375 0.0859375
13 0.7046875 0.459375 0.0671875 0.05625
13 0.565625 0.4703125 0.06875 0.059375
13 0.490625 0.4203125 0.0546875 0.0703125
13 0.4078125 0.4484375 0.0609375 0.078125
13 0.4265625 0.515625 0.0640625 0.0671875
13 0.5015625 0.471875 0.053125 0.084375
13 0.53125 0.59375 0.0296875 0.06875
13 0.5765625 0.5375 0.053125 0.078125
13 0.6125 0.64375 0.0453125 0.0609375
13 0.609375 0.6796875 0.0890625 0.053125
13 0.678125 0.6875 0.0671875 0.0890625
13 0.7328125 0.684375 0.0359375 0.06875
13 0.73125 0.7203125 0.0578125 0.075
13 0.7609375 0.69375 0.06875 0.0484375
13 0.853125 0.7671875 0.040625 0.0859375
13 0.7578125 0.765625 0.0640625 0.0625
13 0.7234375 0.8703125 0.05625 0.084375
13 0.7625 0.953125 0.0890625 0.0921875
13 0.6546875 0.8828125 0.078125 0.0578125
13 0.6265625 0.821875 0.065625 0.0484375
13 0.596875 0.7671875 0.08125 0.053125
13 0.5171875 0.8015625 0.0625 0.08125
13 0.465625 0.8109375 0.034375 0.075
13 0.459375 0.890625 0.0390625 0.0734375
13 0.4125 0.8046875 0.0421875 0.059375
13 0.4125 0.75625 0.0796875 0.0421875
13 0.4484375 0.70625 0.096875 0.0421875
13 0.359375 0.6921875 0.0734375 0.046875
13 0.2453125 0.640625 0.03125 0.09375
13 0.20625 0.6703125 0.0453125 0.075
13 0.1765625 0.6453125 0.06875 0.078125
13 0.1765625 0.753125 0.06875 0.0484375
13 0.2109375 0.8109375 0.0859375 0.0546875
13 0.2421875 0.859375 0.0421875 0.078125
13 0.28125 0.8546875 0.0671875 0.065625
13 0.29375 0.796875 0.05 0.05625
13 0.2859375 0.7875 0.0875 0.04375
13 0.3484375 0.784375 0.0484375 0.0546875
13 0.36875 0.85625 0.05 0.096875
13 0.3015625 0.9015625 0.0671875 0.0609375
13 0.40625 0.934375 0.090625 0.05
13 0.4078125 0.86875 0.0328125 0.0734375
13 0.38125 0.9703125 0.0671875 0.05625
13 0.5296875 0.9421875 0.0484375 0.0703125
13 0.5703125 0.8671875 0.0671875 0.0546875
13 0.603125 0.9078125 0.05 0.0625
13 0.54375 0.890625 0.0671875 0.0609375
13 0.5859375 0.9640625 0.0625 0.0671875
13 0.8296875 0.846875 0.0859375 0.0484375
13 0.21875 0.315625 0.0640625 0.0625
13 0.1640625 0.321875 0.0546875 0.0515625
13 0.228125 0.4265625 0.071875 0.0328125
13 0.1796875 0.390625 0.0578125 0.05
13 0.19375 0.1984375 0.0640625 0.0390625
13 0.1453125 0.090625 0.040625 0.1015625
13 0.1453125 0.828125 0.040625 0.078125
13 0.915625 0.5734375 0.0484375 0.0859375
13 0.9765625 0.6921875 0.0453125 0.0484375
13 0.896875 0.7671875 0.040625 0.0859375
13 0.9796875 0.765625 0.040625 0.0625
13 0.9703125 0.9515625 0.0578125 0.0921875
13 0.009375 0.640625 0.01875 0.09375
13 0.04375 0.6703125 0.0453125 0.075
13 0.0734375 0.6453125 0.06875 0.078125
13 0.0734375 0.753125 0.06875 0.0484375
13 0.040625 0.809375 0.08125 0.0546875
13 0.0140625 0.859375 0.028125 0.078125
13 0.9203125 0.846875 0.0859375 0.0484375
13 0.03125 0.315625 0.0625 0.0625
13 0.0859375 0.321875 0.0546875 0.0515625
13 0.028125 0.42421875 0.05625 0.0328125
13 0.0703125 0.390625 0.0578125 0.05
13 0.05625 0.1984375 0.0640625 0.0390625
13 0.1046875 0.090625 0.040625 0.1015625
13 0.1046875 0.828125 0.040625 0.078125