11 0.3296875 0.5453125 0.0453125 0.040625
11 0.6171875 0.6234375 0.0546875 0.0484375
11 0.45 0.5171875 0.0546875 0.0359375
11 0.378125 0.5359375 0.0359375 0.034375
11 0.396875 0.5640625 0.03125 0.0484375
11 0.5640625 0.578125 0.0578125 0.0390625
11 0.2984375 0.559375 0.040625 0.0328125
11 0.528125 0.5390625 0.0359375 0.034375
11 0.3265625 0.5828125 0.03125 0.0375
11 0.5171875 0.5703125 0.034375 0.034375
11 0.478125 0.575 0.040625 0.0484375
11 0.396875 0.6234375 0.0296875 0.0296875
11 0.4875 0.5453125 0.0359375 0.046875
11 0.553125 0.6109375 0.0515625 0.034375
11 0.3671875 0.578125 0.0265625 0.0359375
11 0.46875 0.6171875 0.0421875 0.03125
11 0.5453125 0.640625 0.04375 0.03125
11 0.421875 0.5671875 0.0203125 0.0546875
11 0.4 0.5984375 0.0328125 0.0296875
11 0.45 0.5734375 0.025 0.0484375
11 0.4 0.6640625 0.028125 0.0390625
11 0.4359375 0.54375 0.0359375 0.0265625
11 0.425 0.6421875 0.021875 0.0453125