13 0.5765625 0.5203125 0.15 0.2546875
13 0.746875 0.478125 0.1828125 0.215625
13 0.7078125 0.365625 0.1921875 0.1828125
13 0.846875 0.2140625 0.1546875 0.1671875
13 0.921875 0.1484375 0.153125 0.0484375
13 0.159375 0.3234375 0.271875 0.1890625
13 0.1671875 0.4796875 0.1484375 0.1890625
13 0.29375 0.675 0.24375 0.1828125
13 0.4796875 0.5265625 0.134375 0.2453125
13 0.6421875 0.1890625 0.178125 0.128125
13 0.3671875 0.2078125 0.21875 0.1671875
13 0.375 0.784375 0.275 0.178125
13 0.8453125 0.059375 0.1546875 0.11875
13 0.921875 0.1015625 0.153125 0.0484375
13 0.6421875 0.0625 0.178125 0.125
13 0.3671875 0.0625 0.21875 0.125
13 0.375 0.9375 0.275 0.1234375