8 0.328125 0.3109375 0.096875 0.103125
8 0.4921875 0.2390625 0.1359375 0.1234375
8 0.3328125 0.4046875 0.1515625 0.0828125
8 0.26875 0.5484375 0.109375 0.0875
8 0.146875 0.3046875 0.1515625 0.1125
8 0.1328125 0.2140625 0.0921875 0.0984375
8 0.446875 0.5671875 0.128125 0.1296875
8 0.596875 0.540625 0.140625 0.128125
8 0.675 0.3703125 0.11875 0.1234375
8 0.8015625 0.2265625 0.1109375 0.121875
8 0.896875 0.328125 0.1078125 0.078125
8 0.9734375 0.4765625 0.0515625 0.0953125
8 0.9015625 0.66875 0.121875 0.1078125
8 0.734375 0.659375 0.1171875 0.0921875
8 0.8046875 0.7640625 0.1171875 0.1328125
8 0.6265625 0.71875 0.078125 0.140625
8 0.565625 0.7265625 0.0640625 0.1265625
8 0.425 0.7609375 0.0640625 0.128125
8 0.328125 0.0359375 0.096875 0.071875
8 0.4921875 0.0921875 0.1359375 0.1234375
8 0.14609375 0.04140625 0.1515625 0.0828125
8 0.1328125 0.1171875 0.0921875 0.0984375
8 0.8015625 0.1046875 0.1109375 0.121875
8 0.89609375 0.02109375 0.1078125 0.0421875
8 0.9015625 0.9703125 0.121875 0.059375
8 0.73359375 0.97890625 0.1171875 0.0421875
8 0.8046875 0.9 0.1171875 0.1328125
8 0.6265625 0.9375 0.078125 0.125
8 0.56484375 0.93671875 0.0640625 0.1265625
8 0.425 0.903125 0.0640625 0.128125