11 0.415625 0.275 0.0453125 0.1
11 0.3859375 0.1296875 0.05 0.0921875
11 0.4203125 0.8796875 0.0703125 0.178125
11 0.6765625 0.4171875 0.1234375 0.125
11 0.45625 0.59375 0.1171875 0.109375
11 0.428125 0.3421875 0.0734375 0.075
11 0.4328125 0.4578125 0.0671875 0.1359375
11 0.4609375 0.678125 0.0265625 0.0984375
11 0.478125 0.178125 0.071875 0.0890625
11 0.021875 0.275 0.04375 0.1
11 0.0515625 0.1296875 0.05 0.0921875
11 0.025 0.8796875 0.05 0.178125
11 0.8859375 0.4171875 0.1234375 0.125
11 0.01875 0.59375 0.0375 0.109375
11 0.021875 0.3421875 0.04375 0.075
11 0.01875 0.45625 0.0375 0.1359375