11 0.896875 0.3828125 0.2046875 0.271875
11 0.1609375 0.784375 0.321875 0.1703125
11 0.715625 0.4140625 0.2078125 0.2796875
11 0.2265625 0.2390625 0.184375 0.221875
11 0.371875 0.321875 0.1984375 0.2140625
11 0.4546875 0.4421875 0.2875 0.2078125
11 0.540625 0.7796875 0.2828125 0.1890625
11 0.0671875 0.2875 0.134375 0.25
11 0.59375 0.2046875 0.1671875 0.1609375
11 0.4734375 0.1734375 0.165625 0.0984375
11 0.8328125 0.1921875 0.2125 0.134375
11 0.1609375 0.9390625 0.321875 0.1203125
11 0.2265625 0.0609375 0.184375 0.121875
11 0.5390625 0.9375 0.2828125 0.125
11 0.0671875 0.04375 0.134375 0.0875
11 0.5921875 0.0625 0.1671875 0.125
11 0.4734375 0.0765625 0.165625 0.0984375
11 0.8328125 0.0625 0.2125 0.125