8 0.6046875 0.475 0.0734375 0.0703125
8 0.6265625 0.403125 0.034375 0.078125
8 0.6828125 0.39375 0.0609375 0.0703125
8 0.765625 0.5421875 0.0890625 0.1328125
8 0.4515625 0.49375 0.10625 0.06875
8 0.4296875 0.3640625 0.0734375 0.075
8 0.5296875 0.3171875 0.0703125 0.0984375
8 0.5515625 0.3828125 0.0765625 0.09375
8 0.378125 0.2703125 0.0671875 0.0859375
8 0.29375 0.2875 0.05 0.0984375
8 0.321875 0.45625 0.0875 0.096875
8 0.1828125 0.3421875 0.071875 0.0734375
8 0.0703125 0.4140625 0.0453125 0.109375
8 0.42890625 0.01328125 0.0734375 0.0265625
8 0.52890625 0.0421875 0.0703125 0.084375
8 0.378125 0.0828125 0.0671875 0.0859375
8 0.29375 0.065625 0.05 0.0984375
8 0.1828125 0.0234375 0.071875 0.046875