8 0.246875 0.4171875 0.078125 0.0546875
8 0.38125 0.390625 0.0421875 0.0578125
8 0.3671875 0.4296875 0.078125 0.0375
8 0.3796875 0.4796875 0.0703125 0.0390625
8 0.2796875 0.528125 0.0609375 0.0703125
8 0.1796875 0.5390625 0.059375 0.0453125
8 0.3359375 0.5703125 0.04375 0.0328125
8 0.3625 0.5203125 0.0453125 0.0609375
8 0.40625 0.528125 0.0375 0.0578125
8 0.390625 0.5890625 0.0546875 0.046875
8 0.31875 0.7109375 0.040625 0.06875
8 0.4796875 0.6984375 0.0609375 0.0453125
8 0.5515625 0.75 0.06875 0.0734375
8 0.7265625 0.646875 0.075 0.046875
8 0.715625 0.4734375 0.065625 0.04375
8 0.675 0.44375 0.0578125 0.0546875
8 0.621875 0.446875 0.0703125 0.0390625
8 0.684375 0.38125 0.0578125 0.053125
8 0.9375 0.3203125 0.078125 0.0578125
8 0.59375 0.3875 0.0546875 0.0609375
8 0.5578125 0.3296875 0.034375 0.0671875
8 0.46875 0.3859375 0.0546875 0.05
8 0.45625 0.3515625 0.04375 0.078125
8 0.5078125 0.3828125 0.0515625 0.0484375
8 0.4796875 0.4203125 0.071875 0.0484375
8 0.4796875 0.446875 0.053125 0.0453125
8 0.55 0.4375 0.059375 0.0375
8 0.54375 0.490625 0.0484375 0.05625
8 0.5390625 0.534375 0.03125 0.0609375
8 0.5890625 0.5078125 0.034375 0.0484375
8 0.6 0.54375 0.0703125 0.04375
8 0.5875 0.60625 0.0484375 0.0359375
8 0.5109375 0.6203125 0.0390625 0.0734375
8 0.446875 0.6234375 0.0359375 0.0453125
8 0.4296875 0.565625 0.0296875 0.0640625
8 0.55 0.6421875 0.053125 0.0234375
8 0.540625 0.6125 0.040625 0.034375
8 0.5671875 0.5765625 0.0390625 0.0296875
8 0.4375 0.525 0.0390625 0.0390625
8 0.353125 0.3546875 0.028125 0.053125
8 0.31875 0.953125 0.040625 0.06875
8 0.4796875 0.965625 0.0609375 0.0453125
8 0.5515625 0.9140625 0.06875 0.0734375
8 0.9375 0.01953125 0.078125 0.0390625
8 0.5578125 0.0171875 0.034375 0.034375
8 0.45625 0.009375 0.04375 0.01875