8 0.4109375 0.553125 0.08125 0.140625
8 0.125 0.534375 0.125 0.1796875
8 0.109375 0.3765625 0.0578125 0.09375
8 0.0296875 0.375 0.059375 0.084375
8 0.29375 0.3875 0.06875 0.096875
8 0.3375 0.45 0.1359375 0.1125
8 0.4109375 0.05078125 0.08125 0.1015625
8 0.4109375 0.85625 0.08125 0.140625
8 0.125 0.06953125 0.125 0.1390625
8 0.125 0.875 0.125 0.1796875
8 0.109375 0.2078125 0.0578125 0.09375
8 0.0296875 0.209375 0.059375 0.084375
8 0.29375 0.196875 0.06875 0.096875
8 0.29375 0.98671875 0.06875 0.0265625
8 0.3375 0.134375 0.1359375 0.1125
8 0.33671875 0.9515625 0.1359375 0.096875