0 0.73125 0.1296875 0.096875 0.103125
0 0.3625 0.65625 0.103125 0.0828125
0 0.34375 0.146875 0.084375 0.0953125
0 0.5078125 0.4328125 0.046875 0.090625
0 0.790625 0.3375 0.08125 0.078125
0 0.459375 0.3703125 0.0765625 0.0609375
0 0.803125 0.5421875 0.065625 0.0578125
0 0.75 0.4984375 0.059375 0.0640625
0 0.6859375 0.4390625 0.065625 0.04375
0 0.6796875 0.5125 0.0484375 0.0625
0 0.6140625 0.5515625 0.0578125 0.0421875
0 0.5640625 0.50625 0.0484375 0.046875
0 0.984375 0.1296875 0.0296875 0.103125
0 0.959375 0.3375 0.08125 0.078125
0 0.946875 0.5421875 0.065625 0.0578125
0 0.984375 0.496875 0.0296875 0.0640625