8 0.425 0.4078125 0.0609375 0.0734375
8 0.44375 0.375 0.078125 0.0625
8 0.6109375 0.2109375 0.0453125 0.05625
8 0.7578125 0.1609375 0.04375 0.0625
8 0.4109375 0.471875 0.1 0.040625
8 0.3953125 0.490625 0.0875 0.059375
8 0.296875 0.4578125 0.034375 0.0796875
8 0.02109375 0.40703125 0.0421875 0.0734375
8 0.01640625 0.375 0.0328125 0.0625
8 0.9515625 0.2109375 0.0453125 0.05625
8 0.8046875 0.1609375 0.04375 0.0625
8 0.03828125 0.471875 0.0765625 0.040625
8 0.04296875 0.490625 0.0859375 0.059375
8 0.140625 0.4578125 0.034375 0.0796875