5 0.7125 0.609375 0.15 0.128125
5 0.8796875 0.3953125 0.1765625 0.11875
5 0.4265625 0.590625 0.1328125 0.1578125
5 0.35625 0.515625 0.0859375 0.1421875
5 0.8046875 0.8234375 0.13125 0.0953125
5 0.8 0.2984375 0.1640625 0.1171875
5 0.140625 0.4453125 0.1578125 0.1234375
5 0.459375 0.190625 0.1328125 0.13125
5 0.5234375 0.65 0.125 0.1390625
5 0.9109375 0.246875 0.1546875 0.09375
5 0.5328125 0.4671875 0.1359375 0.1078125
5 0.2546875 0.3109375 0.115625 0.1734375
5 0.2140625 0.61875 0.1578125 0.1765625
5 0.81875 0.6140625 0.1390625 0.1296875
5 0.3078125 0.7765625 0.115625 0.15625
5 0.36875 0.40625 0.15 0.1203125
5 0.103125 0.81875 0.15625 0.109375
5 0.8171875 0.634375 0.103125 0.1046875
5 0.734375 0.4234375 0.0890625 0.1578125
5 0.5984375 0.2078125 0.090625 0.121875
5 0.384375 0.334375 0.1578125 0.128125
5 0.55 0.3015625 0.0703125 0.1796875
5 0.8046875 0.9265625 0.13125 0.0953125
5 0.4578125 0.0625 0.1328125 0.125
5 0.909375 0.025 0.1546875 0.05
5 0.3078125 0.946875 0.115625 0.1046875
5 0.103125 0.93125 0.15625 0.109375
5 0.5984375 0.0515625 0.090625 0.103125
5 0.5484375 0.01875 0.0703125 0.0375