13 0.56875 0.5046875 0.0703125 0.06875
13 0.553125 0.5640625 0.0796875 0.046875
13 0.4578125 0.5796875 0.05625 0.096875
13 0.4484375 0.6671875 0.059375 0.06875
13 0.396875 0.6453125 0.04375 0.0796875
13 0.3015625 0.6625 0.0609375 0.06875
13 0.2625 0.60625 0.046875 0.0734375
13 0.2140625 0.6484375 0.05625 0.059375
13 0.1578125 0.6390625 0.0390625 0.0890625
13 0.2171875 0.3453125 0.0859375 0.05
13 0.384375 0.18125 0.0734375 0.0734375
13 0.4734375 0.334375 0.090625 0.0453125
13 0.615625 0.221875 0.0578125 0.071875
13 0.5296875 0.225 0.06875 0.071875
13 0.56875 0.8046875 0.053125 0.0625
13 0.5984375 0.8515625 0.078125 0.0328125
13 0.384375 0.06875 0.0734375 0.0734375
13 0.61328125 0.03125 0.0578125 0.0625
13 0.5296875 0.0296875 0.06875 0.059375
13 0.56875 0.9453125 0.053125 0.0625
13 0.5984375 0.8984375 0.078125 0.0328125