8 0.16875 0.4078125 0.078125 0.046875
8 0.0890625 0.4765625 0.0421875 0.0703125
8 0.0265625 0.26875 0.053125 0.046875
8 0.11875 0.2515625 0.0640625 0.065625
8 0.278125 0.246875 0.065625 0.0515625
8 0.3984375 0.2546875 0.0703125 0.065625
8 0.540625 0.3921875 0.0375 0.0671875
8 0.4890625 0.4015625 0.0734375 0.05625
8 0.4109375 0.540625 0.059375 0.0578125
8 0.4453125 0.5625 0.06875 0.06875
8 0.4734375 0.5890625 0.04375 0.0640625
8 0.5453125 0.5765625 0.0484375 0.046875
8 0.546875 0.634375 0.0796875 0.04375
8 0.653125 0.70625 0.0859375 0.04375
8 0.6953125 0.6 0.046875 0.059375
8 0.715625 0.5078125 0.046875 0.0625
8 0.740625 0.45625 0.046875 0.0796875
8 0.696875 0.4328125 0.0203125 0.0625
8 0.653125 0.4453125 0.0296875 0.071875
8 0.6125 0.446875 0.034375 0.0421875
8 0.953125 0.4734375 0.0609375 0.0375
8 0.8578125 0.6203125 0.040625 0.0640625
8 0.8015625 0.6453125 0.0578125 0.0328125
8 0.8125 0.6640625 0.059375 0.0421875
8 0.16875 0.0296875 0.078125 0.046875
8 0.0265625 0.16875 0.053125 0.046875
8 0.11875 0.1859375 0.0640625 0.065625
8 0.278125 0.190625 0.065625 0.0515625
8 0.3984375 0.1828125 0.0703125 0.065625
8 0.540625 0.0453125 0.0375 0.0671875
8 0.4890625 0.0359375 0.0734375 0.05625
8 0.4453125 0.9828125 0.06875 0.034375
8 0.4734375 0.9703125 0.04375 0.059375
8 0.54453125 0.98125 0.0484375 0.0375
8 0.546875 0.928125 0.0796875 0.04375
8 0.653125 0.85625 0.0859375 0.04375
8 0.6953125 0.9625 0.046875 0.059375
8 0.740625 0.01015625 0.046875 0.0203125
8 0.69609375 0.01796875 0.0203125 0.0359375
8 0.65234375 0.0140625 0.0296875 0.028125
8 0.6125 0.00546875 0.034375 0.0109375
8 0.8578125 0.9421875 0.040625 0.0640625
8 0.8015625 0.9171875 0.0578125 0.0328125
8 0.8125 0.8984375 0.059375 0.0421875