1 0.365625 0.678125 0.1375 0.08125
1 0.2578125 0.64375 0.1046875 0.109375
1 0.609375 0.7421875 0.0765625 0.08125
1 0.7546875 0.878125 0.1140625 0.1125
1 0.84375 0.753125 0.0609375 0.0875
1 0.625 0.4515625 0.1125 0.065625
1 0.4734375 0.4265625 0.0875 0.0703125
1 0.440625 0.5359375 0.0640625 0.0953125
1 0.3734375 0.5671875 0.0921875 0.0625
1 0.44375 0.603125 0.05625 0.0625
1 0.428125 0.0328125 0.159375 0.065625
1 0.6765625 0.3671875 0.05625 0.0796875
1 0.021875 0.64375 0.04375 0.109375
1 0.96875 0.878125 0.0625 0.1125
1 0.90625 0.753125 0.0609375 0.0875