11 0.1734375 0.89375 0.0515625 0.075
11 0.596875 0.5140625 0.046875 0.06875
11 0.2171875 0.5265625 0.090625 0.0734375
11 0.5484375 0.6546875 0.0609375 0.0875
11 0.5921875 0.353125 0.0625 0.0859375
11 0.23125 0.6703125 0.0671875 0.078125
11 0.68125 0.6078125 0.06875 0.0859375
11 0.45 0.5265625 0.0609375 0.05
11 0.3734375 0.7734375 0.0703125 0.0546875
11 0.371875 0.603125 0.059375 0.0578125
11 0.1765625 0.815625 0.0578125 0.0578125
11 0.3828125 0.50625 0.059375 0.05625
11 0.5390625 0.48125 0.06875 0.065625
11 0.4921875 0.50625 0.0859375 0.0703125
11 0.4546875 0.6484375 0.05625 0.053125
11 0.2875 0.715625 0.0640625 0.0796875
11 0.2953125 0.878125 0.090625 0.0484375
11 0.0765625 0.89375 0.0515625 0.075
11 0.0390625 0.525 0.078125 0.0734375
11 0.025 0.6703125 0.05 0.078125
11 0.0734375 0.815625 0.0578125 0.0578125