1 0.2453125 0.5234375 0.084375 0.109375
1 0.35 0.553125 0.128125 0.06875
1 0.384375 0.496875 0.128125 0.0734375
1 0.4921875 0.515625 0.0875 0.078125
1 0.55 0.5765625 0.0703125 0.11875
1 0.5890625 0.4890625 0.0875 0.059375
1 0.7046875 0.5265625 0.0875 0.0828125
1 0.6296875 0.56875 0.071875 0.0984375
1 0.690625 0.4140625 0.065625 0.0625
1 0.61875 0.425 0.06875 0.04375
1 0.63125 0.38125 0.0609375 0.0453125
1 0.6296875 0.3453125 0.0640625 0.0515625
1 0.5890625 0.353125 0.0875 0.10625
1 0.5140625 0.3625 0.071875 0.053125
1 0.45 0.384375 0.0921875 0.0546875
1 0.503125 0.4515625 0.0375 0.08125
1 0.3875 0.3171875 0.08125 0.0453125
1 0.35 0.9859375 0.128125 0.028125
1 0.5484375 0.9609375 0.0703125 0.0765625
1 0.6296875 0.9703125 0.071875 0.059375
1 0.690625 0.0265625 0.065625 0.053125
1 0.61875 0.0171875 0.06875 0.034375
1 0.63125 0.05625 0.0609375 0.0453125
1 0.6296875 0.0921875 0.0640625 0.0515625
1 0.5890625 0.084375 0.0875 0.10625
1 0.5140625 0.075 0.071875 0.053125
1 0.45 0.053125 0.0921875 0.0546875
1 0.503125 0.0125 0.0375 0.025
1 0.3875 0.1203125 0.08125 0.0453125