13 0.4421875 0.2296875 0.1203125 0.1359375
13 0.7 0.2234375 0.1265625 0.075
13 0.775 0.3421875 0.153125 0.1578125
13 0.6984375 0.6203125 0.1484375 0.1453125
13 0.646875 0.4921875 0.103125 0.140625
13 0.5296875 0.3734375 0.1921875 0.0953125
13 0.421875 0.4125 0.1421875 0.084375
13 0.565625 0.4546875 0.1 0.08125
13 0.4390625 0.509375 0.1515625 0.075
13 0.3421875 0.553125 0.1203125 0.1015625
13 0.4328125 0.6796875 0.0703125 0.1296875
13 0.5421875 0.6609375 0.0578125 0.1109375
13 0.4515625 0.746875 0.109375 0.15
13 0.25 0.7546875 0.1171875 0.11875
13 0.6203125 0.746875 0.1609375 0.1
13 0.83125 0.6484375 0.084375 0.10625
13 0.1984375 0.4390625 0.1484375 0.071875
13 0.5078125 0.28125 0.09375 0.0484375
13 0.6015625 0.2765625 0.0859375 0.090625
13 0.9484375 0.340625 0.1015625 0.1578125
13 0.028125 0.7546875 0.05625 0.11875
13 0.91875 0.6484375 0.084375 0.10625
13 0.0625 0.4390625 0.125 0.071875