8 0.1484375 0.471875 0.040625 0.0859375
8 0.11875 0.3921875 0.0328125 0.05625
8 0.0359375 0.44375 0.0375 0.046875
8 0.01875 0.29375 0.0375 0.0625
8 0.06875 0.234375 0.0328125 0.053125
8 0.41875 0.2359375 0.053125 0.04375
8 0.559375 0.265625 0.053125 0.0484375
8 0.590625 0.303125 0.040625 0.05625
8 0.625 0.3171875 0.0359375 0.0546875
8 0.8375 0.4109375 0.0625 0.0515625
8 0.84375 0.521875 0.034375 0.0390625
8 0.871875 0.546875 0.0203125 0.0546875
8 0.890625 0.56875 0.0390625 0.028125
8 0.95625 0.6453125 0.0515625 0.0375
8 0.9515625 0.7453125 0.0453125 0.0359375
8 0.734375 0.753125 0.025 0.0203125
8 0.70625 0.7953125 0.0453125 0.0359375
8 0.6421875 0.784375 0.0515625 0.0359375
8 0.56875 0.78125 0.03125 0.0421875
8 0.5484375 0.7640625 0.0234375 0.034375
8 0.56875 0.8109375 0.059375 0.028125
8 0.5265625 0.84375 0.0546875 0.028125
8 0.490625 0.8078125 0.0234375 0.0484375
8 0.4765625 0.7421875 0.01875 0.0390625
8 0.4453125 0.76875 0.028125 0.0390625
8 0.496875 0.7375 0.025 0.0484375
8 0.5140625 0.7421875 0.0328125 0.046875
8 0.334375 0.8125 0.0421875 0.03125
8 0.346875 0.859375 0.0515625 0.025
8 0.3015625 0.840625 0.0359375 0.03125
8 0.28125 0.8546875 0.04375 0.0375
8 0.2328125 0.853125 0.0484375 0.0421875
8 0.184375 0.784375 0.0609375 0.0453125
8 0.203125 0.75625 0.046875 0.0515625
8 0.203125 0.7015625 0.04375 0.046875
8 0.1390625 0.71875 0.04375 0.034375
8 0.2671875 0.5765625 0.0484375 0.046875
8 0.2828125 0.5125 0.03125 0.0390625
8 0.3921875 0.440625 0.065625 0.05625
8 0.54375 0.446875 0.0390625 0.05625
8 0.9171875 0.3765625 0.0484375 0.05625
8 0.5984375 0.6390625 0.04375 0.0484375
8 0.06796875 0.02109375 0.0328125 0.0421875
8 0.41875 0.01796875 0.053125 0.0359375
8 0.95078125 0.99296875 0.0453125 0.0140625
8 0.734375 0.99296875 0.025 0.0140625
8 0.70625 0.9546875 0.0453125 0.0359375
8 0.6421875 0.965625 0.0515625 0.0359375
8 0.56875 0.96875 0.03125 0.0421875
8 0.54765625 0.984375 0.0234375 0.03125
8 0.56875 0.9390625 0.059375 0.028125
8 0.5265625 0.90625 0.0546875 0.028125
8 0.490625 0.9421875 0.0234375 0.0484375
8 0.4765625 0.99375 0.01875 0.0125
8 0.4453125 0.98046875 0.028125 0.0390625
8 0.496875 0.99375 0.025 0.0125
8 0.51328125 0.9921875 0.0328125 0.015625
8 0.334375 0.9375 0.0421875 0.03125
8 0.346875 0.890625 0.0515625 0.025
8 0.3015625 0.909375 0.0359375 0.03125
8 0.28125 0.8953125 0.04375 0.0375
8 0.2328125 0.896875 0.0484375 0.0421875
8 0.184375 0.965625 0.0609375 0.0453125
8 0.203125 0.98359375 0.046875 0.0328125