2 0.2515625 0.553125 0.065625 0.084375
2 0.4109375 0.3640625 0.0671875 0.0703125
2 0.6796875 0.2875 0.0640625 0.0765625
2 0.5375 0.3515625 0.053125 0.0515625
2 0.74375 0.60625 0.046875 0.090625
2 0.6609375 0.4984375 0.0546875 0.065625
2 0.578125 0.2375 0.0484375 0.0390625
2 0.6046875 0.278125 0.0328125 0.0234375
2 0.5890625 0.3125 0.05625 0.0328125
2 0.4765625 0.284375 0.0484375 0.0421875
2 0.71875 0.3515625 0.0421875 0.025
2 0.596875 0.3765625 0.0390625 0.028125
2 0.5359375 0.384375 0.0484375 0.025
2 0.4546875 0.3953125 0.0359375 0.028125
2 0.1859375 0.553125 0.065625 0.084375
2 0.0296875 0.3625 0.059375 0.0703125
2 0.8828125 0.2875 0.0640625 0.0765625
2 0.81875 0.60625 0.046875 0.090625
2 0.9015625 0.4984375 0.0546875 0.065625
2 0.9796875 0.2359375 0.040625 0.0390625
2 0.9578125 0.278125 0.0328125 0.0234375
2 0.971875 0.3109375 0.0546875 0.0328125
2 0.84375 0.3515625 0.0421875 0.025
2 0.965625 0.3765625 0.0390625 0.028125