13 0.4953125 0.4296875 0.0546875 0.071875
13 0.5359375 0.36875 0.0609375 0.0390625
13 0.590625 0.31875 0.0515625 0.040625
13 0.8015625 0.3046875 0.0609375 0.0421875
13 0.790625 0.275 0.0453125 0.0296875
13 0.73125 0.2625 0.0640625 0.04375
13 0.5890625 0.6671875 0.05625 0.0859375
13 0.728125 0.7796875 0.040625 0.065625
13 0.759375 0.80625 0.0296875 0.065625
13 0.7796875 0.86875 0.028125 0.0609375
13 0.790625 0.915625 0.059375 0.034375
13 0.7390625 0.89375 0.040625 0.04375
13 0.746875 0.9390625 0.0265625 0.04375
13 0.41875 0.7171875 0.059375 0.0265625
13 0.384375 0.6734375 0.01875 0.046875
13 0.3578125 0.721875 0.0296875 0.0515625
13 0.3765625 0.76875 0.0546875 0.0734375
13 0.38125 0.8140625 0.0515625 0.078125
13 0.2546875 0.91875 0.059375 0.065625
13 0.5765625 0.3984375 0.075 0.0359375
13 0.60625 0.465625 0.05625 0.0296875
13 0.6890625 0.496875 0.065625 0.046875
13 0.8546875 0.8765625 0.0375 0.05
13 0.9484375 0.3046875 0.0609375 0.0421875
13 0.959375 0.275 0.0453125 0.0296875
13 0.9921875 0.2625 0.0140625 0.04375
13 0.9875 0.80625 0.025 0.065625
13 0.9703125 0.86875 0.028125 0.0609375
13 0.959375 0.915625 0.059375 0.034375
13 0.9953125 0.89375 0.009375 0.04375
13 0.99375 0.9390625 0.0109375 0.04375
13 0.0125 0.91875 0.025 0.065625
13 0.8953125 0.8765625 0.0375 0.05