13 0.4984375 0.50625 0.115625 0.0984375
13 0.48125 0.425 0.10625 0.06875
13 0.571875 0.35 0.0875 0.0953125
13 0.5328125 0.290625 0.071875 0.1328125
13 0.5765625 0.2625 0.075 0.078125
13 0.528125 0.2 0.1078125 0.06875
13 0.575 0.10625 0.0953125 0.1296875
13 0.440625 0.0796875 0.084375 0.0828125
13 0.3734375 0.0375 0.1328125 0.059375
13 0.3890625 0.3734375 0.06875 0.1375
13 0.4390625 0.3484375 0.0671875 0.065625
13 0.4390625 0.2609375 0.1078125 0.065625
13 0.3984375 0.1875 0.0984375 0.109375
13 0.6125 0.2296875 0.1171875 0.0875
13 0.70625 0.31875 0.071875 0.125
13 0.821875 0.440625 0.0921875 0.078125
13 0.734375 0.5890625 0.0609375 0.1234375
13 0.7515625 0.4703125 0.0546875 0.13125
13 0.6359375 0.471875 0.096875 0.08125
13 0.559375 0.53125 0.1203125 0.065625
13 0.5734375 0.5984375 0.0625 0.065625
13 0.384375 0.6390625 0.1328125 0.0578125
13 0.2671875 0.640625 0.0484375 0.115625
13 0.278125 0.55625 0.134375 0.05625
13 0.375 0.534375 0.0609375 0.0609375
13 0.4140625 0.5765625 0.0703125 0.0734375
13 0.221875 0.6859375 0.090625 0.0796875
13 0.3734375 0.7546875 0.11875 0.06875
13 0.4328125 0.8421875 0.053125 0.1015625
13 0.3328125 0.95625 0.1328125 0.0859375
13 0.475 0.95 0.0828125 0.096875
13 0.4046875 0.903125 0.0671875 0.0953125
13 0.7140625 0.9375 0.0921875 0.109375
13 0.7609375 0.7328125 0.078125 0.0609375
13 0.746875 0.6828125 0.0375 0.0796875
13 0.6453125 0.60625 0.0984375 0.1265625
13 0.8375 0.540625 0.06875 0.121875
13 0.7828125 0.0875 0.084375 0.09375
13 0.825 0.178125 0.06875 0.0890625
13 0.6734375 0.109375 0.0921875 0.0828125
13 0.678125 0.0609375 0.0828125 0.0765625
13 0.26875 0.0578125 0.0984375 0.046875
13 0.921875 0.440625 0.0921875 0.078125
13 0.9890625 0.5875 0.021875 0.1234375
13 0.98125 0.4703125 0.0359375 0.13125
13 0.01875 0.55625 0.0375 0.05625
13 0.0359375 0.68359375 0.071875 0.0796875
13 0.971875 0.73125 0.05625 0.0609375
13 0.9890625 0.68125 0.021875 0.0796875
13 0.90625 0.540625 0.06875 0.121875
13 0.959375 0.0875 0.08125 0.09375
13 0.91875 0.178125 0.06875 0.0890625
13 0.0140625 0.0578125 0.028125 0.046875