9 0.296875 0.596875 0.16875 0.15625
9 0.621875 0.7265625 0.203125 0.1734375
9 0.221875 0.88125 0.1875 0.184375
9 0.44375 0.5625 0.13125 0.1859375
9 0.28125 0.753125 0.159375 0.153125
9 0.7671875 0.1359375 0.178125 0.175
9 0.43125 0.7359375 0.1546875 0.153125
9 0.2546875 0.36875 0.1453125 0.1640625
9 0.7046875 0.28125 0.125 0.178125
9 0.5890625 0.175 0.1390625 0.190625
9 0.815625 0.4171875 0.1859375 0.13125
9 0.5421875 0.5875 0.109375 0.1875
9 0.1984375 0.5109375 0.1171875 0.165625
9 0.8484375 0.06875 0.1671875 0.0921875
9 0.596875 0.4515625 0.13125 0.2140625
9 0.8828125 0.553125 0.2171875 0.1015625
9 0.9453125 0.315625 0.0984375 0.225
9 0.465625 0.2578125 0.1203125 0.2046875
9 0.8578125 0.6296875 0.1796875 0.13125
9 0.3390625 0.49375 0.15 0.0796875
9 0.7703125 0.3265625 0.0859375 0.153125
9 0.4171875 0.396875 0.159375 0.09375
9 0.05 0.53125 0.1 0.1359375
9 0.40625 0.0515625 0.2 0.0578125
9 0.0234375 0.7484375 0.046875 0.1890625
9 0.1046875 0.478125 0.13125 0.1015625
9 0.05 0.05 0.1 0.0546875
9 0.84609375 0.0109375 0.1671875 0.021875
9 0.40625 0.0109375 0.2 0.021875
9 0.05 0.0109375 0.1 0.021875