11 0.403125 0.3875 0.028125 0.0328125
11 0.45 0.353125 0.03125 0.028125
11 0.496875 0.4703125 0.0265625 0.0296875
11 0.509375 0.3125 0.0265625 0.0265625
11 0.353125 0.446875 0.025 0.0421875
11 0.4953125 0.3828125 0.025 0.0328125
11 0.471875 0.3890625 0.0234375 0.0359375
11 0.4171875 0.4328125 0.046875 0.034375
11 0.5484375 0.4 0.028125 0.028125
11 0.565625 0.390625 0.028125 0.028125
11 0.6296875 0.296875 0.0296875 0.025
11 0.6234375 0.1890625 0.0296875 0.034375
11 0.26875 0.5921875 0.0109375 0.021875