11 0.2875 0.1890625 0.1234375 0.096875
11 0.0875 0.365625 0.1484375 0.0859375
11 0.584375 0.3921875 0.0890625 0.10625
11 0.2328125 0.7109375 0.175 0.078125
11 0.059375 0.7765625 0.11875 0.0734375
11 0.196875 0.334375 0.1421875 0.1078125
11 0.4484375 0.5671875 0.103125 0.1109375
11 0.3984375 0.69375 0.1359375 0.059375
11 0.0578125 0.1609375 0.115625 0.0734375
11 0.5203125 0.4703125 0.1265625 0.096875
11 0.38125 0.609375 0.134375 0.0828125
11 0.14375 0.8328125 0.096875 0.08125
11 0.2859375 0.5515625 0.14375 0.0671875
11 0.5046875 0.5375 0.0953125 0.0953125
11 0.390625 0.3734375 0.0984375 0.1015625
11 0.296875 0.3328125 0.1125 0.065625
11 0.284375 0.465625 0.128125 0.0953125
11 0.846875 0.5015625 0.1 0.14375
11 0.9375 0.465625 0.08125 0.10625
11 0.1546875 0.5375 0.165625 0.115625
11 0.03125 0.66875 0.0625 0.115625
11 0.8125 0.3390625 0.1 0.0921875
11 0.46875 0.4703125 0.1234375 0.1078125
11 0.359375 0.7078125 0.09375 0.14375
11 0.2421875 0.784375 0.0328125 0.115625
11 0.059375 0.2703125 0.0671875 0.1015625
11 0.2875 0.0609375 0.1234375 0.096875
11 0.059375 0.9671875 0.11875 0.065625
11 0.0578125 0.0890625 0.115625 0.0734375
11 0.14375 0.9171875 0.096875 0.08125
11 0.359375 0.984375 0.09375 0.0296875
11 0.240625 0.953125 0.0328125 0.0921875
11 0.05703125 0.0140625 0.0671875 0.028125