11 0.4953125 0.3890625 0.01875 0.028125
11 0.609375 0.6421875 0.0109375 0.0296875
11 0.496875 0.5921875 0.0171875 0.01875
11 0.51875 0.4328125 0.009375 0.021875
11 0.5578125 0.690625 0.021875 0.025
11 0.5046875 0.40625 0.0125 0.01875
11 0.4671875 0.48125 0.0109375 0.025
11 0.465625 0.365625 0.01875 0.0203125
11 0.5765625 0.515625 0.0140625 0.021875
11 0.6375 0.6265625 0.0140625 0.0140625
11 0.575 0.5640625 0.015625 0.0140625
11 0.5796875 0.5484375 0.0140625 0.01875
11 0.5796875 0.578125 0.0140625 0.0171875
11 0.621875 0.5796875 0.01875 0.015625
11 0.5796875 0.85625 0.0171875 0.021875
11 0.6 0.790625 0.0140625 0.0234375
11 0.6125 0.809375 0.015625 0.0203125
11 0.5421875 0.9125 0.0171875 0.0171875
11 0.4828125 0.4421875 0.015625 0.025
11 0.5 0.4484375 0.0203125 0.0109375
11 0.5 0.4328125 0.015625 0.009375
11 0.471875 0.4203125 0.01875 0.0109375
11 0.475 0.409375 0.01875 0.0140625
11 0.4890625 0.4015625 0.0125 0.0234375
11 0.525 0.4015625 0.021875 0.0125
11 0.5265625 0.3859375 0.015625 0.0171875
11 0.5765625 0.3953125 0.015625 0.0125
11 0.54375 0.41875 0.0125 0.0171875
11 0.5375 0.4375 0.0125 0.0171875
11 0.475 0.50625 0.0125 0.025
11 0.4875 0.4859375 0.015625 0.0203125
11 0.471875 0.4703125 0.025 0.0125
11 0.453125 0.4828125 0.015625 0.0171875
11 0.634375 0.6015625 0.0203125 0.0171875
11 0.6203125 0.565625 0.015625 0.021875
11 0.4890625 0.5390625 0.0125 0.021875
11 0.6734375 0.175 0.01875 0.0140625
11 0.59375 0.2015625 0.021875 0.0109375
11 0.953125 0.6421875 0.0109375 0.0296875
11 0.996875 0.690625 0.00625 0.025
11 0.9859375 0.515625 0.0140625 0.021875
11 0.925 0.6265625 0.0140625 0.0140625
11 0.9875 0.5640625 0.015625 0.0140625
11 0.9828125 0.5484375 0.0140625 0.01875
11 0.9828125 0.578125 0.0140625 0.0171875
11 0.940625 0.5796875 0.01875 0.015625
11 0.9828125 0.85625 0.0171875 0.021875
11 0.9625 0.790625 0.0140625 0.0234375
11 0.95 0.809375 0.015625 0.0203125
11 0.9859375 0.3953125 0.015625 0.0125
11 0.928125 0.6015625 0.0203125 0.0171875
11 0.9421875 0.565625 0.015625 0.021875
11 0.8890625 0.175 0.01875 0.0140625
11 0.96875 0.2015625 0.021875 0.0109375