11 0.4765625 0.35 0.040625 0.053125
11 0.434375 0.4296875 0.053125 0.0546875
11 0.7203125 0.6140625 0.0375 0.0578125
11 0.55 0.696875 0.0484375 0.071875
11 0.4765625 0.396875 0.040625 0.0515625
11 0.2734375 0.43125 0.0296875 0.059375
11 0.6953125 0.66875 0.059375 0.05625
11 0.2359375 0.5 0.034375 0.040625
11 0.428125 0.375 0.0453125 0.0453125
11 0.38125 0.65625 0.046875 0.059375
11 0.3625 0.5359375 0.0421875 0.0453125
11 0.6171875 0.7390625 0.0390625 0.0859375
11 0.4765625 0.528125 0.05625 0.0625
11 0.7375 0.1734375 0.0515625 0.1140625
11 0.51875 0.3609375 0.034375 0.0671875
11 0.609375 0.2765625 0.0296875 0.078125
11 0.2421875 0.3 0.04375 0.053125
11 0.365625 0.4265625 0.0453125 0.0484375
11 0.2390625 0.3796875 0.0328125 0.05625
11 0.3828125 0.303125 0.0421875 0.0453125
11 0.36875 0.3578125 0.0703125 0.034375
11 0.2953125 0.3640625 0.0640625 0.0296875
11 0.290625 0.3796875 0.05 0.03125
11 0.303125 0.4078125 0.040625 0.028125
11 0.3109375 0.503125 0.05625 0.0296875
11 0.3328125 0.4640625 0.05 0.0296875
11 0.3625 0.49375 0.0546875 0.0421875
11 0.3828125 0.4734375 0.046875 0.034375
11 0.4203125 0.48125 0.0625 0.034375
11 0.275 0.5296875 0.0859375 0.0375
11 0.3421875 0.61875 0.053125 0.0375
11 0.4 0.6140625 0.0625 0.05625
11 0.40625 0.703125 0.040625 0.0515625
11 0.5453125 0.584375 0.059375 0.025
11 0.603125 0.5109375 0.065625 0.0296875
11 0.5359375 0.425 0.0578125 0.028125
11 0.5515625 0.4015625 0.04375 0.0265625
11 0.6453125 0.5359375 0.065625 0.0296875
11 0.6203125 0.578125 0.0609375 0.05
11 0.628125 0.6703125 0.028125 0.05625
11 0.6671875 0.7171875 0.053125 0.05
11 0.69375 0.5265625 0.0375 0.0421875
11 0.6484375 0.478125 0.065625 0.0359375
11 0.6125 0.4125 0.05625 0.0390625
11 0.6046875 0.325 0.0421875 0.0578125
11 0.359375 0.2234375 0.0453125 0.04375
11 0.3328125 0.1984375 0.040625 0.0375
11 0.30625 0.1828125 0.0546875 0.0296875
11 0.265625 0.2046875 0.059375 0.0421875
11 0.2953125 0.08125 0.0453125 0.040625
11 0.3546875 0.0875 0.0265625 0.0265625
11 0.3734375 0.14375 0.0421875 0.0421875
11 0.34375 0.1359375 0.034375 0.0546875
11 0.3265625 0.115625 0.05 0.0203125
11 0.290625 0.1234375 0.040625 0.0375
11 0.4921875 0.0703125 0.0296875 0.0578125
11 0.4734375 0.0828125 0.025 0.04375
11 0.7578125 0.59375 0.0359375 0.078125
11 0.49375 0.271875 0.053125 0.0359375
11 0.5375 0.3046875 0.06875 0.0421875
11 0.45 0.5734375 0.04375 0.046875
11 0.5484375 0.6234375 0.0625 0.046875
11 0.0140625 0.42734375 0.028125 0.0546875
11 0.8421875 0.6140625 0.0375 0.0578125
11 0.99375 0.696875 0.0125 0.071875
11 0.1640625 0.43125 0.0296875 0.059375
11 0.8671875 0.66875 0.059375 0.05625
11 0.2015625 0.5 0.034375 0.040625
11 0.015625 0.3734375 0.03125 0.0453125
11 0.05625 0.65625 0.046875 0.059375
11 0.075 0.5359375 0.0421875 0.0453125
11 0.9453125 0.7390625 0.0390625 0.0859375
11 0.825 0.1734375 0.0515625 0.1140625
11 0.953125 0.2765625 0.0296875 0.078125
11 0.1953125 0.3 0.04375 0.053125
11 0.071875 0.4265625 0.0453125 0.0484375
11 0.1984375 0.3796875 0.0328125 0.05625
11 0.0546875 0.303125 0.0421875 0.0453125
11 0.06875 0.3578125 0.0703125 0.034375
11 0.1421875 0.3640625 0.0640625 0.0296875
11 0.146875 0.3796875 0.05 0.03125
11 0.134375 0.4078125 0.040625 0.028125
11 0.1265625 0.503125 0.05625 0.0296875
11 0.1046875 0.4640625 0.05 0.0296875
11 0.075 0.49375 0.0546875 0.0421875
11 0.0546875 0.4734375 0.046875 0.034375
11 0.0234375 0.48125 0.046875 0.034375
11 0.1625 0.5296875 0.0859375 0.0375
11 0.0953125 0.61875 0.053125 0.0375
11 0.0375 0.6140625 0.0625 0.05625
11 0.03125 0.703125 0.040625 0.0515625
11 0.99375 0.584375 0.0125 0.025
11 0.959375 0.5109375 0.065625 0.0296875
11 0.99375 0.4 0.0109375 0.0265625
11 0.9171875 0.5359375 0.065625 0.0296875
11 0.9421875 0.578125 0.0609375 0.05
11 0.934375 0.6703125 0.028125 0.05625
11 0.8953125 0.7171875 0.053125 0.05
11 0.86875 0.5265625 0.0375 0.0421875
11 0.9140625 0.478125 0.065625 0.0359375
11 0.95 0.4125 0.05625 0.0390625
11 0.9578125 0.325 0.0421875 0.0578125
11 0.078125 0.2234375 0.0453125 0.04375
11 0.1046875 0.1984375 0.040625 0.0375
11 0.13125 0.1828125 0.0546875 0.0296875
11 0.171875 0.2046875 0.059375 0.0421875
11 0.1421875 0.08125 0.0453125 0.040625
11 0.0828125 0.0875 0.0265625 0.0265625
11 0.0640625 0.14375 0.0421875 0.0421875
11 0.09375 0.1359375 0.034375 0.0546875
11 0.1109375 0.115625 0.05 0.0203125
11 0.146875 0.1234375 0.040625 0.0375
11 0.8046875 0.59375 0.0359375 0.078125
11 0.0046875 0.5734375 0.009375 0.046875
11 0.990625 0.6234375 0.0171875 0.046875