2 0.734375 0.478125 0.0515625 0.0390625
2 0.7015625 0.5625 0.10625 0.0453125
2 0.571875 0.509375 0.0859375 0.04375
2 0.325 0.534375 0.0640625 0.0421875
2 0.3078125 0.565625 0.046875 0.0375
2 0.428125 0.4765625 0.078125 0.0421875
2 0.5703125 0.59375 0.05 0.03125
2 0.7296875 0.515625 0.05 0.034375
2 0.2265625 0.4671875 0.040625 0.0296875
2 0.1984375 0.334375 0.0421875 0.04375
2 0.7015625 0.9875 0.10625 0.0234375
2 0.3078125 0.9890625 0.046875 0.021875
2 0.5703125 0.96875 0.05 0.03125
2 0.1984375 0.103125 0.0421875 0.04375