13 0.453125 0.553125 0.0921875 0.0671875
13 0.4 0.6328125 0.065625 0.1046875
13 0.46875 0.7125 0.065625 0.071875
13 0.2640625 0.65625 0.09375 0.0609375
13 0.5390625 0.2734375 0.040625 0.084375
13 0.5828125 0.2625 0.0484375 0.071875
13 0.6140625 0.25 0.0390625 0.0703125
13 0.640625 0.3125 0.084375 0.0625
13 0.2890625 0.165625 0.028125 0.096875
13 0.328125 0.1984375 0.08125 0.0390625
13 0.4875 0.03125 0.0765625 0.0625
13 0.2625 0.1875 0.053125 0.053125
13 0.015625 0.65390625 0.03125 0.0609375
13 0.00625 0.1875 0.0125 0.053125