2 0.296875 0.3328125 0.0828125 0.1109375
2 0.7359375 0.4453125 0.0765625 0.1078125
2 0.6296875 0.8921875 0.0609375 0.134375
2 0.6765625 0.578125 0.071875 0.1671875
2 0.7265625 0.875 0.0453125 0.096875
2 0.721875 0.7265625 0.10625 0.0859375
2 0.24375 0.25 0.05 0.1078125
2 0.371875 0.259375 0.09375 0.1015625
2 0.5609375 0.2515625 0.103125 0.1015625
2 0.7390625 0.575 0.078125 0.1015625
2 0.675 0.8453125 0.05 0.1546875
2 0.5046875 0.278125 0.1109375 0.115625
2 0.53125 0.865625 0.1171875 0.0921875
2 0.6140625 0.36875 0.1 0.1046875
2 0.315625 0.596875 0.075 0.1578125
2 0.3875 0.709375 0.0578125 0.1640625
2 0.446875 0.675 0.0546875 0.1171875
2 0.4875 0.403125 0.1265625 0.2
2 0.3015625 0.6859375 0.090625 0.1296875
2 0.7640625 0.8640625 0.03125 0.090625
2 0.2625 0.8890625 0.0671875 0.1046875
2 0.7375 0.8 0.0796875 0.0625
2 0.2578125 0.4734375 0.078125 0.109375
2 0.39375 0.4296875 0.1109375 0.1203125
2 0.75 0.39375 0.0578125 0.084375
2 0.2359375 0.90625 0.0359375 0.1
2 0.5078125 0.5890625 0.1046875 0.1796875
2 0.31875 0.778125 0.0875 0.0796875
2 0.290625 0.8421875 0.115625 0.0796875
2 0.4671875 0.9203125 0.1203125 0.103125
2 0.4734375 0.7765625 0.0796875 0.0859375
2 0.259375 0.5625 0.0828125 0.1015625
2 0.7265625 0.1671875 0.10625 0.1125
2 0.7484375 0.321875 0.0625 0.06875
2 0.5046875 0.9828125 0.08125 0.0328125
2 0.765625 0.603125 0.0296875 0.08125
2 0.6171875 0.440625 0.153125 0.0859375
2 0.24375 0.7671875 0.05 0.1265625
2 0.4125 0.959375 0.059375 0.078125
2 0.3578125 0.9390625 0.1296875 0.08125
2 0.3171875 0.9 0.0828125 0.0671875
2 0.140625 0.3328125 0.0828125 0.1109375
2 0.8265625 0.4453125 0.0765625 0.1078125
2 0.9328125 0.8921875 0.0609375 0.134375
2 0.8859375 0.578125 0.071875 0.1671875
2 0.8359375 0.875 0.0453125 0.096875
2 0.840625 0.7265625 0.10625 0.0859375
2 0.19375 0.25 0.05 0.1078125
2 0.065625 0.259375 0.09375 0.1015625
2 0.975 0.25 0.05 0.1015625
2 0.8234375 0.575 0.078125 0.1015625
2 0.8875 0.8453125 0.05 0.1546875
2 0.9859375 0.8640625 0.028125 0.0921875
2 0.9484375 0.36875 0.1 0.1046875
2 0.121875 0.596875 0.075 0.1578125
2 0.05 0.709375 0.0578125 0.1640625
2 0.0078125 0.67265625 0.015625 0.1171875
2 0.1359375 0.6859375 0.090625 0.1296875
2 0.7984375 0.8640625 0.03125 0.090625
2 0.175 0.8890625 0.0671875 0.1046875
2 0.825 0.8 0.0796875 0.0625
2 0.1796875 0.4734375 0.078125 0.109375
2 0.0484375 0.42734375 0.096875 0.1203125
2 0.8125 0.39375 0.0578125 0.084375
2 0.2015625 0.90625 0.0359375 0.1
2 0.11875 0.778125 0.0875 0.0796875
2 0.146875 0.8421875 0.115625 0.0796875
2 0.0140625 0.9203125 0.028125 0.103125
2 0.178125 0.5625 0.0828125 0.1015625
2 0.8359375 0.1671875 0.10625 0.1125
2 0.8140625 0.321875 0.0625 0.06875
2 0.796875 0.603125 0.0296875 0.08125
2 0.934375 0.4390625 0.13125 0.0859375
2 0.19375 0.7671875 0.05 0.1265625
2 0.0265625 0.959375 0.053125 0.078125
2 0.0796875 0.9390625 0.1296875 0.08125
2 0.1203125 0.9 0.0828125 0.0671875