8 0.596875 0.4046875 0.04375 0.046875
8 0.584375 0.340625 0.06875 0.0625
8 0.659375 0.421875 0.0796875 0.053125
8 0.6078125 0.4671875 0.075 0.05
8 0.53125 0.409375 0.0375 0.0859375
8 0.4875 0.4671875 0.0375 0.0828125
8 0.4734375 0.378125 0.0484375 0.084375
8 0.3890625 0.3671875 0.0703125 0.0296875
8 0.46875 0.271875 0.034375 0.0890625
8 0.5109375 0.2171875 0.0765625 0.0359375
8 0.403125 0.190625 0.0625 0.05
8 0.3546875 0.2609375 0.06875 0.084375
8 0.321875 0.321875 0.0765625 0.0625
8 0.159375 0.2171875 0.0546875 0.065625
8 0.084375 0.353125 0.06875 0.06875
8 0.1546875 0.4515625 0.0875 0.05
8 0.4015625 0.61875 0.065625 0.0703125
8 0.340625 0.509375 0.065625 0.0796875
8 0.33125 0.434375 0.0734375 0.0703125
8 0.4171875 0.4140625 0.05625 0.0578125
8 0.415625 0.4484375 0.08125 0.04375
8 0.4421875 0.5171875 0.065625 0.0375
8 0.45 0.5515625 0.05 0.0515625
8 0.5046875 0.5609375 0.059375 0.040625
8 0.5296875 0.5875 0.040625 0.053125
8 0.5859375 0.5671875 0.075 0.046875
8 0.5890625 0.51875 0.046875 0.0484375
8 0.565625 0.5046875 0.0484375 0.0609375
8 0.54375 0.4890625 0.0609375 0.071875
8 0.765625 0.615625 0.0609375 0.1140625
8 0.575 0.690625 0.0703125 0.0765625
8 0.55 0.7625 0.0421875 0.0703125
8 0.4203125 0.678125 0.0265625 0.071875
8 0.7515625 0.7375 0.075 0.0421875
8 0.86875 0.7203125 0.0703125 0.065625
8 0.8046875 0.7890625 0.0421875 0.059375
8 0.878125 0.796875 0.0890625 0.040625
8 0.925 0.3015625 0.0890625 0.103125
8 0.584375 0.0109375 0.06875 0.021875
8 0.46875 0.059375 0.034375 0.0890625
8 0.5109375 0.1140625 0.0765625 0.0359375
8 0.403125 0.140625 0.0625 0.05
8 0.3546875 0.0703125 0.06875 0.084375
8 0.32109375 0.0203125 0.0765625 0.040625
8 0.159375 0.1140625 0.0546875 0.065625
8 0.57421875 0.9671875 0.0703125 0.065625
8 0.55 0.9015625 0.0421875 0.0703125
8 0.41953125 0.975 0.0265625 0.05
8 0.7515625 0.9265625 0.075 0.0421875
8 0.86875 0.94375 0.0703125 0.065625
8 0.8046875 0.875 0.0421875 0.059375
8 0.878125 0.8671875 0.0890625 0.040625
8 0.92421875 0.040625 0.0890625 0.08125