11 0.671875 0.296875 0.0359375 0.046875
11 0.415625 0.371875 0.028125 0.046875
11 0.575 0.7859375 0.0515625 0.0375
11 0.303125 0.546875 0.034375 0.0421875
11 0.5390625 0.2609375 0.0390625 0.0328125
11 0.45625 0.2890625 0.0203125 0.0421875
11 0.5765625 0.2359375 0.0390625 0.0390625
11 0.6625 0.3390625 0.04375 0.0390625
11 0.503125 0.3 0.025 0.0421875
11 0.5953125 0.2859375 0.0375 0.05
11 0.6078125 0.3875 0.0390625 0.0375
11 0.41875 0.6171875 0.025 0.0484375
11 0.303125 0.4859375 0.0375 0.0453125
11 0.7140625 0.528125 0.0328125 0.04375
11 0.515625 0.8109375 0.0296875 0.0546875
11 0.1953125 0.8125 0.028125 0.053125
11 0.421875 0.3015625 0.028125 0.040625
11 0.5 0.2484375 0.01875 0.0453125
11 0.48125 0.2765625 0.021875 0.046875
11 0.5359375 0.2203125 0.0390625 0.034375
11 0.7 0.5875 0.053125 0.0453125
11 0.3 0.671875 0.0484375 0.040625
11 0.346875 0.6625 0.0234375 0.0484375
11 0.6265625 0.353125 0.040625 0.0328125
11 0.3046875 0.590625 0.028125 0.0515625
11 0.4515625 0.3328125 0.0328125 0.0375
11 0.46875 0.6953125 0.03125 0.0515625
11 0.603125 0.4234375 0.0328125 0.0296875
11 0.378125 0.35 0.0359375 0.028125
11 0.39375 0.61875 0.025 0.0421875
11 0.5015625 0.6328125 0.0421875 0.0359375
11 0.4390625 0.25 0.021875 0.0484375
11 0.659375 0.6296875 0.0375 0.046875
11 0.375 0.6546875 0.028125 0.053125
11 0.7359375 0.4578125 0.0359375 0.0515625
11 0.3765625 0.38125 0.0359375 0.0328125
11 0.5796875 0.3359375 0.0328125 0.0265625
11 0.434375 0.015625 0.021875 0.03125
11 0.4171875 0.209375 0.0203125 0.0453125
11 0.209375 0.515625 0.034375 0.05
11 0.446875 0.6125 0.0296875 0.0484375
11 0.4359375 0.6796875 0.034375 0.04375
11 0.5515625 0.33125 0.0203125 0.0515625
11 0.2109375 0.1484375 0.021875 0.04375
11 0.5796875 0.628125 0.0453125 0.0375
11 0.4828125 0.753125 0.0375 0.05
11 0.396875 0.2859375 0.034375 0.0265625
11 0.575 0.3546875 0.03125 0.0265625
11 0.24375 0.3140625 0.025 0.0453125
11 0.5609375 0.51875 0.0375 0.0390625
11 0.59375 0.5484375 0.0234375 0.0453125
11 0.3875 0.25 0.0375 0.03125
11 0.7328125 0.4890625 0.0421875 0.0296875
11 0.5765625 0.715625 0.0515625 0.034375
11 0.5359375 0.5546875 0.0421875 0.028125
11 0.275 0.7453125 0.05 0.0375
11 0.3484375 0.55 0.025 0.0546875
11 0.4828125 0.196875 0.0390625 0.0375
11 0.38125 0.3171875 0.0375 0.0328125
11 0.534375 0.5234375 0.0359375 0.03125
11 0.36875 0.49375 0.0359375 0.03125
11 0.2625 0.48125 0.03125 0.0453125
11 0.7796875 0.7765625 0.0296875 0.0609375
11 0.590625 0.6734375 0.046875 0.0359375
11 0.56875 0.3921875 0.028125 0.046875
11 0.2921875 0.2984375 0.0375 0.028125
11 0.4296875 0.415625 0.040625 0.028125
11 0.0546875 0.8125 0.028125 0.053125
11 0.040625 0.515625 0.034375 0.05
11 0.0390625 0.1484375 0.021875 0.04375
11 0.009375 0.3125 0.01875 0.0453125
11 0.9703125 0.7765625 0.0296875 0.0609375