11 0.715625 0.76875 0.028125 0.05
11 0.684375 0.6515625 0.0640625 0.053125
11 0.5546875 0.23125 0.0546875 0.065625
11 0.684375 0.26875 0.05625 0.04375
11 0.503125 0.11875 0.04375 0.0421875
11 0.5578125 0.0296875 0.0328125 0.059375
11 0.3359375 0.7015625 0.0453125 0.078125
11 0.56875 0.1796875 0.05625 0.0375
11 0.75 0.7859375 0.040625 0.0359375
11 0.3390625 0.3546875 0.071875 0.0625
11 0.2234375 0.89375 0.0390625 0.0734375
11 0.2984375 0.8046875 0.04375 0.05625
11 0.70625 0.70625 0.0828125 0.0421875
11 0.4296875 0.3125 0.046875 0.046875
11 0.5484375 0.14375 0.0484375 0.040625
11 0.2421875 0.359375 0.075 0.0671875
11 0.4109375 0.7265625 0.03125 0.0578125
11 0.6140625 0.3203125 0.03125 0.0359375
11 0.578125 0.7453125 0.04375 0.0484375
11 0.525 0.0140625 0.0515625 0.028125
11 0.775 0.690625 0.053125 0.0421875
11 0.60625 0.7921875 0.046875 0.0359375
11 0.3609375 0.1453125 0.0359375 0.05625
11 0.625 0.3515625 0.05 0.040625
11 0.9890625 0.784375 0.0203125 0.0359375
11 0.0265625 0.89375 0.0390625 0.0734375
11 0.021875 0.35703125 0.04375 0.0671875
11 0.9734375 0.6890625 0.0515625 0.0421875