8 0.559375 0.35625 0.103125 0.1125
8 0.4671875 0.378125 0.084375 0.0859375
8 0.3203125 0.365625 0.15625 0.0921875
8 0.3765625 0.4734375 0.0765625 0.1234375
8 0.475 0.5921875 0.0921875 0.075
8 0.5484375 0.471875 0.1078125 0.0796875
8 0.5859375 0.609375 0.0703125 0.09375
8 0.684375 0.5359375 0.0703125 0.109375
8 0.39375 0.6859375 0.1046875 0.1234375
8 0.3453125 0.8109375 0.0828125 0.0703125
8 0.4421875 0.846875 0.0625 0.053125
8 0.3453125 0.9390625 0.0828125 0.0703125
8 0.4421875 0.903125 0.0625 0.053125