1 0.3453125 0.478125 0.1140625 0.134375
1 0.403125 0.3578125 0.13125 0.109375
1 0.5140625 0.278125 0.128125 0.096875
1 0.590625 0.3609375 0.109375 0.09375
1 0.5375 0.4234375 0.0828125 0.1421875
1 0.703125 0.5125 0.10625 0.1515625
1 0.7734375 0.565625 0.14375 0.109375
1 0.6859375 0.7015625 0.1609375 0.153125
1 0.2453125 0.2359375 0.0671875 0.109375
1 0.403125 0.0140625 0.13125 0.028125
1 0.5140625 0.053125 0.128125 0.096875
1 0.684375 0.9421875 0.1609375 0.1140625
1 0.2453125 0.0953125 0.0671875 0.109375