2 0.90625 0.71875 0.1421875 0.1140625
2 0.78125 0.6546875 0.1078125 0.09375
2 0.7125 0.59375 0.140625 0.059375
2 0.6140625 0.3875 0.1375 0.0796875
2 0.9328125 0.371875 0.125 0.146875
2 0.8140625 0.246875 0.134375 0.0625
2 0.7109375 0.3046875 0.0890625 0.090625
2 0.8703125 0.2796875 0.128125 0.0796875
2 0.8453125 0.5890625 0.0953125 0.1109375
2 0.43125 0.6375 0.1546875 0.1046875
2 0.7 0.6875 0.1046875 0.1296875
2 0.1203125 0.2859375 0.14375 0.0734375
2 0.4421875 0.5265625 0.1453125 0.1125
2 0.70625 0.5015625 0.1265625 0.1328125
2 0.396875 0.40625 0.0984375 0.1046875
2 0.30625 0.3140625 0.134375 0.0890625
2 0.2875 0.521875 0.1203125 0.0859375
2 0.209375 0.44375 0.1171875 0.1296875
2 0.234375 0.71875 0.1078125 0.1234375
2 0.790625 0.465625 0.13125 0.08125
2 0.0359375 0.328125 0.071875 0.05625
2 0.9375 0.5484375 0.1109375 0.115625
2 0.0953125 0.678125 0.14375 0.09375
2 0.34375 0.2875 0.15 0.08125
2 0.7609375 0.75 0.1171875 0.0625
2 0.8125 0.3671875 0.134375 0.0796875
2 0.3421875 0.5640625 0.128125 0.0625
2 0.071875 0.3765625 0.1265625 0.0546875
2 0.60625 0.265625 0.153125 0.0953125
2 0.5421875 0.2296875 0.134375 0.028125
2 0.7 0.6640625 0.078125 0.08125
2 0.171875 0.7203125 0.1265625 0.11875
2 0.271875 0.2296875 0.125 0.0296875
2 0.4390625 0.2859375 0.121875 0.1140625
2 0.1609375 0.584375 0.1234375 0.1265625
2 0.4609375 0.334375 0.0890625 0.1
2 0.046875 0.5546875 0.09375 0.096875
2 0.03125 0.4671875 0.0625 0.09375
2 0.10625 0.5296875 0.078125 0.065625
2 0.0515625 0.6296875 0.103125 0.05
2 0.94375 0.6734375 0.1109375 0.128125
2 0.9390625 0.36875 0.11875 0.1359375
2 0.90625 0.8453125 0.1421875 0.1140625
2 0.78125 0.909375 0.1078125 0.09375
2 0.7125 0.9703125 0.140625 0.059375
2 0.6140625 0.04375 0.1375 0.0796875
2 0.9328125 0.065625 0.125 0.13125
2 0.8140625 0.184375 0.134375 0.0625
2 0.7109375 0.1265625 0.0890625 0.090625
2 0.8703125 0.1515625 0.128125 0.0796875
2 0.84375 0.959375 0.0953125 0.08125
2 0.43125 0.9265625 0.1546875 0.1046875
2 0.7 0.8765625 0.1046875 0.1296875
2 0.1203125 0.1453125 0.14375 0.0734375
2 0.39453125 0.0375 0.0984375 0.075
2 0.30625 0.1171875 0.134375 0.0890625
2 0.20703125 0.025 0.1171875 0.05
2 0.234375 0.8453125 0.1078125 0.1234375
2 0.0359375 0.103125 0.071875 0.05625
2 0.9359375 0.978125 0.1109375 0.0421875
2 0.0953125 0.8859375 0.14375 0.09375
2 0.34375 0.14375 0.15 0.08125
2 0.7609375 0.8140625 0.1171875 0.0625
2 0.8125 0.0640625 0.134375 0.0796875
2 0.3421875 0.984375 0.128125 0.03125
2 0.071875 0.0546875 0.1265625 0.0546875
2 0.60625 0.165625 0.153125 0.0953125
2 0.5421875 0.2015625 0.134375 0.028125
2 0.7 0.9 0.078125 0.08125
2 0.171875 0.84375 0.1265625 0.11875
2 0.271875 0.2015625 0.125 0.0296875
2 0.4390625 0.1453125 0.121875 0.1140625
2 0.159375 0.9578125 0.1234375 0.084375
2 0.4609375 0.096875 0.0890625 0.1
2 0.046875 0.9796875 0.09375 0.0390625
2 0.0515625 0.934375 0.103125 0.05
2 0.94375 0.890625 0.1109375 0.128125
2 0.9390625 0.0640625 0.11875 0.128125