11 0.2015625 0.159375 0.04375 0.0375
11 0.3375 0.325 0.021875 0.040625
11 0.359375 0.5859375 0.025 0.0390625
11 0.215625 0.021875 0.0265625 0.04375
11 0.2671875 0.2578125 0.0234375 0.0359375
11 0.3375 0.528125 0.025 0.04375
11 0.396875 0.3828125 0.0265625 0.0296875
11 0.153125 0.80625 0.0265625 0.0421875
11 0.2078125 0.5953125 0.0265625 0.0453125
11 0.3328125 0.6 0.0234375 0.0265625
11 0.6796875 0.540625 0.01875 0.0359375
11 0.375 0.403125 0.025 0.0390625
11 0.3328125 0.3703125 0.0203125 0.0421875
11 0.3703125 0.7078125 0.01875 0.0375
11 0.3875 0.3109375 0.01875 0.040625
11 0.709375 0.5015625 0.0203125 0.0390625
11 0.384375 0.621875 0.0234375 0.0328125
11 0.36875 0.4546875 0.034375 0.0296875
11 0.3171875 0.9140625 0.021875 0.0421875
11 0.3390625 0.69375 0.0203125 0.0390625
11 0.39375 0.6765625 0.028125 0.025
11 0.2546875 0.7875 0.025 0.040625
11 0.178125 0.8484375 0.028125 0.0328125
11 0.40625 0.1609375 0.01875 0.040625
11 0.409375 0.4140625 0.01875 0.0359375
11 0.25 0.0703125 0.0203125 0.04375
11 0.221875 0.078125 0.021875 0.05
11 0.609375 0.6453125 0.025 0.034375
11 0.284375 0.621875 0.025 0.03125
11 0.440625 0.3640625 0.0203125 0.0390625
11 0.2921875 0.5984375 0.0359375 0.0328125
11 0.8421875 0.8359375 0.0390625 0.0328125
11 0.4328125 0.7046875 0.01875 0.040625
11 0.2140625 0.81875 0.01875 0.0390625
11 0.425 0.734375 0.0265625 0.0234375
11 0.396875 0.571875 0.03125 0.0421875
11 0.3953125 0.2296875 0.028125 0.0390625
11 0.3515625 0.9234375 0.0171875 0.034375
11 0.43125 0.646875 0.01875 0.0359375
11 0.4328125 0.434375 0.021875 0.04375
11 0.3796875 0.884375 0.01875 0.03125
11 0.6203125 0.5609375 0.028125 0.0390625
11 0.428125 0.4890625 0.03125 0.0234375
11 0.4078125 0.3390625 0.0171875 0.04375
11 0.40625 0.7578125 0.0171875 0.0390625
11 0.4234375 0.9046875 0.021875 0.025
11 0.4640625 0.4125 0.0171875 0.0421875
11 0.2625 0.8890625 0.015625 0.03125
11 0.6328125 0.803125 0.0328125 0.0375
11 0.4234375 0.0140625 0.0203125 0.028125
11 0.4453125 0.5359375 0.025 0.0234375
11 0.5125 0.059375 0.0296875 0.0453125
11 0.5703125 0.8671875 0.03125 0.05
11 0.4234375 0.9453125 0.0171875 0.03125
11 0.43125 0.315625 0.03125 0.04375
11 0.446875 0.1078125 0.0265625 0.053125
11 0.4046875 0.9171875 0.015625 0.0296875
11 0.6375 0.746875 0.03125 0.0328125
11 0.478125 0.2625 0.0265625 0.040625
11 0.5265625 0.7140625 0.025 0.028125
11 0.5453125 0.6578125 0.028125 0.034375
11 0.7515625 0.625 0.0375 0.0296875
11 0.465625 0.86875 0.021875 0.03125
11 0.4515625 0.8765625 0.0125 0.0234375
11 0.434375 0.875 0.021875 0.0375
11 0.465625 0.809375 0.0171875 0.0296875
11 0.4203125 0.759375 0.0140625 0.0234375
11 0.45 0.83125 0.0203125 0.01875
11 0.4328125 0.5890625 0.0171875 0.028125
11 0.4203125 0.584375 0.0171875 0.034375
11 0.4375 0.046875 0.01875 0.046875
11 0.4609375 0.5125 0.0171875 0.03125
11 0.6765625 0.9390625 0.0328125 0.0578125
11 0.43125 0.8140625 0.0296875 0.0203125
11 0.0484375 0.159375 0.04375 0.0375
11 0.03125 0.021875 0.0265625 0.04375
11 0.096875 0.80625 0.0265625 0.0421875
11 0.0421875 0.5953125 0.0265625 0.0453125
11 0.003125 0.7875 0.00625 0.040625
11 0.071875 0.8484375 0.028125 0.0328125
11 0.0046875 0.0703125 0.009375 0.04375
11 0.028125 0.078125 0.021875 0.05
11 0.9078125 0.8359375 0.0390625 0.0328125
11 0.0359375 0.81875 0.01875 0.0390625
11 0.9890625 0.6234375 0.0203125 0.0296875