11 0.4109375 0.50625 0.0796875 0.0734375
11 0.6890625 0.50625 0.065625 0.071875
11 0.1609375 0.4390625 0.0734375 0.065625
11 0.578125 0.3453125 0.0765625 0.0890625
11 0.3984375 0.3171875 0.096875 0.0640625
11 0.44375 0.58125 0.059375 0.0609375
11 0.1359375 0.3640625 0.090625 0.0671875
11 0.4921875 0.5265625 0.0640625 0.065625
11 0.534375 0.2203125 0.075 0.075
11 0.6046875 0.5625 0.059375 0.078125
11 0.403125 0.4046875 0.109375 0.0515625
11 0.509375 0.6078125 0.1078125 0.05
11 0.5390625 0.5546875 0.071875 0.053125
11 0.03125 0.3734375 0.0625 0.0546875
11 0.5890625 0.5046875 0.0578125 0.059375
11 0.25 0.425 0.0890625 0.0390625
11 0.034375 0.221875 0.06875 0.06875
11 0.3 0.4546875 0.0609375 0.0703125
11 0.190625 0.54375 0.08125 0.0765625
11 0.21875 0.225 0.0625 0.05625
11 0.2859375 0.7390625 0.0953125 0.0875
11 0.8953125 0.6328125 0.0828125 0.0765625
11 0.14375 0.1921875 0.0921875 0.0484375
11 0.78125 0.1796875 0.0734375 0.0296875
11 0.140625 0.7359375 0.090625 0.0984375
11 0.2484375 0.18125 0.0625 0.03125
11 0.9796875 0.1765625 0.0375 0.021875
11 0.57578125 0.0140625 0.0765625 0.028125
11 0.3984375 0.021875 0.096875 0.04375
11 0.534375 0.1109375 0.075 0.075
11 0.034375 0.109375 0.06875 0.06875
11 0.21875 0.10625 0.0625 0.05625
11 0.2859375 0.925 0.0953125 0.0875
11 0.14375 0.1390625 0.0921875 0.0484375
11 0.78125 0.1515625 0.0734375 0.0296875
11 0.140625 0.928125 0.090625 0.0984375
11 0.2484375 0.15 0.0625 0.03125
11 0.9796875 0.1546875 0.0375 0.021875