11 0.5453125 0.6 0.1515625 0.09375
11 0.3421875 0.575 0.171875 0.0890625
11 0.58125 0.7015625 0.1953125 0.1
11 0.896875 0.290625 0.1125 0.0921875
11 0.6296875 0.346875 0.0921875 0.1125
11 0.915625 0.1625 0.1234375 0.0765625
11 0.784375 0.2671875 0.128125 0.0609375
11 0.0453125 0.796875 0.090625 0.1453125
11 0.8 0.3921875 0.0984375 0.1328125
11 0.6515625 0.178125 0.1015625 0.1078125
11 0.7203125 0.3265625 0.0953125 0.103125
11 0.6984375 0.475 0.115625 0.1875
11 0.728125 0.2015625 0.11875 0.0859375
11 0.340625 0.2296875 0.078125 0.096875
11 0.2109375 0.5296875 0.1515625 0.10625
11 0.43125 0.79375 0.1 0.1421875
11 0.0671875 0.50625 0.134375 0.11875
11 0.5703125 0.253125 0.1296875 0.0859375
11 0.2984375 0.415625 0.1 0.134375
11 0.4953125 0.4796875 0.1109375 0.1328125
11 0.26875 0.3234375 0.10625 0.1234375
11 0.2203125 0.6484375 0.125 0.125
11 0.7484375 0.7015625 0.125 0.0828125
11 0.6375 0.796875 0.109375 0.134375
11 0.915625 0.0875 0.1234375 0.0765625
11 0.784375 0.00625 0.128125 0.0125
11 0.0453125 0.9390625 0.090625 0.121875
11 0.6515625 0.071875 0.1015625 0.1078125
11 0.728125 0.0484375 0.11875 0.0859375
11 0.340625 0.034375 0.078125 0.06875
11 0.43125 0.9421875 0.1 0.115625
11 0.56796875 0.01875 0.1296875 0.0375
11 0.6375 0.9421875 0.109375 0.1140625