2 0.28125 0.5296875 0.175 0.1140625
2 0.4421875 0.790625 0.0515625 0.0359375
2 0.553125 0.403125 0.103125 0.153125
2 0.7703125 0.2421875 0.1359375 0.0921875
2 0.3734375 0.815625 0.0578125 0.0640625
2 0.55 0.5546875 0.1171875 0.0703125
2 0.39375 0.7765625 0.053125 0.0609375
2 0.4796875 0.775 0.09375 0.0515625
2 0.4421875 0.959375 0.0515625 0.0359375
2 0.76875 0.0265625 0.1359375 0.053125
2 0.3734375 0.934375 0.0578125 0.0640625
2 0.39375 0.9703125 0.053125 0.0578125
2 0.4796875 0.9734375 0.09375 0.0515625