11 0.5078125 0.3640625 0.0546875 0.028125
11 0.3875 0.440625 0.0640625 0.03125
11 0.6359375 0.3765625 0.0609375 0.0328125
11 0.478125 0.5953125 0.05625 0.0453125
11 0.4875 0.39375 0.065625 0.028125
11 0.3890625 0.3953125 0.040625 0.0484375
11 0.559375 0.3625 0.05 0.0265625
11 0.39375 0.6703125 0.0796875 0.0546875
11 0.425 0.3640625 0.08125 0.0390625
11 0.3046875 0.5078125 0.0515625 0.03125
11 0.7234375 0.459375 0.0546875 0.0359375
11 0.4171875 0.5953125 0.059375 0.03125
11 0.4109375 0.478125 0.0453125 0.0640625
11 0.68125 0.5125 0.0640625 0.0296875
11 0.25625 0.6890625 0.05 0.059375
11 0.34375 0.3921875 0.0421875 0.0515625
11 0.44375 0.44375 0.05 0.0375
11 0.7484375 0.5078125 0.0578125 0.0421875
11 0.671875 0.475 0.05 0.0375
11 0.496875 0.440625 0.0640625 0.0328125
11 0.3484375 0.5484375 0.0546875 0.046875
11 0.3234375 0.6765625 0.0734375 0.0359375
11 0.328125 0.634375 0.0734375 0.0375
11 0.703125 0.4109375 0.0578125 0.0609375
11 0.28125 0.6375 0.0375 0.0421875
11 0.3359375 0.4875 0.06875 0.0921875
11 0.28125 0.596875 0.046875 0.04375
11 0.771875 0.4578125 0.05 0.10625
11 0.3921875 0.9828125 0.0796875 0.034375
11 0.25625 0.971875 0.05 0.0546875
11 0.321875 0.984375 0.0734375 0.03125