0 0.6515625 0.5421875 0.0265625 0.021875
0 0.509375 0.5125 0.03125 0.0140625
0 0.5796875 0.4828125 0.0296875 0.021875
0 0.315625 0.5375 0.0359375 0.0125
0 0.5484375 0.503125 0.03125 0.0109375
0 0.534375 0.5890625 0.0265625 0.0171875
0 0.6078125 0.4625 0.0296875 0.025
0 0.61875 0.49375 0.0265625 0.015625
0 0.4 0.6265625 0.021875 0.0109375
0 0.60625 0.5234375 0.0203125 0.015625
0 0.6640625 0.5078125 0.034375 0.0125
0 0.60625 0.59375 0.025 0.015625
0 0.490625 0.5609375 0.0203125 0.0140625
0 0.6828125 0.525 0.021875 0.021875
0 0.534375 0.534375 0.0265625 0.015625
0 0.7125 0.5078125 0.028125 0.0140625
0 0.4578125 0.5546875 0.01875 0.0109375
0 0.44375 0.5203125 0.01875 0.028125
0 0.5078125 0.5484375 0.015625 0.0140625
0 0.5375 0.5546875 0.0296875 0.015625
0 0.61875 0.54375 0.021875 0.0296875
0 0.440625 0.546875 0.0171875 0.021875
0 0.6 0.496875 0.0265625 0.0203125
0 0.6515625 0.9421875 0.0265625 0.021875
0 0.509375 0.003125 0.03125 0.00625
0 0.509375 0.971875 0.03125 0.0140625
0 0.5796875 0.0296875 0.0296875 0.021875
0 0.578125 0.9953125 0.0296875 0.009375
0 0.315625 0.946875 0.0359375 0.0125
0 0.5484375 0.009375 0.03125 0.0109375
0 0.5484375 0.98125 0.03125 0.0109375
0 0.534375 0.8953125 0.0265625 0.0171875
0 0.6078125 0.05 0.0296875 0.025
0 0.61875 0.01875 0.0265625 0.015625
0 0.61875 0.990625 0.0265625 0.015625
0 0.4 0.8578125 0.021875 0.0109375
0 0.60625 0.9609375 0.0203125 0.015625
0 0.6640625 0.0046875 0.034375 0.009375
0 0.6640625 0.9765625 0.034375 0.0125
0 0.60625 0.890625 0.025 0.015625
0 0.490625 0.9234375 0.0203125 0.0140625
0 0.6828125 0.959375 0.021875 0.021875
0 0.534375 0.95 0.0265625 0.015625
0 0.7125 0.0046875 0.028125 0.009375
0 0.7125 0.9765625 0.028125 0.0140625
0 0.4578125 0.9296875 0.01875 0.0109375
0 0.44375 0.003125 0.01875 0.00625
0 0.44375 0.9640625 0.01875 0.028125
0 0.5078125 0.9359375 0.015625 0.0140625
0 0.5375 0.9296875 0.0296875 0.015625
0 0.61875 0.940625 0.021875 0.0296875
0 0.440625 0.9375 0.0171875 0.021875
0 0.6 0.015625 0.0265625 0.0203125
0 0.6 0.9875 0.0265625 0.0203125