11 0.809375 0.44375 0.0453125 0.0203125
11 0.9 0.328125 0.05625 0.034375
11 0.2703125 0.5015625 0.0453125 0.0296875
11 0.3296875 0.5078125 0.053125 0.0296875
11 0.8015625 0.4203125 0.0578125 0.021875
11 0.19375 0.465625 0.053125 0.0203125
11 0.2390625 0.4390625 0.071875 0.0234375
11 0.834375 0.4546875 0.0609375 0.0359375
11 0.11875 0.4765625 0.0484375 0.0203125
11 0.4046875 0.5140625 0.0421875 0.040625
11 0.59375 0.478125 0.0375 0.0296875
11 0.8421875 0.365625 0.0515625 0.04375
11 0.540625 0.4671875 0.0453125 0.0171875
11 0.265625 0.53125 0.053125 0.0171875
11 0.28125 0.415625 0.0421875 0.028125
11 0.6203125 0.3890625 0.071875 0.0265625
11 0.4421875 0.50625 0.0296875 0.0296875
11 0.7359375 0.478125 0.0359375 0.0234375
11 0.371875 0.496875 0.0390625 0.028125
11 0.809375 0.028125 0.0453125 0.0203125
11 0.9 0.14375 0.05625 0.034375
11 0.8015625 0.0515625 0.0578125 0.021875
11 0.19375 0.0078125 0.053125 0.015625
11 0.2390625 0.0328125 0.071875 0.0234375
11 0.8328125 0.0171875 0.0609375 0.034375
11 0.11640625 0.0015625 0.0484375 0.003125
11 0.59375 0.003125 0.0375 0.00625
11 0.8421875 0.10625 0.0515625 0.04375
11 0.5390625 0.00625 0.0453125 0.0125
11 0.265625 0.9921875 0.053125 0.0140625
11 0.28125 0.05625 0.0421875 0.028125
11 0.6203125 0.0828125 0.071875 0.0265625
11 0.73359375 0.0015625 0.0359375 0.003125