5 0.575 0.4375 0.1046875 0.075
5 0.4140625 0.678125 0.075 0.10625
5 0.58125 0.5265625 0.1078125 0.084375
5 0.4296875 0.5859375 0.1015625 0.0796875
5 0.328125 0.671875 0.096875 0.075
5 0.4140625 0.2625 0.1 0.065625
5 0.5546875 0.2296875 0.0625 0.1125
5 0.4265625 0.371875 0.078125 0.08125
5 0.578125 0.6203125 0.1015625 0.0875
5 0.4875 0.6359375 0.05 0.1
5 0.35 0.6 0.0578125 0.1078125
5 0.4890625 0.3421875 0.0546875 0.1109375
5 0.528125 0.7515625 0.0578125 0.11875
5 0.478125 0.14375 0.0546875 0.096875
5 0.45 0.215625 0.0921875 0.0609375
5 0.575 0.128125 0.0515625 0.1078125