0 0.559375 0.4859375 0.1234375 0.0609375
0 0.4359375 0.4921875 0.0890625 0.0625
0 0.7890625 0.3625 0.09375 0.0765625
0 0.3375 0.334375 0.121875 0.059375
0 0.3671875 0.446875 0.0921875 0.0609375
0 0.61875 0.44375 0.0890625 0.0609375
0 0.3390625 0.509375 0.0984375 0.0515625
0 0.7359375 0.590625 0.0890625 0.1015625
0 0.040625 0.559375 0.08125 0.0453125
0 0.046875 0.4890625 0.09375 0.0515625
0 0.0875 0.5953125 0.096875 0.071875
0 0.2078125 0.30625 0.084375 0.0515625
0 0.6359375 0.4140625 0.04375 0.05