0 0.4203125 0.5734375 0.0484375 0.0375
0 0.46875 0.5765625 0.04375 0.0375
0 0.496875 0.6078125 0.0265625 0.046875
0 0.6 0.48125 0.0296875 0.046875
0 0.440625 0.35625 0.0359375 0.034375
0 0.596875 0.590625 0.0421875 0.040625
0 0.6078125 0.390625 0.0421875 0.0296875
0 0.4984375 0.3703125 0.0390625 0.059375
0 0.534375 0.4265625 0.0328125 0.0484375
0 0.41875 0.4703125 0.04375 0.0328125
0 0.4453125 0.4515625 0.0421875 0.040625
0 0.425 0.4046875 0.0453125 0.0359375
0 0.4625 0.4015625 0.03125 0.0484375
0 0.4890625 0.440625 0.0359375 0.0234375
0 0.55625 0.4875 0.0375 0.03125
0 0.55 0.528125 0.0296875 0.046875
0 0.4734375 0.5328125 0.028125 0.0375
0 0.478125 0.4796875 0.0296875 0.025
0 0.50625 0.4609375 0.0203125 0.04375
0 0.521875 0.478125 0.0265625 0.03125
0 0.440625 0.4953125 0.05 0.021875
0 0.378125 0.55625 0.0265625 0.046875
0 0.534375 0.55625 0.028125 0.03125
0 0.54375 0.553125 0.0390625 0.028125
0 0.4921875 0.5359375 0.03125 0.0359375
0 0.715625 0.621875 0.034375 0.034375