8 0.603125 0.5359375 0.103125 0.15
8 0.496875 0.4765625 0.109375 0.11875
8 0.46875 0.6171875 0.1265625 0.1078125
8 0.8875 0.7125 0.0609375 0.0578125
8 0.5515625 0.3578125 0.1140625 0.0609375
8 0.6046875 0.29375 0.121875 0.0765625
8 0.225 0.3625 0.0671875 0.0703125
8 0.603125 0.02578125 0.103125 0.0515625
8 0.603125 0.93671875 0.103125 0.1265625
8 0.496875 0.04765625 0.109375 0.0953125
8 0.496875 0.97421875 0.109375 0.0515625
8 0.46875 0.8671875 0.1265625 0.1078125
8 0.8875 0.771875 0.0609375 0.0578125
8 0.5515625 0.1546875 0.1140625 0.0609375
8 0.6046875 0.21875 0.121875 0.0765625
8 0.225 0.15 0.0671875 0.0703125