8 0.5703125 0.571875 0.0890625 0.16875
8 0.525 0.4859375 0.13125 0.090625
8 0.621875 0.34375 0.171875 0.0953125
8 0.7828125 0.365625 0.075 0.109375
8 0.8234375 0.621875 0.1171875 0.1578125
8 0.596875 0.228125 0.1125 0.125
8 0.40625 0.30625 0.1578125 0.0921875
8 0.3875 0.2265625 0.146875 0.0796875
8 0.228125 0.2640625 0.115625 0.159375
8 0.1671875 0.40625 0.071875 0.1078125
8 0.075 0.3859375 0.0984375 0.115625
8 0.3 0.4421875 0.109375 0.1109375
8 0.403125 0.5140625 0.075 0.1046875
8 0.390625 0.69375 0.0859375 0.0859375
8 0.4765625 0.7671875 0.1078125 0.1140625
8 0.3015625 0.7859375 0.1453125 0.090625
8 0.1125 0.7609375 0.0984375 0.1359375
8 0.1046875 0.5546875 0.13125 0.0734375
8 0.2328125 0.60625 0.0859375 0.0953125
8 0.2921875 0.6671875 0.1109375 0.1015625
8 0.621875 0.0171875 0.171875 0.034375
8 0.82265625 0.98046875 0.1171875 0.0390625
8 0.596875 0.103125 0.1125 0.125
8 0.40546875 0.03515625 0.1578125 0.0703125
8 0.3875 0.1046875 0.146875 0.0796875
8 0.228125 0.0734375 0.115625 0.146875
8 0.38984375 0.9625 0.0859375 0.075
8 0.4765625 0.8953125 0.1078125 0.1140625
8 0.3015625 0.8765625 0.1453125 0.090625
8 0.1125 0.9015625 0.0984375 0.1359375
8 0.29140625 0.971875 0.1109375 0.05625