0 0.1953125 0.6609375 0.115625 0.0953125
0 0.8625 0.6734375 0.1171875 0.103125
0 0.2625 0.5046875 0.096875 0.0515625
0 0.5984375 0.528125 0.0703125 0.0421875
0 0.7359375 0.6046875 0.1203125 0.0671875
0 0.575 0.4640625 0.053125 0.05
0 0.565625 0.5078125 0.065625 0.0375
0 0.4875 0.5015625 0.084375 0.0390625
0 0.446875 0.5125 0.0734375 0.0328125
0 0.4890625 0.5625 0.0953125 0.046875
0 0.740625 0.4265625 0.0625 0.0390625
0 0.1953125 0.8234375 0.115625 0.0953125
0 0.8625 0.8109375 0.1171875 0.103125
0 0.2625 0.015625 0.096875 0.03125
0 0.2625 0.9765625 0.096875 0.046875
0 0.5984375 0.95625 0.0703125 0.0421875
0 0.7359375 0.8796875 0.1203125 0.0671875
0 0.575 0.0484375 0.053125 0.05
0 0.565625 0.0109375 0.065625 0.021875
0 0.565625 0.9765625 0.065625 0.0375
0 0.4875 0.0140625 0.084375 0.028125
0 0.4875 0.98125 0.084375 0.0375
0 0.4453125 0.0078125 0.0734375 0.015625
0 0.446875 0.971875 0.0734375 0.0328125
0 0.4890625 0.921875 0.0953125 0.046875
0 0.740625 0.0859375 0.0625 0.0390625