1 0.3984375 0.625 0.084375 0.0546875
1 0.3203125 0.63125 0.0515625 0.04375
1 0.471875 0.6640625 0.075 0.0328125
1 0.546875 0.615625 0.0609375 0.05625
1 0.6234375 0.5765625 0.0671875 0.0328125
1 0.9484375 0.50625 0.0765625 0.0359375
1 0.49375 0.5234375 0.08125 0.0390625
1 0.4140625 0.309375 0.0625 0.0546875
1 0.021875 0.603125 0.04375 0.0328125
1 0.353125 0.2953125 0.04375 0.04375
1 0.6875 0.5015625 0.0640625 0.059375
1 0.59375 0.6265625 0.0546875 0.0640625
1 0.54375 0.546875 0.0390625 0.0390625
1 0.4796875 0.603125 0.075 0.1
1 0.1734375 0.59375 0.0765625 0.0328125
1 0.259375 0.465625 0.0640625 0.025
1 0.9640625 0.5953125 0.06875 0.05
1 0.2703125 0.50625 0.0640625 0.0390625
1 0.7875 0.4828125 0.0640625 0.0375
1 0.809375 0.5265625 0.0921875 0.04375
1 0.9734375 0.4625 0.05 0.0703125
1 0.89375 0.590625 0.0375 0.0625
1 0.975 0.61875 0.046875 0.0375
1 0.9859375 0.6421875 0.025 0.0203125
1 0.6203125 0.4734375 0.0265625 0.053125
1 0.65 0.4921875 0.0453125 0.040625
1 0.6578125 0.4953125 0.0359375 0.0484375
1 0.475 0.4421875 0.0453125 0.078125
1 0.4359375 0.4421875 0.0640625 0.040625
1 0.4265625 0.465625 0.0546875 0.034375
1 0.3796875 0.4625 0.040625 0.1015625
1 0.334375 0.46875 0.059375 0.1
1 0.2890625 0.434375 0.05625 0.0625
1 0.321875 0.3984375 0.06875 0.0453125
1 0.2140625 0.4328125 0.059375 0.0484375
1 0.0875 0.5328125 0.0671875 0.0421875
1 0.20625 0.515625 0.05 0.040625
1 0.36875 0.3421875 0.05625 0.059375
1 0.571875 0.475 0.040625 0.0484375
1 0.6 0.4765625 0.03125 0.0734375
1 0.5953125 0.540625 0.0515625 0.0375
1 0.559375 0.584375 0.075 0.0625
1 0.321875 0.625 0.0875 0.084375
1 0.3984375 0.9296875 0.084375 0.0546875
1 0.3203125 0.9234375 0.0515625 0.04375
1 0.471875 0.890625 0.075 0.0328125
1 0.546875 0.9390625 0.0609375 0.05625
1 0.6234375 0.978125 0.0671875 0.0328125
1 0.4140625 0.134375 0.0625 0.0546875
1 0.021875 0.9484375 0.04375 0.0328125
1 0.353125 0.1484375 0.04375 0.04375
1 0.59375 0.928125 0.0546875 0.0640625
1 0.5421875 0.99375 0.0390625 0.0125
1 0.4796875 0.95 0.075 0.0984375
1 0.1734375 0.9609375 0.0765625 0.0328125
1 0.9640625 0.959375 0.06875 0.05
1 0.9734375 0.0078125 0.05 0.015625
1 0.89375 0.9640625 0.0375 0.0625
1 0.975 0.9359375 0.046875 0.0375
1 0.9859375 0.9125 0.025 0.0203125
1 0.4734375 0.0203125 0.0453125 0.040625
1 0.434375 0.0109375 0.0640625 0.021875
1 0.3796875 0.015625 0.040625 0.03125
1 0.334375 0.0125 0.059375 0.025
1 0.2890625 0.0203125 0.05625 0.040625
1 0.321875 0.0453125 0.06875 0.0453125
1 0.2140625 0.0171875 0.059375 0.034375
1 0.36875 0.1015625 0.05625 0.059375
1 0.559375 0.96875 0.075 0.0609375
1 0.321875 0.9296875 0.0875 0.084375