0 0.8296875 0.5984375 0.0890625 0.0765625
0 0.646875 0.275 0.071875 0.0625
0 0.4734375 0.8046875 0.0875 0.1015625
0 0.4859375 0.3671875 0.0671875 0.0953125
0 0.3296875 0.521875 0.090625 0.059375
0 0.5046875 0.6140625 0.0703125 0.0859375
0 0.9015625 0.7515625 0.065625 0.0609375
0 0.575 0.253125 0.0609375 0.08125
0 0.6640625 0.3234375 0.078125 0.0609375
0 0.428125 0.328125 0.0640625 0.0765625
0 0.3421875 0.375 0.0921875 0.053125
0 0.5171875 0.2796875 0.0640625 0.059375
0 0.815625 0.7734375 0.08125 0.0734375
0 0.759375 0.6390625 0.078125 0.06875
0 0.7765625 0.225 0.0578125 0.0609375
0 0.55 0.39375 0.059375 0.0625
0 0.2015625 0.771875 0.0828125 0.115625
0 0.5375 0.7140625 0.0921875 0.0578125
0 0.4265625 0.4796875 0.0609375 0.0796875
0 0.6015625 0.3953125 0.05625 0.0546875
0 0.2375 0.453125 0.0984375 0.0546875
0 0.7671875 0.3953125 0.0484375 0.059375
0 0.5515625 0.48125 0.0546875 0.059375
0 0.484375 0.5484375 0.053125 0.053125
0 0.796875 0.8546875 0.075 0.0390625
0 0.528125 0.4453125 0.0734375 0.0390625
0 0.6578125 0.3875 0.0765625 0.040625
0 0.6140625 0.684375 0.05 0.0578125
0 0.7734375 0.6921875 0.0640625 0.065625
0 0.7375 0.184375 0.0578125 0.0671875
0 0.7015625 0.296875 0.084375 0.059375
0 0.4734375 0.9453125 0.0875 0.1015625
0 0.9015625 0.9828125 0.065625 0.0328125
0 0.5734375 0.01875 0.0609375 0.0375
0 0.815625 0.96875 0.08125 0.0609375
0 0.77421875 0.0265625 0.0578125 0.053125
0 0.2 0.959375 0.0828125 0.0796875
0 0.796875 0.8953125 0.075 0.0390625
0 0.7375 0.065625 0.0578125 0.0671875