11 0.4171875 0.475 0.0515625 0.0609375
11 0.6734375 0.4109375 0.028125 0.0609375
11 0.6234375 0.4390625 0.04375 0.0421875
11 0.6796875 0.4859375 0.04375 0.053125
11 0.6703125 0.55625 0.0546875 0.04375
11 0.684375 0.6265625 0.0546875 0.0421875
11 0.6859375 0.765625 0.0296875 0.0703125
11 0.4375 0.5984375 0.0203125 0.0640625
11 0.475 0.5671875 0.0453125 0.0328125
11 0.4453125 0.5453125 0.0421875 0.0421875
11 0.48125 0.4125 0.0234375 0.0484375
11 0.51875 0.4015625 0.0421875 0.028125
11 0.5796875 0.4609375 0.0421875 0.0375
11 0.5265625 0.36875 0.028125 0.0421875
11 0.49375 0.3640625 0.040625 0.0390625
11 0.4546875 0.3453125 0.046875 0.034375
11 0.4171875 0.403125 0.04375 0.053125
11 0.4171875 0.315625 0.040625 0.028125
11 0.3703125 0.2875 0.0328125 0.03125
11 0.3515625 0.259375 0.05 0.03125
11 0.396875 0.23125 0.0375 0.0421875
11 0.4171875 0.2109375 0.0390625 0.0390625
11 0.4203125 0.2609375 0.040625 0.04375
11 0.4546875 0.259375 0.034375 0.05
11 0.4703125 0.2703125 0.0265625 0.04375
11 0.5125 0.284375 0.0515625 0.0140625
11 0.515625 0.303125 0.046875 0.021875
11 0.515625 0.315625 0.0453125 0.028125
11 0.546875 0.3359375 0.0375 0.0484375
11 0.5640625 0.340625 0.025 0.0453125
11 0.575 0.3453125 0.0265625 0.05
11 0.65625 0.3625 0.0546875 0.0328125
11 0.6140625 0.321875 0.0390625 0.0359375
11 0.68125 0.2984375 0.0375 0.0578125
11 0.671875 0.2515625 0.0296875 0.059375
11 0.6546875 0.2359375 0.0546875 0.040625
11 0.6796875 0.196875 0.0546875 0.0390625
11 0.64375 0.165625 0.034375 0.0484375
11 0.6203125 0.203125 0.0359375 0.0421875
11 0.596875 0.16875 0.03125 0.0484375
11 0.58125 0.2765625 0.053125 0.01875
11 0.5796875 0.2890625 0.0125 0.03125
11 0.5546875 0.25625 0.0421875 0.0296875
11 0.54375 0.24375 0.034375 0.025
11 0.5671875 0.1921875 0.03125 0.0484375
11 0.521875 0.209375 0.0265625 0.046875
11 0.48125 0.2296875 0.0578125 0.0375
11 0.5 0.1796875 0.0375 0.0609375
11 0.4515625 0.1515625 0.0515625 0.034375
11 0.396875 0.171875 0.046875 0.01875
11 0.4125 0.134375 0.0390625 0.0359375
11 0.3734375 0.0921875 0.0484375 0.021875
11 0.4859375 0.1015625 0.0515625 0.0234375
11 0.4859375 0.13125 0.053125 0.025
11 0.540625 0.1015625 0.05 0.025
11 0.5234375 0.071875 0.0359375 0.046875
11 0.525 0.0171875 0.040625 0.034375
11 0.60625 0.0109375 0.04375 0.021875
11 0.1203125 0.475 0.0515625 0.0609375
11 0.7875 0.4109375 0.028125 0.0609375
11 0.8375 0.4390625 0.04375 0.0421875
11 0.78125 0.4859375 0.04375 0.053125
11 0.790625 0.55625 0.0546875 0.04375
11 0.7765625 0.6265625 0.0546875 0.0421875
11 0.775 0.765625 0.0296875 0.0703125
11 0.1 0.5984375 0.0203125 0.0640625
11 0.0625 0.5671875 0.0453125 0.0328125
11 0.98125 0.565625 0.0375 0.0328125
11 0.0921875 0.5453125 0.0421875 0.0421875
11 0.05625 0.4125 0.0234375 0.0484375
11 0.9796875 0.4125 0.0234375 0.0484375
11 0.01875 0.4015625 0.0375 0.028125
11 0.9421875 0.4015625 0.0421875 0.028125
11 0.88125 0.4609375 0.0421875 0.0375
11 0.0125 0.3671875 0.025 0.0421875
11 0.934375 0.36875 0.028125 0.0421875
11 0.04375 0.3640625 0.040625 0.0390625
11 0.9671875 0.3640625 0.040625 0.0390625
11 0.0828125 0.3453125 0.046875 0.034375
11 0.990625 0.3453125 0.0171875 0.034375
11 0.1203125 0.403125 0.04375 0.053125
11 0.1203125 0.315625 0.040625 0.028125
11 0.1671875 0.2875 0.0328125 0.03125
11 0.1859375 0.259375 0.05 0.03125
11 0.140625 0.23125 0.0375 0.0421875
11 0.1203125 0.2109375 0.0390625 0.0390625
11 0.1171875 0.2609375 0.040625 0.04375
11 0.0828125 0.259375 0.034375 0.05
11 0.99375 0.259375 0.0109375 0.05
11 0.0671875 0.2703125 0.0265625 0.04375
11 0.9875 0.2703125 0.0234375 0.04375
11 0.025 0.2828125 0.05 0.0140625
11 0.9484375 0.284375 0.0515625 0.0140625
11 0.021875 0.303125 0.04375 0.021875
11 0.9453125 0.303125 0.046875 0.021875
11 0.021875 0.315625 0.04375 0.028125
11 0.9453125 0.315625 0.0453125 0.028125
11 0.0046875 0.334375 0.009375 0.0484375
11 0.9140625 0.3359375 0.0375 0.0484375
11 0.896875 0.340625 0.025 0.0453125
11 0.8859375 0.3453125 0.0265625 0.05
11 0.8046875 0.3625 0.0546875 0.0328125
11 0.846875 0.321875 0.0390625 0.0359375
11 0.7796875 0.2984375 0.0375 0.0578125
11 0.7890625 0.2515625 0.0296875 0.059375
11 0.80625 0.2359375 0.0546875 0.040625
11 0.78125 0.196875 0.0546875 0.0390625
11 0.8171875 0.165625 0.034375 0.0484375
11 0.840625 0.203125 0.0359375 0.0421875
11 0.8640625 0.16875 0.03125 0.0484375
11 0.8796875 0.2765625 0.053125 0.01875
11 0.88125 0.2890625 0.0125 0.03125
11 0.90625 0.25625 0.0421875 0.0296875
11 0.0046875 0.24375 0.009375 0.025
11 0.9171875 0.24375 0.034375 0.025
11 0.89375 0.1921875 0.03125 0.0484375
11 0.015625 0.209375 0.0265625 0.046875
11 0.9390625 0.209375 0.0265625 0.046875
11 0.05625 0.2296875 0.0578125 0.0375
11 0.975 0.2296875 0.05 0.0375
11 0.0375 0.1796875 0.0375 0.0609375
11 0.9609375 0.1796875 0.0375 0.0609375
11 0.0859375 0.1515625 0.0515625 0.034375
11 0.990625 0.1515625 0.0171875 0.034375
11 0.140625 0.171875 0.046875 0.01875
11 0.125 0.134375 0.0390625 0.0359375
11 0.1640625 0.0921875 0.0484375 0.021875
11 0.0515625 0.1015625 0.0515625 0.0234375
11 0.9734375 0.1 0.0515625 0.0234375
11 0.0515625 0.13125 0.053125 0.025
11 0.9734375 0.13125 0.0515625 0.025
11 0.0109375 0.1015625 0.021875 0.025
11 0.9203125 0.1015625 0.05 0.025
11 0.015625 0.071875 0.03125 0.046875
11 0.9375 0.071875 0.0359375 0.046875
11 0.015625 0.0171875 0.03125 0.034375
11 0.9359375 0.0171875 0.040625 0.034375
11 0.8546875 0.0109375 0.04375 0.021875