9 0.5953125 0.5984375 0.2765625 0.209375
9 0.75625 0.3921875 0.3375 0.1625
9 0.853125 0.6328125 0.290625 0.184375
9 0.8328125 0.2453125 0.296875 0.1609375
9 0.9203125 0.7625 0.1515625 0.134375
9 0.259375 0.44375 0.3859375 0.140625
9 0.0625 0.3015625 0.125 0.2671875
9 0.4765625 0.709375 0.2640625 0.2390625
9 0.203125 0.228125 0.296875 0.125
9 0.3203125 0.6125 0.140625 0.175
9 0.1734375 0.55625 0.1671875 0.165625
9 0.1234375 0.3828125 0.153125 0.1546875
9 0.7921875 0.790625 0.1625 0.08125
9 0.853125 0.96875 0.290625 0.0609375
9 0.8328125 0.0859375 0.296875 0.1609375
9 0.9203125 0.9015625 0.1515625 0.134375
9 0.0625 0.0796875 0.125 0.159375
9 0.475 0.9171875 0.2640625 0.165625
9 0.203125 0.103125 0.296875 0.125
9 0.3203125 0.98125 0.140625 0.0359375
9 0.7921875 0.8734375 0.1625 0.08125