13 0.4796875 0.609375 0.08125 0.1015625
13 0.5015625 0.4296875 0.090625 0.0859375
13 0.4765625 0.3703125 0.0921875 0.0390625
13 0.434375 0.3125 0.0734375 0.05
13 0.51875 0.3140625 0.0546875 0.0703125
13 0.58125 0.3234375 0.053125 0.0796875
13 0.590625 0.4046875 0.0921875 0.0796875
13 0.71875 0.425 0.0484375 0.0859375
13 0.7984375 0.4796875 0.0703125 0.04375
13 0.8484375 0.3734375 0.05 0.0640625
13 0.540625 0.7453125 0.0390625 0.140625
13 0.6328125 0.7390625 0.0671875 0.1015625
13 0.7140625 0.7546875 0.0421875 0.090625
13 0.65625 0.875 0.05 0.090625
13 0.9515625 0.4796875 0.0703125 0.04375
13 0.9015625 0.3734375 0.05 0.0640625