0 0.5921875 0.3328125 0.0421875 0.046875
0 0.696875 0.7 0.0265625 0.0234375
0 0.5046875 0.634375 0.05 0.0546875
0 0.2734375 0.359375 0.071875 0.053125
0 0.646875 0.403125 0.059375 0.05
0 0.6578125 0.3640625 0.03125 0.040625
0 0.675 0.3234375 0.040625 0.0421875
0 0.6796875 0.2828125 0.053125 0.0484375
0 0.5921875 0.24375 0.05 0.0453125
0 0.51875 0.278125 0.0484375 0.0453125
0 0.5140625 0.2546875 0.0390625 0.040625
0 0.471875 0.253125 0.0453125 0.05625
0 0.434375 0.25 0.0296875 0.0546875
0 0.434375 0.334375 0.0375 0.059375
0 0.5140625 0.4625 0.053125 0.0875
0 0.5734375 0.528125 0.0359375 0.0515625
0 0.66875 0.4921875 0.0390625 0.053125
0 0.7078125 0.490625 0.0578125 0.0609375
0 0.8046875 0.546875 0.0484375 0.065625
0 0.7484375 0.5609375 0.0609375 0.0484375
0 0.8265625 0.6703125 0.04375 0.0625
0 0.8078125 0.778125 0.0484375 0.06875
0 0.7734375 0.865625 0.046875 0.0765625
0 0.5109375 0.8078125 0.0609375 0.0375
0 0.3828125 0.5359375 0.0453125 0.0359375
0 0.2703125 0.596875 0.0390625 0.0546875
0 0.475 0.578125 0.0625 0.05625
0 0.4453125 0.4140625 0.075 0.034375
0 0.4390625 0.3796875 0.0640625 0.0328125
0 0.3671875 0.275 0.0515625 0.03125
0 0.359375 0.25 0.0515625 0.0265625
0 0.3671875 0.2296875 0.05 0.028125
0 0.4015625 0.221875 0.0375 0.0328125
0 0.26875 0.1953125 0.0296875 0.05
0 0.25 0.2234375 0.0265625 0.04375
0 0.2328125 0.2296875 0.0265625 0.046875
0 0.2046875 0.2375 0.03125 0.053125
0 0.1859375 0.2546875 0.040625 0.05625
0 0.203125 0.30625 0.0328125 0.0390625
0 0.1734375 0.31875 0.040625 0.05625
0 0.2453125 0.284375 0.0484375 0.021875
0 0.24375 0.315625 0.059375 0.0375
0 0.303125 0.2859375 0.028125 0.0453125
0 0.56875 0.3890625 0.040625 0.0484375
0 0.5734375 0.3515625 0.0375 0.025
0 0.6234375 0.3796875 0.04375 0.0359375
0 0.6109375 0.4796875 0.0375 0.04375
0 0.646875 0.496875 0.053125 0.0484375
0 0.653125 0.5484375 0.040625 0.0453125
0 0.575 0.671875 0.0640625 0.065625
0 0.5828125 0.7375 0.075 0.04375
0 0.6390625 0.7109375 0.065625 0.0328125
0 0.9453125 0.546875 0.0484375 0.065625
0 0.984375 0.559375 0.0296875 0.0484375
0 0.9234375 0.6703125 0.04375 0.0625
0 0.9421875 0.778125 0.0484375 0.06875
0 0.9765625 0.865625 0.046875 0.0765625
0 0.00625 0.2234375 0.0125 0.04375
0 0.0171875 0.2296875 0.0265625 0.046875
0 0.0453125 0.2375 0.03125 0.053125
0 0.0640625 0.2546875 0.040625 0.05625
0 0.046875 0.30625 0.0328125 0.0390625
0 0.0765625 0.31875 0.040625 0.05625
0 0.0140625 0.284375 0.028125 0.021875
0 0.0171875 0.315625 0.034375 0.0375