11 0.1390625 0.553125 0.209375 0.225
11 0.6390625 0.5953125 0.165625 0.1625
11 0.8140625 0.60625 0.1765625 0.1640625
11 0.3296875 0.190625 0.2171875 0.1359375
11 0.9140625 0.478125 0.1421875 0.1796875
11 0.384375 0.7671875 0.2015625 0.1375
11 0.7359375 0.796875 0.2078125 0.1078125
11 0.471875 0.60625 0.234375 0.175
11 0.6984375 0.3953125 0.1984375 0.115625
11 0.45 0.8390625 0.178125 0.071875
11 0.32734375 0.0609375 0.2171875 0.121875
11 0.3828125 0.9578125 0.2015625 0.084375
11 0.734375 0.95 0.2078125 0.1
11 0.45 0.9125 0.178125 0.071875