9 0.678125 0.6671875 0.0765625 0.0671875
9 0.60625 0.6015625 0.0703125 0.053125
9 0.33125 0.6359375 0.0921875 0.0546875
9 0.9125 0.6875 0.0796875 0.0609375
9 0.4484375 0.41875 0.078125 0.0671875
9 0.5640625 0.475 0.0796875 0.040625
9 0.54375 0.2953125 0.0828125 0.0625
9 0.55625 0.4421875 0.0734375 0.0421875
9 0.90625 0.790625 0.0796875 0.071875
9 0.6265625 0.5515625 0.0703125 0.0359375
9 0.6828125 0.596875 0.0671875 0.059375
9 0.8078125 0.646875 0.075 0.0453125
9 0.5203125 0.3765625 0.09375 0.0421875
9 0.3875 0.778125 0.0765625 0.075
9 0.9078125 0.41875 0.096875 0.0453125
9 0.3015625 0.5640625 0.0625 0.071875
9 0.8375 0.75 0.09375 0.046875
9 0.5015625 0.4828125 0.0515625 0.0640625
9 0.6296875 0.73125 0.090625 0.059375
9 0.534375 0.596875 0.0765625 0.0375
9 0.6 0.1875 0.090625 0.0453125
9 0.66875 0.8171875 0.0671875 0.0296875
9 0.4546875 0.2328125 0.0890625 0.0515625
9 0.4203125 0.65625 0.0625 0.084375
9 0.63125 0.4484375 0.0484375 0.071875
9 0.7484375 0.671875 0.065625 0.06875
9 0.2171875 0.29375 0.103125 0.05
9 0.9765625 0.615625 0.04375 0.0828125
9 0.4671875 0.8046875 0.0828125 0.0515625
9 0.540625 0.7703125 0.0875 0.0421875
9 0.4703125 0.184375 0.0765625 0.0375
9 0.3234375 0.5171875 0.0609375 0.0421875
9 0.946875 0.225 0.0796875 0.05625
9 0.5421875 0.5390625 0.0546875 0.0484375
9 0.1109375 0.628125 0.0765625 0.05625
9 0.6265625 0.3515625 0.0484375 0.0515625
9 0.984375 0.7203125 0.0296875 0.0453125
9 0.396875 0.1890625 0.071875 0.0484375
9 0.6640625 0.2671875 0.0625 0.0609375
9 0.21875 0.378125 0.0453125 0.078125
9 0.234375 0.578125 0.05625 0.0625
9 0.2 0.6 0.0609375 0.065625
9 0.1703125 0.8078125 0.0765625 0.046875
9 0.9703125 0.7984375 0.05625 0.0640625
9 0.9890625 0.5859375 0.01875 0.0484375
9 0.65 0.6140625 0.05 0.0453125
9 0.6765625 0.98125 0.0765625 0.0375
9 0.9109375 0.971875 0.0796875 0.0546875
9 0.54375 0.0359375 0.0828125 0.0625
9 0.90625 0.8734375 0.0796875 0.071875
9 0.3875 0.8859375 0.0765625 0.075
9 0.8375 0.9140625 0.09375 0.046875
9 0.6296875 0.9328125 0.090625 0.059375
9 0.6 0.14375 0.090625 0.0453125
9 0.66875 0.846875 0.0671875 0.0296875
9 0.4546875 0.0984375 0.0890625 0.0515625
9 0.4203125 0.9828125 0.0625 0.034375
9 0.7484375 0.978125 0.065625 0.0421875
9 0.2171875 0.0375 0.103125 0.05
9 0.4671875 0.859375 0.0828125 0.0515625
9 0.540625 0.89375 0.0875 0.0421875
9 0.4703125 0.146875 0.0765625 0.0375
9 0.946875 0.10625 0.0796875 0.05625
9 0.984375 0.94375 0.0296875 0.0453125
9 0.396875 0.1421875 0.071875 0.0484375
9 0.6640625 0.0640625 0.0625 0.0609375
9 0.1703125 0.85625 0.0765625 0.046875
9 0.9703125 0.865625 0.05625 0.0640625