11 0.5984375 0.3734375 0.034375 0.0390625
11 0.7234375 0.5 0.03125 0.028125
11 0.6265625 0.4890625 0.0390625 0.025
11 0.6234375 0.459375 0.03125 0.0265625
11 0.6140625 0.4140625 0.0265625 0.034375
11 0.5828125 0.4390625 0.0390625 0.028125
11 0.678125 0.5671875 0.046875 0.0375
11 0.640625 0.434375 0.0359375 0.0234375
11 0.578125 0.478125 0.025 0.0421875
11 0.6484375 0.41875 0.0234375 0.0359375
11 0.6890625 0.415625 0.0203125 0.0359375
11 0.6703125 0.478125 0.0171875 0.034375
11 0.6859375 0.4796875 0.0109375 0.0359375
11 0.6984375 0.475 0.01875 0.0328125
11 0.7046875 0.465625 0.0296875 0.028125
11 0.7015625 0.4453125 0.034375 0.0109375
11 0.665625 0.421875 0.0140625 0.028125