13 0.5046875 0.35625 0.184375 0.109375
13 0.1921875 0.3390625 0.134375 0.15625
13 0.28125 0.1890625 0.1640625 0.1125
13 0.5984375 0.2640625 0.1125 0.1515625
13 0.759375 0.221875 0.109375 0.1625
13 0.6296875 0.0390625 0.153125 0.078125
13 0.846875 0.0390625 0.0546875 0.078125
13 0.8375 0.2046875 0.071875 0.1578125
13 0.765625 0.3796875 0.159375 0.090625
13 0.8046875 0.4671875 0.1375 0.121875
13 0.821875 0.575 0.103125 0.0921875
13 0.7671875 0.653125 0.125 0.1078125
13 0.625 0.5046875 0.1875 0.0875
13 0.5828125 0.6984375 0.0796875 0.1609375
13 0.55 0.7875 0.14375 0.11875
13 0.375 0.84375 0.1578125 0.096875
13 0.2828125 0.615625 0.1828125 0.0953125
13 0.1640625 0.6265625 0.0796875 0.1609375
13 0.4703125 0.9078125 0.1171875 0.1625
13 0.625 0.8671875 0.128125 0.1265625
13 0.7203125 0.8890625 0.090625 0.1421875
13 0.81875 0.7609375 0.109375 0.1234375
13 0.8375 0.8984375 0.0734375 0.115625
13 0.7109375 0.96875 0.134375 0.0609375
13 0.815625 0.978125 0.0953125 0.040625
13 0.0625 0.3390625 0.125 0.15625
13 0.025 0.1890625 0.05 0.1125
13 0.9671875 0.221875 0.0640625 0.1625
13 0.903125 0.0390625 0.0546875 0.078125
13 0.9125 0.2046875 0.071875 0.1578125
13 0.9515625 0.3796875 0.0953125 0.090625
13 0.9375 0.4671875 0.1234375 0.121875
13 0.928125 0.575 0.103125 0.0921875
13 0.959375 0.6515625 0.0796875 0.1078125
13 0.028125 0.61328125 0.05625 0.0953125
13 0.0859375 0.6265625 0.0796875 0.1609375
13 0.93125 0.7609375 0.109375 0.1234375
13 0.9125 0.8984375 0.0734375 0.115625
13 0.9859375 0.9671875 0.028125 0.0609375
13 0.934375 0.978125 0.0953125 0.040625