1 0.4296875 0.421875 0.134375 0.1296875
1 0.4390625 0.8296875 0.209375 0.084375
1 0.7515625 0.565625 0.18125 0.0984375
1 0.3265625 0.7640625 0.13125 0.10625
1 0.95625 0.190625 0.084375 0.13125
1 0.8828125 0.5078125 0.103125 0.0984375
1 0.053125 0.784375 0.10625 0.1234375
1 0.86875 0.246875 0.13125 0.078125
1 0.55625 0.5734375 0.1859375 0.1359375
1 0.4390625 0.9203125 0.209375 0.084375
1 0.3265625 0.965625 0.13125 0.0671875
1 0.95625 0.0625 0.084375 0.125
1 0.053125 0.9515625 0.10625 0.096875
1 0.86875 0.0203125 0.13125 0.040625