1 0.4390625 0.428125 0.159375 0.15625
1 0.5796875 0.5734375 0.109375 0.1328125
1 0.759375 0.5796875 0.175 0.0890625
1 0.89375 0.4984375 0.0796875 0.0890625
1 0.8703125 0.24375 0.1390625 0.065625
1 0.4421875 0.828125 0.1828125 0.0765625
1 0.3265625 0.7671875 0.1109375 0.1046875
1 0.05625 0.796875 0.1125 0.103125
1 0.95625 0.1921875 0.0859375 0.134375
1 0.86796875 0.01875 0.1390625 0.0375
1 0.4421875 0.921875 0.1828125 0.0765625
1 0.325 0.9640625 0.1109375 0.0703125
1 0.05625 0.95 0.1125 0.0984375
1 0.9546875 0.0625 0.0859375 0.125