1 0.284375 0.646875 0.0703125 0.05
1 0.76875 0.7109375 0.11875 0.078125
1 0.54375 0.3859375 0.08125 0.0984375
1 0.2546875 0.7265625 0.090625 0.096875
1 0.4015625 0.6140625 0.0984375 0.0484375
1 0.384375 0.6828125 0.0953125 0.053125
1 0.51875 0.521875 0.0796875 0.0640625
1 0.309375 0.446875 0.0765625 0.0578125
1 0.03125 0.5890625 0.0625 0.0546875
1 0.3453125 0.728125 0.0703125 0.0546875
1 0.4703125 0.49375 0.059375 0.05625
1 0.3484375 0.3265625 0.0703125 0.11875
1 0.1515625 0.6296875 0.0984375 0.0390625
1 0.6578125 0.76875 0.128125 0.05
1 0.9625 0.4609375 0.071875 0.0625
1 0.7515625 0.3984375 0.0890625 0.0609375
1 0.4234375 0.4484375 0.084375 0.0546875
1 0.4984375 0.78125 0.103125 0.0421875
1 0.4140625 0.36875 0.0640625 0.0578125
1 0.6234375 0.2921875 0.0640625 0.0734375
1 0.403125 0.76875 0.090625 0.0359375
1 0.4140625 0.4859375 0.071875 0.0546875
1 0.23125 0.359375 0.065625 0.0796875
1 0.95 0.6390625 0.0859375 0.0671875
1 0.575 0.6421875 0.1015625 0.0390625
1 0.5375 0.2375 0.1015625 0.0375
1 0.1046875 0.5015625 0.065625 0.08125
1 0.4375 0.1921875 0.09375 0.0375
1 0.1859375 0.7328125 0.0609375 0.0859375
1 0.4875 0.2671875 0.05625 0.0796875
1 0.6609375 0.696875 0.0921875 0.0375
1 0.31875 0.596875 0.0609375 0.05
1 0.125 0.3078125 0.059375 0.0765625
1 0.8671875 0.696875 0.08125 0.059375
1 0.3421875 0.8140625 0.0859375 0.034375
1 0.809375 0.6453125 0.08125 0.0578125
1 0.21875 0.4703125 0.0625 0.059375
1 0.428125 0.2609375 0.0484375 0.05625
1 0.7765625 0.571875 0.059375 0.0671875
1 0.8984375 0.575 0.0921875 0.04375
1 0.521875 0.2984375 0.065625 0.0546875
1 0.309375 0.6984375 0.053125 0.0609375
1 0.7796875 0.471875 0.059375 0.08125
1 0.74375 0.515625 0.0875 0.0375
1 0.2859375 0.540625 0.04375 0.05
1 0.009375 0.5625 0.01875 0.053125
1 0.2421875 0.5890625 0.0578125 0.0828125
1 0.1515625 0.565625 0.065625 0.0453125
1 0.1890625 0.55 0.075 0.040625
1 0.21875 0.415625 0.0421875 0.0578125
1 0.1921875 0.596875 0.0765625 0.0515625
1 0.1515625 0.4828125 0.075 0.0609375
1 0.76875 0.953125 0.11875 0.078125
1 0.2546875 0.9375 0.090625 0.096875
1 0.3828125 0.9765625 0.0953125 0.0453125
1 0.3453125 0.9359375 0.0703125 0.0546875
1 0.34609375 0.03125 0.0703125 0.0625
1 0.6578125 0.8953125 0.128125 0.05
1 0.4984375 0.8828125 0.103125 0.0421875
1 0.6234375 0.0390625 0.0640625 0.0734375
1 0.403125 0.8953125 0.090625 0.0359375
1 0.5375 0.09375 0.1015625 0.0375
1 0.4375 0.1390625 0.09375 0.0375
1 0.1859375 0.93125 0.0609375 0.0859375
1 0.4875 0.0640625 0.05625 0.0796875
1 0.6609375 0.9671875 0.0921875 0.0375
1 0.125 0.0296875 0.059375 0.059375
1 0.8671875 0.9671875 0.08125 0.059375
1 0.3421875 0.85 0.0859375 0.034375
1 0.428125 0.0703125 0.0484375 0.05625
1 0.521875 0.0328125 0.065625 0.0546875
1 0.309375 0.965625 0.053125 0.0609375