11 0.3875 0.5015625 0.0234375 0.01875
11 0.4296875 0.5328125 0.0171875 0.0234375
11 0.41875 0.4109375 0.025 0.0265625
11 0.4171875 0.5 0.0234375 0.0171875
11 0.4765625 0.5453125 0.0265625 0.01875
11 0.421875 0.5859375 0.025 0.021875
11 0.4734375 0.4484375 0.025 0.015625
11 0.3453125 0.4859375 0.0234375 0.0171875
11 0.353125 0.4296875 0.028125 0.015625
11 0.3375 0.5109375 0.0234375 0.0234375
11 0.4046875 0.5421875 0.0171875 0.0171875
11 0.5015625 0.465625 0.0265625 0.0140625
11 0.396875 0.4671875 0.025 0.021875
11 0.353125 0.540625 0.015625 0.0203125
11 0.4 0.5734375 0.01875 0.021875
11 0.3703125 0.3984375 0.0296875 0.015625
11 0.3890625 0.4359375 0.0296875 0.0125
11 0.384375 0.5453125 0.0171875 0.0203125
11 0.365625 0.515625 0.0234375 0.0125
11 0.5078125 0.55 0.0234375 0.0171875
11 0.45 0.4640625 0.0171875 0.021875
11 0.4515625 0.5140625 0.0171875 0.0203125
11 0.5078125 0.515625 0.015625 0.021875
11 0.465625 0.4234375 0.0171875 0.021875
11 0.490625 0.571875 0.0171875 0.01875
11 0.4515625 0.578125 0.015625 0.021875
11 0.3234375 0.471875 0.025 0.0109375
11 0.521875 0.4890625 0.0171875 0.021875
11 0.4578125 0.6015625 0.025 0.015625
11 0.340625 0.45625 0.01875 0.021875
11 0.340625 0.5578125 0.015625 0.0203125
11 0.46875 0.4859375 0.015625 0.01875
11 0.3296875 0.4171875 0.025 0.0109375
11 0.521875 0.453125 0.0234375 0.0125
11 0.484375 0.5234375 0.0171875 0.021875
11 0.4484375 0.49375 0.01875 0.0203125
11 0.4671875 0.5703125 0.0140625 0.0171875
11 0.5546875 0.503125 0.021875 0.0171875
11 0.5625 0.4484375 0.01875 0.021875
11 0.3328125 0.3984375 0.0203125 0.0171875
11 0.371875 0.5828125 0.028125 0.0140625
11 0.3546875 0.3921875 0.0234375 0.0203125
11 0.5421875 0.5515625 0.0171875 0.021875
11 0.4859375 0.6078125 0.0234375 0.015625
11 0.521875 0.5359375 0.0171875 0.01875
11 0.4921875 0.41875 0.0171875 0.015625
11 0.5203125 0.4375 0.0171875 0.0140625
11 0.4984375 0.5265625 0.015625 0.0234375
11 0.4171875 0.6125 0.0296875 0.015625
11 0.465625 0.6265625 0.01875 0.0171875
11 0.3171875 0.553125 0.0171875 0.03125
11 0.3375 0.5875 0.03125 0.0234375
11 0.5 0.440625 0.015625 0.0359375
11 0.5140625 0.43125 0.025 0.021875
11 0.46875 0.5046875 0.015625 0.025
11 0.496875 0.625 0.025 0.021875
11 0.3703125 0.4703125 0.028125 0.0265625
11 0.3140625 0.4453125 0.0203125 0.0171875
11 0.54375 0.4734375 0.03125 0.01875
11 0.51875 0.590625 0.01875 0.0234375
11 0.4671875 0.6109375 0.015625 0.0234375
11 0.378125 0.6 0.0234375 0.0234375
11 0.453125 0.3734375 0.025 0.0265625