11 0.4453125 0.18125 0.090625 0.1484375
11 0.55625 0.1359375 0.11875 0.1046875
11 0.3359375 0.24375 0.115625 0.103125
11 0.375 0.45 0.115625 0.134375
11 0.4453125 0.6140625 0.1078125 0.0984375
11 0.28125 0.74375 0.103125 0.1515625
11 0.721875 0.540625 0.0859375 0.1265625
11 0.6 0.5453125 0.11875 0.0890625
11 0.740625 0.68125 0.103125 0.0875
11 0.4890625 0.4546875 0.1078125 0.0953125
11 0.6296875 0.603125 0.125 0.078125
11 0.521875 0.5171875 0.121875 0.115625
11 0.5015625 0.3359375 0.1125 0.0828125
11 0.5515625 0.65625 0.1265625 0.084375
11 0.509375 0.21875 0.0859375 0.0671875
11 0.590625 0.7765625 0.1265625 0.1078125
11 0.5375 0.2625 0.103125 0.075
11 0.75 0.7828125 0.1078125 0.159375
11 0.559375 0.3984375 0.13125 0.109375
11 0.4640625 0.70625 0.09375 0.0953125
11 0.4578125 0.2671875 0.090625 0.115625
11 0.59375 0.45625 0.1359375 0.071875
11 0.984375 0.7828125 0.0296875 0.159375