1 0.528125 0.875 0.075 0.1203125
1 0.4640625 0.6015625 0.0796875 0.078125
1 0.5390625 0.5140625 0.059375 0.1015625
1 0.459375 0.271875 0.0625 0.103125
1 0.5359375 0.6671875 0.0921875 0.0734375
1 0.459375 0.53125 0.04375 0.0875
1 0.559375 0.759375 0.0640625 0.090625
1 0.4078125 0.525 0.0421875 0.0921875
1 0.5421875 0.5796875 0.0828125 0.0546875
1 0.3828125 0.30625 0.053125 0.0875
1 0.321875 0.3234375 0.0625 0.1
1 0.33125 0.6125 0.0765625 0.0609375
1 0.375 0.565625 0.0859375 0.0515625
1 0.3609375 0.4890625 0.0515625 0.0546875
1 0.371875 0.3765625 0.0515625 0.0609375
1 0.315625 0.7203125 0.0734375 0.0828125
1 0.2453125 0.7515625 0.05625 0.1
1 0.015625 0.7515625 0.03125 0.1