11 0.8140625 0.3078125 0.20625 0.1125
11 0.4515625 0.7078125 0.125 0.140625
11 0.2078125 0.6859375 0.203125 0.1171875
11 0.5234375 0.596875 0.2625 0.2125
11 0.4734375 0.2359375 0.1734375 0.1390625
11 0.5640625 0.675 0.1078125 0.11875
11 0.9484375 0.6484375 0.0984375 0.1703125
11 0.603125 0.3625 0.1921875 0.103125
11 0.0921875 0.5375 0.184375 0.2015625
11 0.0390625 0.6890625 0.078125 0.1171875
11 0.753125 0.634375 0.1171875 0.0921875
11 0.346875 0.440625 0.0953125 0.125
11 0.8140625 0.7484375 0.1625 0.078125
11 0.5109375 0.4546875 0.175 0.0796875
11 0.8140625 0.0390625 0.20625 0.078125
11 0.4515625 0.9421875 0.125 0.1140625
11 0.2078125 0.959375 0.203125 0.08125
11 0.4734375 0.0953125 0.1734375 0.1390625
11 0.5625 0.9640625 0.1078125 0.0703125
11 0.946875 0.9640625 0.0984375 0.0703125
11 0.0390625 0.95625 0.078125 0.0859375
11 0.8140625 0.915625 0.1625 0.078125