8 0.4796875 0.540625 0.0546875 0.1046875
8 0.45 0.475 0.096875 0.05
8 0.409375 0.5140625 0.071875 0.0875
8 0.4609375 0.4140625 0.084375 0.0578125
8 0.6796875 0.44375 0.0953125 0.08125
8 0.7078125 0.3984375 0.0671875 0.034375
8 0.5390625 0.290625 0.0671875 0.0375
8 0.4546875 0.2515625 0.0734375 0.0328125
8 0.4671875 0.1984375 0.059375 0.034375
8 0.2984375 0.33125 0.084375 0.0390625
8 0.353125 0.1828125 0.0515625 0.0671875
8 0.2890625 0.096875 0.0671875 0.0421875
8 0.275 0.5 0.0390625 0.0734375
8 0.40625 0.9609375 0.04375 0.0765625
8 0.0328125 0.540625 0.0546875 0.1046875
8 0.9875 0.53984375 0.025 0.1046875
8 0.0625 0.475 0.096875 0.05
8 0.103125 0.5140625 0.071875 0.0875
8 0.0515625 0.4140625 0.084375 0.0578125
8 0.98984375 0.41328125 0.0203125 0.0578125
8 0.803125 0.44375 0.0953125 0.08125
8 0.775 0.3984375 0.0671875 0.034375
8 0.94375 0.290625 0.0671875 0.0375
8 0.0578125 0.2515625 0.0734375 0.0328125
8 0.0453125 0.1984375 0.059375 0.034375
8 0.99296875 0.1984375 0.0140625 0.034375
8 0.2140625 0.33125 0.084375 0.0390625
8 0.159375 0.1828125 0.0515625 0.0671875
8 0.2234375 0.096875 0.0671875 0.0421875
8 0.2375 0.5 0.0390625 0.0734375
8 0.10625 0.9609375 0.04375 0.0765625