13 0.5375 0.3984375 0.196875 0.1015625
13 0.3125 0.6828125 0.165625 0.0984375
13 0.3625 0.7953125 0.1140625 0.1125
13 0.2828125 0.8859375 0.125 0.1109375
13 0.1515625 0.9109375 0.1421875 0.153125
13 0.0921875 0.4421875 0.0890625 0.134375
13 0.19375 0.4234375 0.1109375 0.1578125
13 0.1 0.1546875 0.103125 0.1328125
13 0.1828125 0.040625 0.128125 0.08125
13 0.7953125 0.0953125 0.1390625 0.153125
13 0.5234375 0.6421875 0.18125 0.203125
13 0.859375 0.38125 0.1625 0.0953125
13 0.0234375 0.4421875 0.046875 0.134375
13 0.0234375 0.15234375 0.046875 0.1328125
13 0.978125 0.3796875 0.04375 0.0953125