0 0.63125 0.5359375 0.1 0.084375
0 0.45625 0.3375 0.109375 0.0765625
0 0.5765625 0.6375 0.096875 0.078125
0 0.3875 0.578125 0.0625 0.1109375
0 0.5203125 0.453125 0.0625 0.125
0 0.3328125 0.5390625 0.09375 0.084375
0 0.5046875 0.55625 0.0703125 0.1171875
0 0.190625 0.5078125 0.0765625 0.0703125
0 0.775 0.44375 0.103125 0.0796875
0 0.79375 0.603125 0.0625 0.1078125
0 0.6921875 0.20625 0.0921875 0.128125
0 0.7453125 0.2484375 0.0875 0.0671875
0 0.2390625 0.2453125 0.046875 0.0421875
0 0.3125 0.2703125 0.0859375 0.09375
0 0.059375 0.5078125 0.0765625 0.0703125
0 0.9609375 0.4421875 0.0765625 0.0796875
0 0.95625 0.603125 0.0625 0.1078125
0 0.9796875 0.246875 0.0390625 0.0671875
0 0.0171875 0.24375 0.034375 0.0421875