11 0.4796875 0.39375 0.090625 0.0875
11 0.821875 0.55625 0.0796875 0.084375
11 0.765625 0.8328125 0.0671875 0.1109375
11 0.671875 0.0265625 0.090625 0.053125
11 0.6015625 0.8515625 0.0859375 0.075
11 0.55625 0.2703125 0.0890625 0.0703125
11 0.2875 0.5859375 0.0546875 0.1046875
11 0.55 0.0328125 0.059375 0.065625
11 0.6109375 0.9640625 0.05 0.06875
11 0.3453125 0.434375 0.0765625 0.0796875
11 0.23125 0.325 0.075 0.1
11 0.5265625 0.5453125 0.071875 0.0890625
11 0.8140625 0.209375 0.06875 0.084375
11 0.1515625 0.43125 0.053125 0.0734375
11 0.2078125 0.4109375 0.0578125 0.0890625
11 0.703125 0.7265625 0.0703125 0.0828125
11 0.178125 0.2765625 0.0703125 0.0890625
11 0.484375 0.209375 0.0859375 0.0828125
11 0.7484375 0.3453125 0.1 0.0671875
11 0.29375 0.48125 0.0609375 0.0953125
11 0.853125 0.3171875 0.0421875 0.1015625
11 0.703125 0.2078125 0.08125 0.0734375
11 0.190625 0.51875 0.046875 0.0953125
11 0.6703125 0.975 0.065625 0.0484375
11 0.5875 0.16875 0.0703125 0.0625
11 0.825 0.4359375 0.0890625 0.0828125
11 0.6625 0.115625 0.0859375 0.0578125
11 0.6203125 0.7234375 0.0484375 0.0765625
11 0.640625 0.2125 0.0578125 0.0875
11 0.26875 0.715625 0.0984375 0.0765625
11 0.5421875 0.0953125 0.08125 0.065625
11 0.2234375 0.6171875 0.05 0.1
11 0.7640625 0.246875 0.0453125 0.1046875
11 0.659375 0.6296875 0.0859375 0.0671875
11 0.4921875 0.80625 0.084375 0.071875
11 0.8328125 0.028125 0.0484375 0.05625
11 0.5 0.7125 0.0953125 0.0640625
11 0.534375 0.8609375 0.0609375 0.06875
11 0.3328125 0.915625 0.084375 0.0578125
11 0.4734375 0.05625 0.0546875 0.10625
11 0.2875 0.953125 0.06875 0.090625
11 0.7609375 0.5359375 0.0546875 0.128125
11 0.409375 0.5046875 0.084375 0.09375
11 0.2875 0.1578125 0.053125 0.090625
11 0.7609375 0.0171875 0.05 0.034375
11 0.7109375 0.284375 0.08125 0.05625
11 0.703125 0.6671875 0.0671875 0.0484375
11 0.7953125 0.028125 0.04375 0.05625
11 0.1453125 0.8875 0.040625 0.0703125
11 0.1421875 0.0515625 0.0359375 0.0828125
11 0.528125 0.9125 0.0703125 0.0515625
11 0.3484375 0.56875 0.08125 0.0671875
11 0.41875 0.9671875 0.0734375 0.05
11 0.4984375 0.98125 0.071875 0.034375
11 0.928125 0.55625 0.0796875 0.084375
11 0.975 0.83125 0.05 0.1109375
11 0.028125 0.325 0.05625 0.1
11 0.9359375 0.209375 0.06875 0.084375
11 0.0984375 0.43125 0.053125 0.0734375
11 0.0421875 0.4109375 0.0578125 0.0890625
11 0.071875 0.2765625 0.0703125 0.0890625
11 0.975 0.34375 0.0484375 0.0671875
11 0.896875 0.3171875 0.0421875 0.1015625
11 0.059375 0.51875 0.046875 0.0953125
11 0.925 0.4359375 0.0890625 0.0828125
11 0.0140625 0.71328125 0.028125 0.0765625
11 0.0265625 0.6171875 0.05 0.1
11 0.98125 0.2453125 0.0375 0.1046875
11 0.9140625 0.028125 0.0484375 0.05625
11 0.9796875 0.5359375 0.0390625 0.128125
11 0.98125 0.0171875 0.0359375 0.034375
11 0.9546875 0.028125 0.04375 0.05625
11 0.1046875 0.8875 0.040625 0.0703125
11 0.1078125 0.0515625 0.0359375 0.0828125