0 0.3265625 0.25 0.0640625 0.0828125
0 0.6234375 0.721875 0.078125 0.078125
0 0.2140625 0.65 0.078125 0.0765625
0 0.6359375 0.434375 0.0390625 0.084375
0 0.440625 0.7734375 0.04375 0.1015625
0 0.5265625 0.865625 0.08125 0.1109375
0 0.3828125 0.45 0.0578125 0.0828125
0 0.1671875 0.7515625 0.065625 0.0890625
0 0.51875 0.746875 0.0765625 0.0484375
0 0.446875 0.5703125 0.0671875 0.0703125
0 0.53125 0.6875 0.0375 0.075
0 0.7671875 0.7015625 0.075 0.08125
0 0.2796875 0.4578125 0.0515625 0.090625
0 0.44375 0.475 0.0625 0.0578125
0 0.553125 0.6140625 0.0375 0.084375
0 0.6125 0.6375 0.040625 0.090625
0 0.4609375 0.4015625 0.0484375 0.0890625
0 0.66875 0.665625 0.0453125 0.0953125
0 0.3546875 0.575 0.0515625 0.0875
0 0.54375 0.5390625 0.0390625 0.0796875
0 0.3375 0.796875 0.0515625 0.1046875
0 0.5984375 0.4609375 0.0671875 0.0703125
0 0.5140625 0.609375 0.0390625 0.084375
0 0.7203125 0.8578125 0.0609375 0.09375
0 0.39375 0.5859375 0.034375 0.0890625
0 0.6078125 0.55625 0.0796875 0.0515625
0 0.1578125 0.2640625 0.0421875 0.090625
0 0.4859375 0.653125 0.071875 0.0515625
0 0.840625 0.5 0.065625 0.1015625
0 0.0375 0.6484375 0.075 0.0765625
0 0.0828125 0.7515625 0.065625 0.0890625
0 0.971875 0.7015625 0.0546875 0.08125
0 0.0921875 0.2640625 0.0421875 0.090625
0 0.909375 0.5 0.065625 0.1015625