1 0.553125 0.5 0.13125 0.1578125
1 0.259375 0.38125 0.125 0.0921875
1 0.1140625 0.415625 0.1421875 0.084375
1 0.234375 0.4421875 0.0953125 0.11875
1 0.1671875 0.490625 0.0953125 0.090625
1 0.28125 0.5421875 0.1265625 0.109375
1 0.49375 0.609375 0.090625 0.06875
1 0.4 0.540625 0.096875 0.0984375
1 0.7390625 0.5875 0.1421875 0.0703125
1 0.6390625 0.5515625 0.08125 0.134375
1 0.665625 0.4421875 0.1046875 0.11875
1 0.765625 0.38125 0.146875 0.1140625
1 0.89375 0.4203125 0.1515625 0.071875
1 0.790625 0.4734375 0.1296875 0.0828125
1 0.8171875 0.5375 0.0828125 0.05
1 0.56875 0.61875 0.1015625 0.0734375