1 0.421875 0.5265625 0.0359375 0.046875
1 0.5375 0.4125 0.0375 0.0484375
1 0.2984375 0.1109375 0.03125 0.0671875
1 0.4890625 0.521875 0.0421875 0.0671875
1 0.5109375 0.4578125 0.05 0.06875
1 0.5328125 0.534375 0.05 0.046875
1 0.7734375 0.503125 0.0125 0.046875
1 0.6734375 0.4203125 0.053125 0.0515625
1 0.6109375 0.15625 0.040625 0.04375
1 0.015625 0.5265625 0.03125 0.046875
1 0.1390625 0.1109375 0.03125 0.0671875
1 0.7890625 0.503125 0.0125 0.046875
1 0.8890625 0.4203125 0.053125 0.0515625
1 0.9515625 0.15625 0.040625 0.04375