0 0.2828125 0.6296875 0.14375 0.115625
0 0.8171875 0.3171875 0.165625 0.1234375
0 0.471875 0.4625 0.375 0.15625
0 0.3890625 0.553125 0.1859375 0.0984375
0 0.3703125 0.6515625 0.11875 0.0890625
0 0.528125 0.628125 0.1640625 0.1375
0 0.6109375 0.59375 0.128125 0.140625
0 0.7046875 0.63125 0.15 0.09375
0 0.8875 0.5671875 0.153125 0.103125
0 0.9578125 0.3765625 0.0828125 0.1359375
0 0.2078125 0.5234375 0.1421875 0.090625
0 0.1359375 0.6734375 0.103125 0.0859375
0 0.09375 0.596875 0.0640625 0.078125
0 0.0359375 0.6828125 0.071875 0.06875
0 0.0359375 0.3875 0.071875 0.1796875
0 0.634375 0.4203125 0.103125 0.1328125
0 0.2828125 0.8546875 0.14375 0.115625
0 0.8171875 0.1953125 0.165625 0.1234375
0 0.471875 0.0640625 0.375 0.128125
0 0.471875 0.971875 0.375 0.05625
0 0.3890625 0.93125 0.1859375 0.0984375
0 0.3703125 0.8328125 0.11875 0.0890625
0 0.528125 0.85625 0.1640625 0.1375
0 0.6109375 0.890625 0.128125 0.140625
0 0.7046875 0.853125 0.15 0.09375
0 0.8875 0.9171875 0.153125 0.103125
0 0.9578125 0.1359375 0.0828125 0.1359375
0 0.20625 0.0171875 0.1421875 0.034375
0 0.20625 0.9578125 0.1421875 0.084375
0 0.1359375 0.8109375 0.103125 0.0859375
0 0.09375 0.8875 0.0640625 0.078125
0 0.0359375 0.8015625 0.071875 0.06875
0 0.0359375 0.121875 0.071875 0.1796875
0 0.634375 0.0921875 0.103125 0.1328125