8 0.5453125 0.525 0.0890625 0.0546875
8 0.521875 0.5875 0.0671875 0.0546875
8 0.45625 0.575 0.0484375 0.046875
8 0.4515625 0.6140625 0.0921875 0.0609375
8 0.596875 0.6421875 0.084375 0.059375
8 0.7484375 0.5953125 0.121875 0.096875
8 0.934375 0.5796875 0.084375 0.115625
8 0.61875 0.409375 0.109375 0.0609375
8 0.621875 0.325 0.103125 0.0609375
8 0.5703125 0.2984375 0.0671875 0.0859375
8 0.5203125 0.334375 0.0578125 0.0703125
8 0.6859375 0.171875 0.090625 0.0953125
8 0.36875 0.1984375 0.06875 0.09375
8 0.2109375 0.1546875 0.071875 0.059375
8 0.140625 0.296875 0.0625 0.11875
8 0.1265625 0.3890625 0.0765625 0.059375
8 0.028125 0.40703125 0.05625 0.0765625
8 0.0578125 0.6046875 0.0859375 0.075
8 0.15 0.5296875 0.053125 0.059375
8 0.1859375 0.5984375 0.0671875 0.0421875
8 0.234375 0.66875 0.08125 0.0875
8 0.1375 0.6453125 0.046875 0.0609375
8 0.0078125 0.72109375 0.015625 0.0453125
8 0.0625 0.7046875 0.0484375 0.0546875
8 0.08125 0.778125 0.065625 0.09375
8 0.6859375 0.078125 0.090625 0.0953125
8 0.36875 0.0515625 0.06875 0.09375
8 0.2109375 0.0953125 0.071875 0.059375
8 0.08125 0.9625 0.065625 0.075