8 0.809375 0.471875 0.140625 0.1359375
8 0.521875 0.521875 0.1 0.0984375
8 0.4390625 0.54375 0.0625 0.1359375
8 0.375 0.575 0.065625 0.1484375
8 0.1796875 0.559375 0.0640625 0.084375
8 0.1109375 0.5265625 0.0703125 0.0953125
8 0.1671875 0.4359375 0.0890625 0.1109375
8 0.275 0.4078125 0.121875 0.0703125
8 0.221875 0.3578125 0.1359375 0.10625
8 0.253125 0.2640625 0.1390625 0.0703125
8 0.3609375 0.79375 0.0875 0.0734375
8 0.26875 0.70625 0.0859375 0.084375
8 0.1734375 0.690625 0.10625 0.1140625
8 0.0640625 0.796875 0.06875 0.06875
8 0.22109375 0.01328125 0.1359375 0.0265625
8 0.253125 0.0671875 0.1390625 0.0703125
8 0.3609375 0.8703125 0.0875 0.0734375
8 0.26875 0.9578125 0.0859375 0.084375
8 0.1734375 0.9578125 0.10625 0.084375
8 0.0640625 0.8671875 0.06875 0.06875