1 0.6515625 0.8546875 0.0671875 0.115625
1 0.5234375 0.65625 0.0734375 0.09375
1 0.45 0.296875 0.1015625 0.140625
1 0.759375 0.8734375 0.0359375 0.090625
1 0.3875 0.9671875 0.03125 0.0625
1 0.4203125 0.98125 0.0421875 0.0359375
1 0.5109375 0.9796875 0.0625 0.0375
1 0.7375 0.93125 0.0609375 0.0703125
1 0.9109375 0.8546875 0.0671875 0.115625
1 0.01875 0.296875 0.0375 0.140625
1 0.803125 0.8734375 0.0359375 0.090625
1 0.05 0.9671875 0.03125 0.0625
1 0.01875 0.9796875 0.0375 0.0359375
1 0.825 0.93125 0.0609375 0.0703125