1 0.4734375 0.5484375 0.053125 0.065625
1 0.3875 0.75625 0.0484375 0.046875
1 0.4171875 0.54375 0.040625 0.05
1 0.5328125 0.5375 0.0734375 0.04375
1 0.39375 0.81875 0.0375 0.0359375
1 0.5296875 0.69375 0.0671875 0.034375
1 0.596875 0.4796875 0.065625 0.05
1 0.55625 0.459375 0.0515625 0.05625
1 0.3765625 0.6375 0.034375 0.0359375
1 0.234375 0.4859375 0.0578125 0.0390625
1 0.1453125 0.259375 0.0921875 0.0828125
1 0.45 0.4890625 0.0578125 0.0390625
1 0.5328125 0.859375 0.0421875 0.0296875
1 0.603125 0.69375 0.065625 0.065625
1 0.7203125 0.6953125 0.0515625 0.0609375
1 0.3390625 0.778125 0.0515625 0.034375
1 0.3609375 0.321875 0.0484375 0.053125
1 0.459375 0.428125 0.053125 0.0546875
1 0.471875 0.6140625 0.03125 0.0484375
1 0.434375 0.65625 0.0375 0.03125
1 0.5 0.659375 0.0296875 0.034375
1 0.6015625 0.303125 0.0453125 0.0578125
1 0.3328125 0.359375 0.040625 0.05
1 0.509375 0.446875 0.04375 0.0515625
1 0.3859375 0.984375 0.0484375 0.0296875
1 0.39375 0.93125 0.0375 0.0359375
1 0.14375 0.015625 0.0921875 0.03125
1 0.5328125 0.890625 0.0421875 0.0296875
1 0.3390625 0.971875 0.0515625 0.034375