13 0.7 0.1765625 0.0625 0.0953125
13 0.6359375 0.1546875 0.0328125 0.0890625
13 0.49375 0.359375 0.053125 0.0734375
13 0.4171875 0.3390625 0.096875 0.0453125
13 0.415625 0.390625 0.08125 0.059375
13 0.409375 0.44375 0.0734375 0.0421875
13 0.428125 0.4796875 0.0875 0.0671875
13 0.5296875 0.4359375 0.1109375 0.05
13 0.4578125 0.5828125 0.0984375 0.0515625
13 0.4046875 0.5609375 0.084375 0.0296875
13 0.3203125 0.5015625 0.0609375 0.05625
13 0.3796875 0.5171875 0.071875 0.0515625
13 0.475 0.65 0.0953125 0.0625
13 0.3703125 0.65625 0.059375 0.0828125
13 0.55 0.728125 0.075 0.0515625
13 0.6828125 0.665625 0.0640625 0.0828125
13 0.6640625 0.5078125 0.1125 0.0625
13 0.7046875 0.4515625 0.05625 0.0609375
13 0.7421875 0.4453125 0.0421875 0.090625
13 0.7265625 0.79375 0.0359375 0.08125
13 0.7359375 0.8921875 0.0625 0.04375
13 0.7375 0.6515625 0.059375 0.0453125
13 0.8375 0.1765625 0.0625 0.0953125
13 0.9015625 0.1546875 0.0328125 0.0890625
13 0.0453125 0.3375 0.090625 0.0453125
13 0.04375 0.390625 0.08125 0.059375
13 0.05 0.44375 0.0734375 0.0421875
13 0.0375 0.478125 0.075 0.0671875
13 0.975 0.4359375 0.0484375 0.05
13 0.025 0.58125 0.05 0.0515625
13 0.0546875 0.5609375 0.084375 0.0296875
13 0.1390625 0.5015625 0.0609375 0.05625
13 0.0796875 0.5171875 0.071875 0.0515625
13 0.015625 0.65 0.03125 0.0625
13 0.0890625 0.65625 0.059375 0.0828125
13 0.975 0.7265625 0.05 0.0515625
13 0.8546875 0.665625 0.0640625 0.0828125
13 0.8734375 0.5078125 0.1125 0.0625
13 0.8328125 0.4515625 0.05625 0.0609375
13 0.7953125 0.4453125 0.0421875 0.090625
13 0.8109375 0.79375 0.0359375 0.08125
13 0.8015625 0.8921875 0.0625 0.04375
13 0.8 0.6515625 0.059375 0.0453125