8 0.2109375 0.48125 0.1859375 0.096875
8 0.290625 0.38125 0.13125 0.1578125
8 0.4953125 0.2921875 0.125 0.1234375
8 0.6296875 0.3375 0.1265625 0.1046875
8 0.73125 0.5875 0.103125 0.2078125
8 0.7203125 0.3734375 0.1171875 0.09375
8 0.49375 0.3953125 0.1015625 0.134375
8 0.553125 0.6421875 0.0703125 0.0921875
8 0.828125 0.7328125 0.0984375 0.0796875
8 0.7390625 0.771875 0.0953125 0.1171875
8 0.85625 0.5125 0.090625 0.09375
8 0.93125 0.5671875 0.13125 0.09375
8 0.82734375 0.99140625 0.0984375 0.0171875
8 0.73828125 0.9625 0.0953125 0.075