1 0.5171875 0.534375 0.084375 0.0671875
1 0.553125 0.640625 0.0609375 0.0609375
1 0.8390625 0.1359375 0.06875 0.071875
1 0.5890625 0.4765625 0.0640625 0.0734375
1 0.534375 0.1578125 0.0765625 0.0921875
1 0.26875 0.3 0.075 0.0703125
1 0.415625 0.7640625 0.04375 0.1
1 0.725 0.6578125 0.065625 0.0796875
1 0.2140625 0.2171875 0.1375 0.0984375
1 0.5421875 0.3125 0.0609375 0.0921875
1 0.625 0.3703125 0.0484375 0.0984375
1 0.484375 0.809375 0.059375 0.059375
1 0.5484375 0.88125 0.0609375 0.096875
1 0.4265625 0.8859375 0.090625 0.06875
1 0.3671875 0.80625 0.0625 0.0671875
1 0.659375 0.7078125 0.0421875 0.078125
1 0.675 0.6140625 0.0359375 0.0734375
1 0.484375 0.5921875 0.0640625 0.0484375
1 0.328125 0.490625 0.065625 0.0578125
1 0.6671875 0.18125 0.06875 0.05
1 0.9109375 0.1359375 0.06875 0.071875
1 0.009375 0.2984375 0.01875 0.0703125
1 0.0515625 0.21484375 0.103125 0.0984375