1 0.546875 0.4203125 0.0171875 0.0296875
1 0.5625 0.353125 0.0140625 0.0265625
1 0.534375 0.3765625 0.0140625 0.0359375
1 0.4984375 0.4859375 0.0203125 0.028125
1 0.553125 0.3796875 0.0171875 0.0203125
1 0.5828125 0.378125 0.01875 0.034375
1 0.7015625 0.5921875 0.0234375 0.028125
1 0.5421875 0.465625 0.0203125 0.021875
1 0.5578125 0.665625 0.03125 0.025
1 0.6265625 0.8046875 0.034375 0.0296875
1 0.4609375 0.5765625 0.021875 0.03125
1 0.396875 0.8890625 0.025 0.046875
1 0.65 0.3796875 0.015625 0.0140625
1 0.65625 0.575 0.01875 0.028125
1 0.3859375 0.6453125 0.015625 0.03125
1 0.475 0.6265625 0.03125 0.0234375
1 0.58125 0.33125 0.0203125 0.025
1 0.7453125 0.653125 0.021875 0.0375
1 0.5125 0.3171875 0.015625 0.0265625
1 0.625 0.396875 0.0234375 0.0140625
1 0.6234375 0.3625 0.01875 0.025
1 0.6609375 0.3390625 0.021875 0.01875
1 0.603125 0.309375 0.0171875 0.01875
1 0.61875 0.2890625 0.0265625 0.0171875
1 0.4546875 0.484375 0.0203125 0.028125
1 0.4234375 0.55 0.015625 0.0203125
1 0.6828125 0.5125 0.025 0.01875
1 0.703125 0.5265625 0.0234375 0.025
1 0.7171875 0.5078125 0.0265625 0.021875
1 0.4328125 0.6703125 0.01875 0.0234375
1 0.4296875 0.3234375 0.0109375 0.015625
1 0.434375 0.3078125 0.0109375 0.0140625
1 0.4546875 0.271875 0.01875 0.0203125
1 0.4703125 0.2640625 0.0203125 0.025
1 0.40625 0.303125 0.0203125 0.0125
1 0.3890625 0.6390625 0.0140625 0.028125
1 0.3078125 0.521875 0.0234375 0.025
1 0.3421875 0.5140625 0.0171875 0.0265625
1 0.35625 0.45 0.01875 0.0328125
1 0.3390625 0.4359375 0.0140625 0.021875
1 0.3265625 0.421875 0.015625 0.0171875
1 0.5859375 0.5546875 0.0109375 0.021875
1 0.5171875 0.4515625 0.0125 0.0140625
1 0.5109375 0.43125 0.0140625 0.0140625
1 0.5015625 0.3828125 0.0140625 0.0140625
1 0.528125 0.4015625 0.0203125 0.0171875
1 0.5171875 0.3828125 0.0140625 0.0140625
1 0.7828125 0.359375 0.0109375 0.01875
1 0.75 0.3609375 0.021875 0.015625
1 0.6625 0.378125 0.0171875 0.015625
1 0.4796875 0.5828125 0.01875 0.0109375
1 0.5015625 0.5796875 0.021875 0.021875
1 0.509375 0.5578125 0.01875 0.021875
1 0.5203125 0.5078125 0.015625 0.0203125
1 0.5125 0.534375 0.015625 0.0265625
1 0.496875 0.2953125 0.01875 0.0140625
1 0.996875 0.653125 0.00625 0.0375
1 0.9671875 0.359375 0.0109375 0.01875
1 0.99375 0.3609375 0.0109375 0.015625