11 0.4953125 0.2375 0.084375 0.0984375
11 0.3171875 0.0671875 0.05625 0.125
11 0.4453125 0.2078125 0.084375 0.0765625
11 0.3375 0.775 0.0875 0.0921875
11 0.4109375 0.14375 0.078125 0.0890625
11 0.66875 0.709375 0.121875 0.0859375
11 0.675 0.6484375 0.1 0.0671875
11 0.5671875 0.7125 0.0703125 0.128125
11 0.3890625 0.0546875 0.09375 0.0625
11 0.5140625 0.35 0.0859375 0.096875
11 0.2 0.38125 0.0734375 0.1453125
11 0.55625 0.5078125 0.0828125 0.090625
11 0.3453125 0.596875 0.0921875 0.10625
11 0.5671875 0.603125 0.071875 0.1125
11 0.3546875 0.403125 0.0984375 0.1015625
11 0.4765625 0.8484375 0.0765625 0.125
11 0.3390625 0.2625 0.1171875 0.0921875
11 0.425 0.578125 0.09375 0.109375
11 0.65 0.421875 0.05625 0.0796875
11 0.471875 0.1125 0.0625 0.0921875
11 0.459375 0.5140625 0.084375 0.1078125
11 0.7921875 0.7171875 0.0671875 0.096875
11 0.7875 0.8484375 0.078125 0.0953125
11 0.4734375 0.01875 0.04375 0.0375
11 0.5734375 0.0171875 0.05625 0.034375
11 0.696875 0.58125 0.05625 0.04375
11 0.05 0.38125 0.0734375 0.1453125
11 0.9578125 0.7171875 0.0671875 0.096875
11 0.9609375 0.846875 0.0765625 0.0953125