11 0.1171875 0.6140625 0.121875 0.0703125
11 0.2265625 0.5375 0.08125 0.08125
11 0.7578125 0.3921875 0.0953125 0.078125
11 0.3234375 0.64375 0.071875 0.08125
11 0.6890625 0.4796875 0.1171875 0.0515625
11 0.3609375 0.403125 0.0625 0.0796875
11 0.25625 0.6234375 0.075 0.06875
11 0.628125 0.56875 0.1109375 0.0578125
11 0.58125 0.6640625 0.0984375 0.05625
11 0.46875 0.6765625 0.0734375 0.0828125
11 0.4390625 0.321875 0.09375 0.0671875
11 0.5109375 0.6078125 0.090625 0.0578125
11 0.6234375 0.353125 0.096875 0.05
11 0.3796875 0.6234375 0.065625 0.075
11 0.3703125 0.4734375 0.09375 0.04375
11 0.5953125 0.2859375 0.084375 0.06875
11 0.5359375 0.5328125 0.0875 0.040625
11 0.5265625 0.365625 0.09375 0.0375
11 0.425 0.4203125 0.0765625 0.0515625
11 0.375 0.540625 0.096875 0.040625
11 0.475 0.5640625 0.0671875 0.0390625
11 0.4390625 0.6015625 0.0625 0.0640625
11 0.621875 0.4359375 0.1109375 0.03125
11 0.590625 0.475 0.0578125 0.0375
11 0.5578125 0.5 0.05625 0.0390625
11 0.3234375 0.9890625 0.071875 0.0203125
11 0.5796875 0.9859375 0.0984375 0.028125
11 0.4671875 0.971875 0.0734375 0.0546875
11 0.4390625 0.0203125 0.09375 0.040625
11 0.5953125 0.0453125 0.084375 0.06875