1 0.809375 0.303125 0.125 0.2046875
1 0.31875 0.4484375 0.196875 0.09375
1 0.8890625 0.69375 0.215625 0.1234375
1 0.2140625 0.259375 0.2203125 0.1890625
1 0.890625 0.5953125 0.209375 0.128125
1 0.590625 0.3890625 0.1359375 0.1734375
1 0.1453125 0.425 0.1796875 0.23125
1 0.675 0.521875 0.209375 0.1109375
1 0.575 0.7546875 0.184375 0.1515625
1 0.33125 0.590625 0.2609375 0.1296875
1 0.959375 0.7703125 0.078125 0.1171875
1 0.9078125 0.2390625 0.15 0.146875
1 0.8578125 0.8109375 0.096875 0.040625
1 0.921875 0.471875 0.15625 0.1328125
1 0.959375 0.3765625 0.078125 0.1078125
1 0.809375 0.0640625 0.125 0.128125
1 0.8890625 0.953125 0.215625 0.0921875
1 0.2125 0.0828125 0.2203125 0.165625
1 0.575 0.909375 0.184375 0.1515625
1 0.959375 0.89375 0.078125 0.1171875
1 0.9078125 0.0921875 0.15 0.146875
1 0.8578125 0.853125 0.096875 0.040625