8 0.3671875 0.4140625 0.096875 0.153125
8 0.3328125 0.5921875 0.1296875 0.0984375
8 0.1796875 0.5484375 0.1109375 0.1890625
8 0.2203125 0.2828125 0.190625 0.103125
8 0.2484375 0.1734375 0.13125 0.0703125
8 0.31875 0.2421875 0.140625 0.075
8 0.8203125 0.2125 0.10625 0.09375
8 0.8 0.0828125 0.125 0.084375
8 0.821875 0.4125 0.103125 0.128125
8 0.696875 0.525 0.0828125 0.1734375
8 0.565625 0.9171875 0.125 0.1328125
8 0.0703125 0.5484375 0.1109375 0.1890625
8 0.0625 0.2828125 0.125 0.103125
8 0.03359375 0.17265625 0.0671875 0.0703125
8 0.9296875 0.2125 0.10625 0.09375
8 0.94375 0.0828125 0.1125 0.084375
8 0.928125 0.4125 0.103125 0.128125