11 0.3703125 0.2375 0.2109375 0.196875
11 0.75 0.3375 0.1390625 0.10625
11 0.603125 0.7578125 0.1828125 0.115625
11 0.5625 0.290625 0.0953125 0.190625
11 0.3484375 0.4046875 0.2171875 0.121875
11 0.6203125 0.2046875 0.1765625 0.1609375
11 0.7265625 0.4921875 0.178125 0.103125
11 0.546875 0.4296875 0.178125 0.0984375
11 0.7046875 0.6609375 0.0703125 0.153125
11 0.7375 0.5765625 0.1125 0.1078125
11 0.5890625 0.6625 0.1953125 0.1015625
11 0.78125 0.6796875 0.103125 0.0921875
11 0.6828125 0.1421875 0.1390625 0.109375
11 0.340625 0.70625 0.171875 0.1484375
11 0.39375 0.4921875 0.1765625 0.10625
11 0.678125 0.396875 0.1671875 0.1375
11 0.353125 0.5828125 0.228125 0.115625
11 0.1125 0.234375 0.109375 0.0890625
11 0.015625 0.23203125 0.03125 0.0890625