8 0.5234375 0.5015625 0.078125 0.0734375
8 0.4078125 0.640625 0.0328125 0.0796875
8 0.534375 0.4015625 0.0296875 0.0359375
8 0.584375 0.35625 0.0203125 0.0265625
8 0.6390625 0.38125 0.0421875 0.0453125
8 0.640625 0.3421875 0.0421875 0.025
8 0.6296875 0.3109375 0.04375 0.034375
8 0.7109375 0.33125 0.021875 0.046875
8 0.5625 0.28125 0.0453125 0.0375
8 0.4921875 0.259375 0.0265625 0.046875
8 0.459375 0.3015625 0.025 0.0515625
8 0.4515625 0.3375 0.0140625 0.034375
8 0.4640625 0.3765625 0.0546875 0.028125
8 0.44375 0.3984375 0.0390625 0.0453125
8 0.415625 0.3578125 0.04375 0.0640625
8 0.3671875 0.325 0.0546875 0.0609375
8 0.3625 0.2390625 0.0765625 0.053125
8 0.03125 0.50078125 0.0625 0.0734375
8 0.9234375 0.5015625 0.078125 0.0734375
8 0.1390625 0.640625 0.0328125 0.0796875
8 0.01328125 0.40078125 0.0265625 0.0359375
8 0.9125 0.4015625 0.0296875 0.0359375
8 0.8625 0.35625 0.0203125 0.0265625
8 0.8078125 0.38125 0.0421875 0.0453125
8 0.80625 0.3421875 0.0421875 0.025
8 0.8171875 0.3109375 0.04375 0.034375
8 0.7359375 0.33125 0.021875 0.046875
8 0.884375 0.28125 0.0453125 0.0375
8 0.0546875 0.259375 0.0265625 0.046875
8 0.9546875 0.259375 0.0265625 0.046875
8 0.0875 0.3015625 0.025 0.0515625
8 0.9875 0.3015625 0.025 0.0515625
8 0.0953125 0.3375 0.0140625 0.034375
8 0.99375 0.3375 0.0125 0.034375
8 0.0828125 0.3765625 0.0546875 0.028125
8 0.97734375 0.3765625 0.0453125 0.028125
8 0.103125 0.3984375 0.0390625 0.0453125
8 0.99140625 0.39765625 0.0171875 0.0453125
8 0.13125 0.3578125 0.04375 0.0640625
8 0.1796875 0.325 0.0546875 0.0609375
8 0.184375 0.2390625 0.0765625 0.053125