9 0.425 0.525 0.096875 0.059375
9 0.475 0.5078125 0.0640625 0.053125
9 0.51875 0.58125 0.0453125 0.065625
9 0.5640625 0.5671875 0.0703125 0.05
9 0.515625 0.525 0.040625 0.0640625
9 0.375 0.73125 0.053125 0.0625
9 0.3796875 0.79375 0.0390625 0.053125
9 0.4171875 0.740625 0.0375 0.0640625
9 0.3984375 0.678125 0.0265625 0.03125
9 0.3359375 0.76875 0.028125 0.0734375
9 0.465625 0.721875 0.065625 0.0390625
9 0.375 0.9359375 0.053125 0.0625
9 0.3796875 0.8734375 0.0390625 0.053125
9 0.4171875 0.9265625 0.0375 0.0640625
9 0.396875 0.9859375 0.0265625 0.0265625
9 0.3359375 0.8984375 0.028125 0.0734375
9 0.465625 0.9453125 0.065625 0.0390625