0 0.58125 0.4015625 0.0546875 0.0921875
0 0.5671875 0.54375 0.0453125 0.096875
0 0.4265625 0.834375 0.071875 0.090625
0 0.45625 0.925 0.0453125 0.10625
0 0.4375 0.56875 0.053125 0.10625
0 0.5140625 0.4796875 0.0578125 0.0984375
0 0.48125 0.7984375 0.0515625 0.1203125
0 0.6 0.2734375 0.05625 0.1171875
0 0.575 0.665625 0.0609375 0.11875
0 0.3203125 0.834375 0.084375 0.0625
0 0.4453125 0.2484375 0.065625 0.0625
0 0.4984375 0.309375 0.0359375 0.0765625
0 0.4515625 0.3109375 0.04375 0.0421875
0 0.390625 0.3203125 0.0671875 0.0875
0 0.3828125 0.2609375 0.071875 0.0625
0 0.4578125 0.2 0.053125 0.0359375
0 0.4640625 0.1578125 0.0375 0.0375
0 0.6328125 0.1671875 0.0703125 0.0359375
0 0.6984375 0.165625 0.040625 0.034375
0 0.571875 0.1625 0.053125 0.0390625