11 0.4234375 0.4671875 0.1203125 0.1296875
11 0.6046875 0.33125 0.0921875 0.134375
11 0.5203125 0.66875 0.15625 0.1171875
11 0.196875 0.0390625 0.134375 0.078125
11 0.45625 0.2828125 0.0765625 0.1546875
11 0.31875 0.1359375 0.1109375 0.1390625
11 0.7125 0.753125 0.1046875 0.1171875
11 0.290625 0.4125 0.1125 0.1140625
11 0.6484375 0.54375 0.1375 0.1171875
11 0.4265625 0.5484375 0.0984375 0.125
11 0.7296875 0.86875 0.0953125 0.134375
11 0.6671875 0.6421875 0.1140625 0.0796875
11 0.7609375 0.34375 0.121875 0.140625
11 0.7265625 0.9515625 0.121875 0.09375
11 0.1828125 0.925 0.1125 0.140625
11 0.2578125 0.3125 0.146875 0.121875
11 0.80625 0.7 0.1234375 0.121875
11 0.1859375 0.4328125 0.1078125 0.1484375
11 0.58125 0.0765625 0.140625 0.0953125
11 0.665625 0.384375 0.078125 0.0984375
11 0.5375 0.7390625 0.1578125 0.0984375
11 0.7296875 0.4984375 0.159375 0.140625
11 0.8515625 0.8796875 0.0453125 0.075
11 0.59375 0.96875 0.1328125 0.0609375
11 0.8421875 0.934375 0.0625 0.05625
11 0.8359375 0.978125 0.0625 0.0421875
11 0.059375 0.0390625 0.11875 0.078125
11 0.9859375 0.86875 0.028125 0.134375
11 0.9640625 0.34375 0.071875 0.140625
11 0.98125 0.9515625 0.0375 0.09375
11 0.0671875 0.925 0.1125 0.140625
11 0.0328125 0.3125 0.065625 0.121875
11 0.940625 0.7 0.11875 0.121875
11 0.0640625 0.4328125 0.1078125 0.1484375
11 0.9703125 0.4984375 0.059375 0.140625
11 0.8984375 0.8796875 0.0453125 0.075
11 0.9078125 0.934375 0.0625 0.05625
11 0.9140625 0.978125 0.0625 0.0421875