8 0.7359375 0.565625 0.0890625 0.0828125
8 0.5796875 0.640625 0.0625 0.078125
8 0.603125 0.4828125 0.0921875 0.1171875
8 0.7328125 0.3546875 0.1109375 0.05
8 0.721875 0.278125 0.06875 0.0890625
8 0.9796875 0.1984375 0.0390625 0.053125
8 0.5625 0.246875 0.0921875 0.09375
8 0.6015625 0.315625 0.109375 0.096875
8 0.446875 0.390625 0.1125 0.071875
8 0.45625 0.2859375 0.065625 0.0625
8 0.4390625 0.2171875 0.0765625 0.065625
8 0.440625 0.1515625 0.06875 0.053125
8 0.51875 0.15625 0.0953125 0.0546875
8 0.7140625 0.753125 0.05625 0.0734375
8 0.7546875 0.8046875 0.0515625 0.065625
8 0.675 0.81875 0.071875 0.04375
8 0.2859375 0.8453125 0.0734375 0.05625
8 0.753125 0.6234375 0.1296875 0.0859375
8 0.765625 0.853125 0.090625 0.0421875
8 0.9796875 0.0515625 0.0390625 0.053125
8 0.56171875 0.025 0.0921875 0.05
8 0.4390625 0.0328125 0.0765625 0.065625
8 0.440625 0.0984375 0.06875 0.053125
8 0.51875 0.09375 0.0953125 0.0546875
8 0.7140625 0.9796875 0.05625 0.040625
8 0.7546875 0.9453125 0.0515625 0.065625
8 0.675 0.93125 0.071875 0.04375
8 0.2859375 0.9046875 0.0734375 0.05625
8 0.765625 0.896875 0.090625 0.0421875