0 0.384375 0.71875 0.14375 0.05625
0 0.5296875 0.7921875 0.096875 0.0734375
0 0.21875 0.3609375 0.090625 0.0859375
0 0.4421875 0.7828125 0.0859375 0.05625
0 0.3265625 0.33125 0.0875 0.0609375
0 0.65625 0.3953125 0.121875 0.0734375
0 0.221875 0.4953125 0.08125 0.09375
0 0.3015625 0.484375 0.1015625 0.078125
0 0.6203125 0.50625 0.0859375 0.0765625
0 0.409375 0.63125 0.10625 0.0578125
0 0.309375 0.4046875 0.09375 0.0375
0 0.565625 0.7015625 0.1171875 0.0578125
0 0.434375 0.3609375 0.06875 0.10625
0 0.49375 0.3859375 0.0625 0.075
0 0.3609375 0.5453125 0.1015625 0.071875
0 0.1140625 0.40625 0.0984375 0.1078125
0 0.6875 0.465625 0.0921875 0.0671875
0 0.54375 0.3546875 0.0765625 0.084375
0 0.9109375 0.3921875 0.1125 0.11875
0 0.5875 0.3125 0.059375 0.075
0 0.559375 0.55 0.065625 0.0921875
0 0.646875 0.303125 0.059375 0.0921875
0 0.659375 0.625 0.11875 0.0515625
0 0.365625 0.3828125 0.0609375 0.0546875
0 0.490625 0.6546875 0.0609375 0.084375
0 0.4265625 0.575 0.1 0.0875
0 0.3609375 0.453125 0.1 0.0640625
0 0.384375 0.9453125 0.14375 0.05625
0 0.5296875 0.871875 0.096875 0.0734375
0 0.4421875 0.88125 0.0859375 0.05625
0 0.3265625 0.0140625 0.0875 0.028125
0 0.565625 0.9625 0.1171875 0.0578125
0 0.434375 0.0109375 0.06875 0.021875
0 0.5421875 0.009375 0.0765625 0.01875
0 0.5875 0.028125 0.059375 0.05625
0 0.646875 0.0359375 0.059375 0.071875
0 0.4890625 0.9828125 0.0609375 0.0328125