1 0.4140625 0.3859375 0.0421875 0.053125
1 0.6515625 0.5390625 0.0359375 0.053125
1 0.821875 0.5734375 0.0359375 0.053125
1 0.2875 0.3671875 0.0453125 0.04375
1 0.425 0.5578125 0.05 0.0453125
1 0.53125 0.6359375 0.0328125 0.0546875
1 0.3953125 0.634375 0.053125 0.0390625
1 0.5234375 0.4234375 0.05 0.0515625
1 0.65625 0.20625 0.034375 0.0671875
1 0.5890625 0.4453125 0.0453125 0.0640625
1 0.8 0.378125 0.0640625 0.046875
1 0.4578125 0.65 0.04375 0.04375
1 0.803125 0.4921875 0.06875 0.0484375
1 0.465625 0.340625 0.0234375 0.0515625
1 0.7328125 0.4078125 0.0359375 0.0625
1 0.353125 0.746875 0.0390625 0.028125
1 0.6859375 0.353125 0.0328125 0.0703125
1 0.6703125 0.5828125 0.0671875 0.040625
1 0.6140625 0.06875 0.0609375 0.0375
1 0.534375 0.3578125 0.03125 0.05625
1 0.625 0.7015625 0.046875 0.046875
1 0.671875 0.6328125 0.0546875 0.0328125
1 0.459375 0.390625 0.0265625 0.0453125
1 0.696875 0.2671875 0.0609375 0.071875
1 0.3515625 0.4 0.034375 0.0484375
1 0.29375 0.0515625 0.059375 0.034375
1 0.2765625 0.615625 0.040625 0.0375
1 0.25 0.0875 0.0265625 0.0515625
1 0.4375 0.7796875 0.0390625 0.0390625
1 0.3296875 0.35625 0.0296875 0.059375
1 0.196875 0.55625 0.0203125 0.0515625
1 0.4890625 0.484375 0.05 0.0359375
1 0.1734375 0.4953125 0.03125 0.0640625
1 0.48125 0.2703125 0.028125 0.0578125
1 0.3078125 0.746875 0.04375 0.034375
1 0.6640625 0.434375 0.025 0.0625
1 0.4984375 0.3765625 0.0265625 0.0625
1 0.4125 0.690625 0.0359375 0.0359375
1 0.428125 0.3328125 0.0421875 0.0453125
1 0.2265625 0.55 0.0203125 0.0484375
1 0.578125 0.21875 0.028125 0.06875
1 0.4921875 0.5515625 0.053125 0.0359375
1 0.421875 0.490625 0.0234375 0.053125
1 0.26875 0.70625 0.034375 0.053125
1 0.596875 0.5609375 0.025 0.0546875
1 0.221875 0.471875 0.0390625 0.0296875
1 0.85 0.1640625 0.0484375 0.040625
1 0.3265625 0.79375 0.0234375 0.05625
1 0.16875 0.5578125 0.021875 0.05
1 0.859375 0.5578125 0.0296875 0.0390625
1 0.1578125 0.6109375 0.0328125 0.03125
1 0.4046875 0.2859375 0.034375 0.0375
1 0.184375 0.603125 0.0265625 0.0234375
1 0.1671875 0.115625 0.034375 0.0359375
1 0.5546875 0.3078125 0.0546875 0.0375
1 0.146875 0.8265625 0.028125 0.0328125
1 0.928125 0.5734375 0.0359375 0.053125
1 0.95 0.378125 0.0640625 0.046875
1 0.946875 0.4921875 0.06875 0.0484375
1 0.00625 0.0859375 0.0125 0.0515625
1 0.053125 0.55625 0.0203125 0.0515625
1 0.0765625 0.4953125 0.03125 0.0640625
1 0.0234375 0.55 0.0203125 0.0484375
1 0.028125 0.471875 0.0390625 0.0296875
1 0.9 0.1640625 0.0484375 0.040625
1 0.08125 0.5578125 0.021875 0.05
1 0.890625 0.5578125 0.0296875 0.0390625
1 0.0921875 0.6109375 0.0328125 0.03125
1 0.065625 0.603125 0.0265625 0.0234375
1 0.0828125 0.115625 0.034375 0.0359375
1 0.103125 0.8265625 0.028125 0.0328125