0 0.803125 0.2734375 0.23125 0.2078125
0 0.275 0.5015625 0.25 0.1109375
0 0.88125 0.509375 0.21875 0.228125
0 0.4828125 0.6515625 0.2234375 0.1640625
0 0.1609375 0.2515625 0.2484375 0.165625
0 0.48125 0.2375 0.16875 0.1453125
0 0.721875 0.7109375 0.1859375 0.2265625
0 0.571875 0.3375 0.08125 0.1125
0 0.803125 0.0796875 0.23125 0.159375
0 0.48125 0.9640625 0.2234375 0.0703125
0 0.159375 0.08125 0.2484375 0.1625
0 0.48125 0.09375 0.16875 0.1453125
0 0.7203125 0.91875 0.1859375 0.1609375
0 0.571875 0.025 0.08125 0.05