0 0.2703125 0.896875 0.103125 0.084375
0 0.7984375 0.6796875 0.0953125 0.14375
0 0.3875 0.2875 0.0609375 0.1140625
0 0.9453125 0.4859375 0.09375 0.1203125
0 0.3265625 0.48125 0.090625 0.0578125
0 0.490625 0.259375 0.08125 0.0859375
0 0.3234375 0.38125 0.078125 0.0640625
0 0.5890625 0.5234375 0.109375 0.08125
0 0.228125 0.2265625 0.0671875 0.0921875
0 0.6421875 0.778125 0.115625 0.1125
0 0.175 0.359375 0.0875 0.078125
0 0.3015625 0.284375 0.075 0.1046875
0 0.446875 0.5109375 0.1 0.10625
0 0.246875 0.5546875 0.0671875 0.1
0 0.534375 0.35625 0.11875 0.0703125
0 0.090625 0.8046875 0.0640625 0.125
0 0.31875 0.5828125 0.103125 0.0578125
0 0.196875 0.6765625 0.0578125 0.1109375
0 0.0859375 0.534375 0.059375 0.1046875
0 0.015625 0.6421875 0.03125 0.059375