0 0.7484375 0.359375 0.0984375 0.0859375
0 0.1875 0.4703125 0.1109375 0.0796875
0 0.3078125 0.25625 0.1015625 0.078125
0 0.653125 0.3375 0.13125 0.06875
0 0.4921875 0.371875 0.1453125 0.06875
0 0.0859375 0.3671875 0.09375 0.0890625
0 0.2875 0.4953125 0.0859375 0.109375
0 0.3734375 0.6203125 0.2765625 0.0953125
0 0.91875 0.375 0.13125 0.071875
0 0.853125 0.4921875 0.128125 0.075
0 0.0796875 0.703125 0.075 0.0984375
0 0.140625 0.7203125 0.071875 0.1
0 0.7484375 0.403125 0.1015625 0.040625
0 0.4140625 0.7015625 0.071875 0.078125
0 0.371875 0.496875 0.1109375 0.0703125
0 0.53125 0.259375 0.1203125 0.071875
0 0.8765625 0.6 0.0875 0.1046875
0 0.9453125 0.6046875 0.065625 0.0875
0 0.5296875 0.696875 0.1078125 0.0578125
0 0.7796875 0.6171875 0.0921875 0.0953125
0 0.2171875 0.2515625 0.09375 0.084375
0 0.3171875 0.3296875 0.0640625 0.078125
0 0.2265625 0.621875 0.084375 0.10625
0 0.2375 0.7421875 0.08125 0.0953125
0 0.246875 0.415625 0.0828125 0.096875
0 0.73125 0.6765625 0.0890625 0.1265625
0 0.9625 0.5359375 0.071875 0.0640625
0 0.203125 0.709375 0.0578125 0.0796875
0 0.2765625 0.84375 0.1109375 0.0609375
0 0.4125 0.2984375 0.06875 0.0890625
0 0.509375 0.45 0.1078125 0.1171875
0 0.765625 0.4546875 0.10625 0.053125
0 0.26875 0.6828125 0.10625 0.0515625
0 0.1140625 0.5734375 0.084375 0.0859375
0 0.596875 0.4828125 0.1453125 0.2125
0 0.753125 0.5265625 0.225 0.121875
0 0.8390625 0.4375 0.103125 0.071875
0 0.1453125 0.209375 0.075 0.075
0 0.065625 0.259375 0.13125 0.2328125
0 0.30546875 0.015625 0.1015625 0.03125
0 0.140625 0.9890625 0.071875 0.0203125
0 0.52890625 0.0125 0.1203125 0.025
0 0.2171875 0.0203125 0.09375 0.040625
0 0.2375 0.9796875 0.08125 0.040625
0 0.2765625 0.90625 0.1109375 0.0609375
0 0.1453125 0.040625 0.075 0.075
0 0.065625 0.0515625 0.13125 0.103125