1 0.29375 0.975 0.028125 0.046875
1 0.259375 0.76875 0.0328125 0.04375
1 0.26875 0.984375 0.021875 0.0296875
1 0.2625 0.915625 0.028125 0.0515625
1 0.5140625 0.3875 0.0140625 0.0265625
1 0.5453125 0.878125 0.034375 0.0328125
1 0.5578125 0.403125 0.015625 0.025
1 0.340625 0.975 0.0328125 0.0328125
1 0.4921875 0.4 0.01875 0.01875
1 0.5375 0.390625 0.0171875 0.0203125
1 0.478125 0.3765625 0.0140625 0.025
1 0.4546875 0.38125 0.0171875 0.0234375
1 0.5359375 0.41875 0.025 0.01875
1 0.359375 0.578125 0.01875 0.03125
1 0.4703125 0.396875 0.015625 0.0234375
1 0.3296875 0.7859375 0.021875 0.0359375
1 0.3828125 0.5 0.0171875 0.03125
1 0.3421875 0.4796875 0.0171875 0.03125
1 0.396875 0.3046875 0.025 0.021875
1 0.4359375 0.3703125 0.015625 0.034375
1 0.2421875 0.5953125 0.0265625 0.028125
1 0.453125 0.4875 0.0203125 0.0375
1 0.38125 0.353125 0.015625 0.0234375
1 0.4046875 0.5046875 0.0171875 0.0296875
1 0.3796875 0.5953125 0.0203125 0.0359375
1 0.3375 0.596875 0.021875 0.028125
1 0.5265625 0.5046875 0.028125 0.0234375
1 0.2515625 0.4609375 0.015625 0.0296875
1 0.475 0.340625 0.0140625 0.021875
1 0.4375 0.5625 0.0234375 0.0265625
1 0.503125 0.3328125 0.0171875 0.025
1 0.315625 0.6265625 0.0234375 0.0203125
1 0.3984375 0.2828125 0.021875 0.01875
1 0.15625 0.28125 0.015625 0.0421875
1 0.5765625 0.353125 0.015625 0.015625
1 0.4171875 0.484375 0.0140625 0.0296875
1 0.3453125 0.384375 0.015625 0.034375
1 0.3 0.296875 0.021875 0.0265625
1 0.2984375 0.66875 0.0234375 0.034375
1 0.303125 0.3546875 0.0234375 0.0234375
1 0.41875 0.446875 0.0203125 0.01875
1 0.3625 0.3390625 0.0140625 0.021875
1 0.365625 0.3765625 0.0140625 0.028125
1 0.3625 0.3125 0.021875 0.0203125
1 0.5875 0.7828125 0.0234375 0.015625
1 0.3390625 0.628125 0.0203125 0.034375
1 0.2640625 0.534375 0.028125 0.021875
1 0.259375 0.5171875 0.025 0.01875
1 0.2375 0.5390625 0.0140625 0.021875
1 0.23125 0.5609375 0.0265625 0.028125
1 0.5 0.4171875 0.015625 0.01875
1 0.4859375 0.434375 0.01875 0.0234375
1 0.475 0.421875 0.021875 0.015625
1 0.4578125 0.4140625 0.0234375 0.01875
1 0.4578125 0.4046875 0.0234375 0.0125
1 0.4546875 0.3484375 0.034375 0.021875
1 0.4671875 0.35625 0.021875 0.0125
1 0.4125 0.359375 0.01875 0.0265625
1 0.3953125 0.3671875 0.0125 0.028125
1 0.409375 0.378125 0.021875 0.021875
1 0.403125 0.396875 0.028125 0.0125
1 0.3921875 0.4125 0.025 0.0171875
1 0.38125 0.43125 0.0171875 0.021875
1 0.39375 0.45 0.0265625 0.0203125
1 0.371875 0.475 0.0296875 0.025
1 0.4578125 0.4546875 0.01875 0.015625
1 0.4859375 0.465625 0.0265625 0.0171875
1 0.4984375 0.4515625 0.01875 0.021875
1 0.5140625 0.434375 0.01875 0.0125
1 0.5234375 0.4171875 0.0171875 0.025
1 0.5921875 0.40625 0.01875 0.0234375
1 0.575 0.39375 0.0140625 0.028125
1 0.51875 0.465625 0.0171875 0.0234375
1 0.4796875 0.48125 0.03125 0.021875
1 0.45625 0.471875 0.028125 0.0234375
1 0.359375 0.9640625 0.025 0.025
1 0.43125 0.4234375 0.0109375 0.0265625
1 0.45 0.4359375 0.0140625 0.028125
1 0.459375 0.434375 0.015625 0.0265625
1 0.5921875 0.3234375 0.015625 0.021875
1 0.609375 0.328125 0.0171875 0.0125
1 0.240625 0.4171875 0.0203125 0.0203125
1 0.225 0.5 0.01875 0.025
1 0.234375 0.4453125 0.01875 0.009375
1 0.1796875 0.3921875 0.0171875 0.0234375
1 0.009375 0.5953125 0.01875 0.028125
1 0.003125 0.459375 0.00625 0.0296875
1 0.09375 0.28125 0.015625 0.0421875
1 0.0125 0.5390625 0.0140625 0.021875
1 0.01875 0.5609375 0.0265625 0.028125
1 0.009375 0.415625 0.01875 0.0203125
1 0.025 0.5 0.01875 0.025
1 0.015625 0.4453125 0.01875 0.009375
1 0.0703125 0.3921875 0.0171875 0.0234375