3 0.546875 0.7140625 0.0921875 0.121875
3 0.7921875 0.509375 0.0984375 0.125
3 0.55 0.58125 0.096875 0.090625
3 0.69375 0.384375 0.1078125 0.0890625
3 0.6046875 0.6578125 0.1296875 0.06875
3 0.353125 0.6578125 0.1359375 0.1
3 0.5578125 0.3984375 0.1203125 0.109375
3 0.6515625 0.303125 0.06875 0.0734375
3 0.659375 0.50625 0.0875 0.109375
3 0.628125 0.425 0.071875 0.09375
3 0.290625 0.5796875 0.0921875 0.09375
3 0.6921875 0.61875 0.08125 0.1203125
3 0.81875 0.6015625 0.1265625 0.0671875
3 0.1921875 0.5078125 0.1375 0.059375
3 0.528125 0.8375 0.1375 0.0578125
3 0.125 0.55625 0.1046875 0.1125
3 0.5453125 0.9796875 0.0921875 0.0390625
3 0.528125 0.8984375 0.1375 0.0578125