8 0.625 0.5828125 0.109375 0.209375
8 0.7515625 0.4671875 0.1359375 0.1484375
8 0.675 0.3671875 0.2125 0.13125
8 0.5671875 0.3296875 0.1953125 0.1234375
8 0.9453125 0.275 0.1078125 0.1234375
8 0.49375 0.6 0.13125 0.290625
8 0.3890625 0.5375 0.0828125 0.134375
8 0.1796875 0.515625 0.1140625 0.2546875
8 0.625 0.9453125 0.109375 0.109375
8 0.675 0.05859375 0.2125 0.1171875
8 0.5671875 0.0890625 0.1953125 0.1234375
8 0.9453125 0.14375 0.1078125 0.1234375
8 0.49375 0.91640625 0.13125 0.1671875
8 0.17890625 0.9671875 0.1140625 0.065625