11 0.784375 0.6859375 0.1015625 0.0703125
11 0.6328125 0.46875 0.06875 0.0828125
11 0.8921875 0.33125 0.06875 0.0609375
11 0.728125 0.4140625 0.0515625 0.071875
11 0.7484375 0.2609375 0.0796875 0.065625
11 0.5078125 0.55 0.059375 0.065625
11 0.16875 0.78125 0.1015625 0.059375
11 0.709375 0.2078125 0.08125 0.059375
11 0.4765625 0.340625 0.0734375 0.0796875
11 0.884375 0.271875 0.084375 0.04375
11 0.6546875 0.6875 0.0734375 0.05625
11 0.68125 0.409375 0.0609375 0.03125
11 0.01875 0.2640625 0.0375 0.0359375
11 0.2640625 0.6890625 0.065625 0.0484375
11 0.2609375 0.59375 0.053125 0.0765625
11 0.7828125 0.9703125 0.1015625 0.0578125
11 0.8921875 0.0140625 0.06875 0.028125
11 0.7484375 0.0703125 0.0796875 0.065625
11 0.16875 0.8828125 0.1015625 0.059375
11 0.709375 0.1234375 0.08125 0.059375
11 0.47421875 0.0140625 0.0734375 0.028125
11 0.884375 0.059375 0.084375 0.04375
11 0.653125 0.9734375 0.0734375 0.0515625
11 0.01875 0.0671875 0.0375 0.0359375
11 0.2640625 0.975 0.065625 0.0484375