1 0.3671875 0.3765625 0.0796875 0.0984375
1 0.6015625 0.484375 0.075 0.1015625
1 0.44375 0.4703125 0.1015625 0.078125
1 0.3109375 0.446875 0.0625 0.0984375
1 0.4328125 0.6765625 0.075 0.1203125
1 0.48125 0.55 0.115625 0.090625
1 0.7 0.49375 0.0953125 0.0984375
1 0.1640625 0.021875 0.078125 0.04375
1 0.553125 0.3953125 0.0453125 0.096875
1 0.61875 0.3125 0.0734375 0.1
1 0.834375 0.1640625 0.0796875 0.0703125
1 0.2421875 0.734375 0.1015625 0.084375
1 0.0859375 0.021875 0.078125 0.04375
1 0.915625 0.1640625 0.0796875 0.0703125
1 0.028125 0.734375 0.05625 0.084375