0 0.65 0.096875 0.1609375 0.1578125
0 0.546875 0.05625 0.1375 0.1125
0 0.49375 0.475 0.1421875 0.1140625
0 0.4015625 0.5390625 0.1109375 0.1453125
0 0.4453125 0.3359375 0.215625 0.1984375
0 0.296875 0.8796875 0.0890625 0.1421875
0 0.8078125 0.425 0.1234375 0.1578125
0 0.2734375 0.3515625 0.103125 0.225
0 0.3921875 0.6296875 0.1328125 0.10625
0 0.4734375 0.825 0.1015625 0.109375
0 0.8390625 0.1859375 0.0625 0.2609375
0 0.2609375 0.5515625 0.0859375 0.1203125
0 0.1796875 0.6046875 0.109375 0.1015625
0 0.8296875 0.4359375 0.0890625 0.1171875
0 0.8546875 0.5515625 0.0375 0.0734375
0 0.9390625 0.4234375 0.1203125 0.1578125
0 0.0140625 0.3515625 0.028125 0.225
0 0.9109375 0.1859375 0.0625 0.2609375
0 0.015625 0.55 0.03125 0.1203125
0 0.0703125 0.6046875 0.109375 0.1015625
0 0.9203125 0.4359375 0.0890625 0.1171875
0 0.8953125 0.5515625 0.0375 0.0734375