1 0.321875 0.74375 0.14375 0.071875
1 0.496875 0.546875 0.0875 0.128125
1 0.8125 0.4734375 0.084375 0.1125
1 0.7453125 0.815625 0.06875 0.1171875
1 0.2546875 0.2015625 0.078125 0.1140625
1 0.4890625 0.6734375 0.121875 0.125
1 0.6796875 0.8140625 0.0703125 0.11875
1 0.6609375 0.2578125 0.1484375 0.0671875
1 0.740625 0.5609375 0.09375 0.08125
1 0.5859375 0.4046875 0.103125 0.0921875
1 0.5828125 0.8484375 0.140625 0.0515625
1 0.3703125 0.5421875 0.0734375 0.134375
1 0.609375 0.7609375 0.1390625 0.084375
1 0.4890625 0.3109375 0.1328125 0.071875
1 0.7484375 0.375 0.09375 0.0953125
1 0.425 0.2640625 0.13125 0.078125
1 0.4890625 0.390625 0.109375 0.084375
1 0.3890625 0.4265625 0.121875 0.0625
1 0.31875 0.3703125 0.0765625 0.0890625
1 0.5625 0.225 0.1015625 0.078125
1 0.459375 0.1828125 0.1109375 0.078125
1 0.6203125 0.3171875 0.1171875 0.0875
1 0.6875 0.4890625 0.1 0.0828125
1 0.5796875 0.7359375 0.075 0.103125
1 0.6328125 0.6984375 0.1078125 0.06875
1 0.45 0.834375 0.0671875 0.0796875
1 0.528125 0.809375 0.0765625 0.1296875
1 0.4375 0.578125 0.0765625 0.1328125
1 0.3125 0.5453125 0.090625 0.1390625
1 0.321875 0.984375 0.14375 0.0296875
1 0.7453125 0.934375 0.06875 0.1171875
1 0.2546875 0.0515625 0.078125 0.103125
1 0.6796875 0.9359375 0.0703125 0.11875
1 0.659375 0.0125 0.1484375 0.025
1 0.5828125 0.9015625 0.140625 0.0515625
1 0.6078125 0.9734375 0.1390625 0.053125
1 0.425 0.0125 0.13125 0.025
1 0.56015625 0.03125 0.1015625 0.0625
1 0.459375 0.0671875 0.1109375 0.078125
1 0.5796875 0.98125 0.075 0.0375
1 0.45 0.915625 0.0671875 0.0796875
1 0.5265625 0.9375 0.0765625 0.125