11 0.515625 0.428125 0.2109375 0.1359375
11 0.44375 0.603125 0.2046875 0.1109375
11 0.4828125 0.3234375 0.1984375 0.08125
11 0.671875 0.478125 0.14375 0.1484375
11 0.528125 0.2140625 0.1125 0.1171875
11 0.284375 0.34375 0.1984375 0.0921875
11 0.21875 0.4609375 0.1453125 0.175
11 0.5125 0.778125 0.184375 0.1609375
11 0.64375 0.6515625 0.1390625 0.19375
11 0.528125 0.5453125 0.1953125 0.0890625
11 0.4234375 0.259375 0.1234375 0.1671875
11 0.6828125 0.29375 0.109375 0.11875
11 0.528125 0.046875 0.1125 0.09375
11 0.5125 0.9453125 0.184375 0.109375
11 0.42109375 0.0359375 0.1234375 0.071875