8 0.821875 0.6078125 0.1328125 0.1328125
8 0.68125 0.571875 0.0984375 0.1328125
8 0.6875 0.63125 0.0875 0.14375
8 0.559375 0.540625 0.2109375 0.0984375
8 0.5140625 0.684375 0.1578125 0.128125
8 0.49375 0.41875 0.096875 0.0984375
8 0.3984375 0.2296875 0.0640625 0.15625
8 0.540625 0.1828125 0.0890625 0.1203125
8 0.6453125 0.2578125 0.1390625 0.1765625
8 0.634375 0.3640625 0.1015625 0.09375
8 0.7234375 0.4046875 0.18125 0.140625
8 0.85625 0.4671875 0.146875 0.0703125
8 0.975 0.525 0.0484375 0.1109375
8 0.91875 0.278125 0.159375 0.15625
8 0.8078125 0.1890625 0.1515625 0.1328125
8 0.16875 0.4375 0.1390625 0.1078125
8 0.190625 0.5375 0.1546875 0.125
8 0.3203125 0.6359375 0.1609375 0.1140625
8 0.1046875 0.7421875 0.19375 0.1328125
8 0.028125 0.8328125 0.0484375 0.0796875
8 0.1046875 0.8421875 0.1328125 0.059375
8 0.6703125 0.8203125 0.0921875 0.0984375
8 0.39765625 0.04765625 0.0640625 0.0953125
8 0.540625 0.0640625 0.0890625 0.1203125
8 0.64453125 0.03828125 0.1390625 0.0765625
8 0.91875 0.0234375 0.159375 0.046875
8 0.80703125 0.06171875 0.1515625 0.1234375
8 0.1046875 0.96875 0.19375 0.0625
8 0.028125 0.9140625 0.0484375 0.0796875
8 0.1046875 0.9046875 0.1328125 0.059375
8 0.6703125 0.9265625 0.0921875 0.0984375