0 0.640625 0.0734375 0.0734375 0.1171875
0 0.615625 0.3421875 0.046875 0.1234375
0 0.675 0.38125 0.0890625 0.0703125
0 0.4484375 0.06875 0.1015625 0.084375
0 0.1875 0.56875 0.0390625 0.096875
0 0.3875 0.9 0.1140625 0.08125
0 0.7796875 0.675 0.071875 0.06875
0 0.6140625 0.6109375 0.059375 0.1140625
0 0.6859375 0.6765625 0.075 0.1078125
0 0.4578125 0.5765625 0.0875 0.103125
0 0.4359375 0.1578125 0.0875 0.1078125
0 0.6859375 0.45625 0.09375 0.0671875
0 0.3234375 0.7671875 0.0640625 0.09375
0 0.5265625 0.7421875 0.0828125 0.1078125
0 0.5625 0.6671875 0.0703125 0.084375
0 0.378125 0.1890625 0.096875 0.10625
0 0.46875 0.365625 0.10625 0.0734375
0 0.290625 0.3125 0.090625 0.0890625
0 0.6796875 0.028125 0.11875 0.05625
0 0.71875 0.584375 0.0484375 0.109375
0 0.2859375 0.0703125 0.0609375 0.1234375
0 0.30625 0.2546875 0.0734375 0.096875
0 0.4859375 0.278125 0.109375 0.0765625
0 0.35625 0.4125 0.06875 0.08125
0 0.2515625 0.453125 0.0859375 0.0671875
0 0.6234375 0.8375 0.0609375 0.1375
0 0.2421875 0.521875 0.090625 0.0796875
0 0.7546875 0.7671875 0.0734375 0.1046875
0 0.7890625 0.465625 0.078125 0.0828125
0 0.415625 0.525 0.0734375 0.0859375
0 0.321875 0.84375 0.0953125 0.0625
0 0.1953125 0.1265625 0.053125 0.0796875
0 0.6625 0.6015625 0.0703125 0.0875
0 0.55 0.5421875 0.059375 0.10625
0 0.31875 0.5796875 0.09375 0.0734375
0 0.3203125 0.66875 0.084375 0.0703125
0 0.3296875 0.471875 0.08125 0.09375
0 0.678125 0.79375 0.05 0.10625
0 0.5125 0.6671875 0.0640625 0.0875
0 0.8203125 0.21875 0.01875 0.0953125
0 0.796875 0.7359375 0.053125 0.084375
0 0.5734375 0.475 0.075 0.0640625
0 0.79375 0.025 0.0703125 0.05
0 0.6203125 0.5328125 0.0703125 0.071875
0 0.403125 0.6265625 0.0890625 0.084375
0 0.6296875 0.6859375 0.0515625 0.0796875
0 0.45625 0.7140625 0.065625 0.1
0 0.48125 0.4578125 0.0625 0.125
0 0.2375 0.1859375 0.090625 0.053125
0 0.2125 0.3453125 0.08125 0.053125
0 0.4078125 0.484375 0.084375 0.0609375
0 0.4359375 0.7765625 0.096875 0.040625
0 0.64375 0.765625 0.0828125 0.0484375
0 0.7734375 0.61875 0.05625 0.06875
0 0.7734375 0.546875 0.04375 0.0625
0 0.2421875 0.409375 0.10625 0.0609375
0 0.990625 0.071875 0.0171875 0.1171875
0 0.9703125 0.3796875 0.059375 0.0703125
0 0.15 0.56875 0.0390625 0.096875
0 0.88125 0.675 0.071875 0.06875
0 0.96875 0.675 0.0625 0.1078125
0 0.9640625 0.4546875 0.071875 0.0671875
0 0.021875 0.7671875 0.04375 0.09375
0 0.046875 0.3125 0.090625 0.0890625
0 0.9609375 0.028125 0.078125 0.05625
0 0.9421875 0.584375 0.0484375 0.109375
0 0.0515625 0.0703125 0.0609375 0.1234375
0 0.0328125 0.2546875 0.065625 0.096875
0 0.0078125 0.4125 0.015625 0.08125
0 0.0859375 0.453125 0.0859375 0.0671875
0 0.0953125 0.521875 0.090625 0.0796875
0 0.90625 0.7671875 0.0734375 0.1046875
0 0.871875 0.465625 0.078125 0.0828125
0 0.03125 0.84375 0.0625 0.0625
0 0.1421875 0.1265625 0.053125 0.0796875
0 0.98125 0.6015625 0.0375 0.0875
0 0.0328125 0.578125 0.065625 0.0734375
0 0.0296875 0.6671875 0.059375 0.0703125
0 0.0234375 0.471875 0.046875 0.09375
0 0.978125 0.79375 0.0421875 0.10625
0 0.840625 0.21875 0.01875 0.0953125
0 0.8640625 0.7359375 0.053125 0.084375
0 0.8671875 0.025 0.0703125 0.05
0 0.1 0.1859375 0.090625 0.053125
0 0.125 0.3453125 0.08125 0.053125
0 0.9875 0.7640625 0.025 0.0484375
0 0.8875 0.61875 0.05625 0.06875
0 0.8875 0.546875 0.04375 0.0625
0 0.0953125 0.409375 0.10625 0.0609375