1 0.684375 0.36875 0.16875 0.1859375
1 0.559375 0.34375 0.1265625 0.13125
1 0.2171875 0.4765625 0.1125 0.1140625
1 0.290625 0.1109375 0.1484375 0.1375
1 0.4046875 0.6875 0.128125 0.175
1 0.4578125 0.2484375 0.103125 0.190625
1 0.1640625 0.5359375 0.0765625 0.1203125
1 0.1921875 0.3828125 0.13125 0.0875
1 0.2453125 0.753125 0.1234375 0.1515625
1 0.1953125 0.3046875 0.11875 0.090625
1 0.271875 0.5453125 0.1078125 0.121875
1 0.7078125 0.6015625 0.1953125 0.1296875
1 0.196875 0.940625 0.13125 0.115625
1 0.184375 0.1859375 0.065625 0.1171875
1 0.3546875 0.0375 0.14375 0.075
1 0.465625 0.9046875 0.159375 0.1109375
1 0.496875 0.4875 0.2671875 0.2
1 0.4453125 0.046875 0.075 0.09375
1 0.165625 0.621875 0.0828125 0.08125
1 0.1953125 0.059375 0.08125 0.11875
1 0.328125 0.4375 0.059375 0.159375
1 0.5890625 0.03125 0.1671875 0.0625
1 0.8203125 0.3015625 0.1015625 0.1109375
1 0.1546875 0.0375 0.0609375 0.075
1 0.284375 0.4390625 0.0515625 0.1171875
1 0.140625 0.2453125 0.03125 0.0984375
1 0.534375 0.0296875 0.078125 0.059375
1 0.04375 0.47421875 0.0875 0.1140625
1 0.015625 0.1109375 0.03125 0.1375
1 0.0859375 0.5359375 0.0765625 0.1203125
1 0.0609375 0.3828125 0.121875 0.0875
1 0.0328125 0.7515625 0.065625 0.1515625
1 0.05625 0.3046875 0.1125 0.090625
1 0.015625 0.5453125 0.03125 0.121875
1 0.971875 0.6 0.05625 0.1296875
1 0.059375 0.940625 0.11875 0.115625
1 0.065625 0.1859375 0.065625 0.1171875
1 0.084375 0.621875 0.0828125 0.08125
1 0.0546875 0.059375 0.08125 0.11875
1 0.9296875 0.3015625 0.1015625 0.1109375
1 0.0953125 0.0375 0.0609375 0.075
1 0.109375 0.2453125 0.03125 0.0984375