7 0.503125 0.3828125 0.0703125 0.0546875
7 0.23125 0.321875 0.053125 0.034375
7 0.2265625 0.3609375 0.0453125 0.0578125
7 0.7828125 0.4125 0.0484375 0.0390625
7 0.709375 0.246875 0.0859375 0.040625
7 0.528125 0.2421875 0.0546875 0.0453125
7 0.353125 0.31875 0.1140625 0.0734375
7 0.384375 0.340625 0.0703125 0.090625
7 0.4890625 0.1890625 0.0859375 0.109375
7 0.575 0.165625 0.1046875 0.0859375
7 0.721875 0.1546875 0.1140625 0.0625
7 0.9765625 0.165625 0.0453125 0.028125
7 0.328125 0.2484375 0.0671875 0.1171875
7 0.3921875 0.2109375 0.0375 0.034375
7 0.70703125 0.009375 0.0859375 0.01875
7 0.52578125 0.0125 0.0546875 0.025
7 0.4890625 0.0578125 0.0859375 0.109375
7 0.575 0.08125 0.1046875 0.0859375
7 0.721875 0.0921875 0.1140625 0.0625
7 0.9765625 0.08125 0.0453125 0.028125
7 0.3265625 0.028125 0.0671875 0.05625
7 0.3921875 0.0359375 0.0375 0.034375