7 0.496875 0.4796875 0.11875 0.2484375
7 0.5484375 0.6453125 0.2125 0.1109375
7 0.371875 0.525 0.1953125 0.25625
7 0.2578125 0.35 0.1265625 0.2375
7 0.115625 0.196875 0.121875 0.1484375
7 0.021875 0.23125 0.04375 0.2171875
7 0.075 0.5359375 0.15 0.190625
7 0.1796875 0.803125 0.2953125 0.1375
7 0.5109375 0.771875 0.2703125 0.1828125
7 0.64375 0.6984375 0.2078125 0.1421875
7 0.8203125 0.678125 0.221875 0.1640625
7 0.76875 0.5046875 0.165625 0.2015625
7 0.65 0.4796875 0.1390625 0.1546875
7 0.66875 0.29375 0.1296875 0.146875
7 0.6984375 0.19375 0.1703125 0.140625
7 0.8625 0.184375 0.125 0.1234375
7 0.8546875 0.325 0.1484375 0.2203125
7 0.7921875 0.3625 0.153125 0.20625
7 0.90625 0.4625 0.1859375 0.153125
7 0.9453125 0.6015625 0.10625 0.1203125
7 0.8734375 0.7828125 0.0953125 0.11875
7 0.91875 0.7984375 0.14375 0.146875
7 0.978125 0.725 0.0421875 0.10625
7 0.7625 0.8359375 0.1828125 0.075
7 0.971875 0.225 0.0546875 0.1921875
7 0.115625 0.0609375 0.121875 0.121875
7 0.021875 0.0609375 0.04375 0.121875
7 0.178125 0.9375 0.2953125 0.125
7 0.509375 0.940625 0.2703125 0.1171875
7 0.69609375 0.0609375 0.1703125 0.121875
7 0.8625 0.0625 0.125 0.1234375
7 0.871875 0.9515625 0.0953125 0.0953125
7 0.91875 0.9375 0.14375 0.125
7 0.9765625 0.984375 0.0421875 0.03125
7 0.7625 0.9109375 0.1828125 0.075
7 0.96953125 0.0578125 0.0546875 0.115625