7 0.4671875 0.38125 0.3265625 0.328125
7 0.721875 0.21875 0.3015625 0.1953125
7 0.7703125 0.3890625 0.11875 0.115625
7 0.7703125 0.4734375 0.1484375 0.109375
7 0.7734375 0.1015625 0.15625 0.1046875
7 0.7453125 0.053125 0.1546875 0.0828125
7 0.6 0.1578125 0.153125 0.053125
7 0.4765625 0.18125 0.1765625 0.2890625
7 0.2390625 0.2375 0.09375 0.1046875
7 0.440625 0.1890625 0.0765625 0.1078125
7 0.9359375 0.2171875 0.1265625 0.1953125
7 0.9578125 0.3890625 0.0828125 0.115625
7 0.95 0.4734375 0.0984375 0.109375
7 0.946875 0.1 0.1046875 0.1046875
7 0.9609375 0.0515625 0.0765625 0.0828125
7 0.0265625 0.23515625 0.053125 0.1046875