13 0.4203125 0.34375 0.11875 0.0875
13 0.5078125 0.3359375 0.059375 0.115625
13 0.315625 0.490625 0.1109375 0.078125
13 0.4015625 0.459375 0.0828125 0.0609375
13 0.5 0.453125 0.1296875 0.05625
13 0.603125 0.3328125 0.0546875 0.1046875
13 0.5328125 0.225 0.053125 0.115625
13 0.725 0.284375 0.084375 0.04375
13 0.8046875 0.4453125 0.1 0.071875
13 0.7171875 0.4625 0.0359375 0.0390625
13 0.659375 0.459375 0.0390625 0.028125
13 0.590625 0.4875 0.0359375 0.0296875
13 0.5984375 0.5140625 0.053125 0.0265625
13 0.525 0.55 0.11875 0.034375
13 0.5609375 0.60625 0.090625 0.071875
13 0.5828125 0.6625 0.1125 0.065625
13 0.625 0.6015625 0.04375 0.084375
13 0.6453125 0.634375 0.140625 0.028125
13 0.7140625 0.515625 0.0765625 0.08125
13 0.6875 0.5140625 0.0421875 0.025
13 0.34375 0.5703125 0.1453125 0.0359375
13 0.4609375 0.6375 0.10625 0.1421875
13 0.3953125 0.665625 0.06875 0.134375
13 0.2125 0.590625 0.04375 0.10625
13 0.1671875 0.3234375 0.0890625 0.10625
13 0.80625 0.5359375 0.0875 0.1109375
13 0.753125 0.625 0.090625 0.071875
13 0.66875 0.609375 0.034375 0.078125
13 0.846875 0.26875 0.053125 0.065625
13 0.853125 0.3515625 0.034375 0.109375
13 0.4359375 0.0296875 0.0359375 0.028125
13 0.9890625 0.284375 0.0203125 0.04375
13 0.9421875 0.4453125 0.1 0.071875
13 0.034375 0.590625 0.04375 0.10625
13 0.0796875 0.3234375 0.0890625 0.10625
13 0.940625 0.5359375 0.0875 0.1109375
13 0.9734375 0.625 0.0515625 0.071875
13 0.9 0.26875 0.053125 0.065625
13 0.89375 0.3515625 0.034375 0.109375