11 0.5140625 0.475 0.0703125 0.046875
11 0.6015625 0.40625 0.0796875 0.034375
11 0.546875 0.328125 0.084375 0.0484375
11 0.1609375 0.4671875 0.06875 0.0578125
11 0.565625 0.5828125 0.0609375 0.059375
11 0.365625 0.31875 0.08125 0.0453125
11 0.496875 0.5828125 0.0515625 0.059375
11 0.609375 0.6328125 0.059375 0.059375
11 0.596875 0.3484375 0.071875 0.0578125
11 0.65625 0.503125 0.053125 0.0640625
11 0.571875 0.4640625 0.0671875 0.0390625
11 0.33125 0.1984375 0.0828125 0.0390625
11 0.55625 0.6359375 0.0421875 0.046875
11 0.5015625 0.5296875 0.075 0.0359375
11 0.578125 0.515625 0.0421875 0.0484375
11 0.1328125 0.546875 0.0671875 0.0609375
11 0.3109375 0.5515625 0.0890625 0.0484375
11 0.89375 0.7234375 0.0953125 0.0546875
11 0.328125 0.3578125 0.0625 0.05
11 0.0828125 0.3390625 0.0625 0.0609375
11 0.259375 0.4859375 0.0859375 0.059375
11 0.3484375 0.7140625 0.0546875 0.0578125
11 0.6046875 0.4515625 0.0578125 0.0359375
11 0.221875 0.378125 0.071875 0.0484375
11 0.546875 0.0125 0.084375 0.025
11 0.365625 0.0171875 0.08125 0.034375
11 0.33125 0.1328125 0.0828125 0.0390625
11 0.89375 0.940625 0.0953125 0.0546875
11 0.0828125 0.0109375 0.0625 0.021875
11 0.3484375 0.95 0.0546875 0.0578125