7 0.46875 0.4921875 0.0546875 0.046875
7 0.4234375 0.484375 0.03125 0.0625
7 0.596875 0.4265625 0.05625 0.04375
7 0.665625 0.334375 0.0578125 0.0375
7 0.7375 0.3984375 0.040625 0.0640625
7 0.65 0.575 0.0453125 0.0703125
7 0.65 0.628125 0.0640625 0.0359375
7 0.621875 0.6953125 0.053125 0.0671875
7 0.4453125 0.39375 0.0453125 0.046875
7 0.4125 0.38125 0.0296875 0.0546875
7 0.3421875 0.390625 0.0609375 0.0390625
7 0.3046875 0.4171875 0.05 0.0515625
7 0.51875 0.3359375 0.05625 0.03125
7 0.609375 0.3015625 0.0484375 0.0609375
7 0.0140625 0.484375 0.028125 0.0625
7 0.965625 0.4265625 0.05625 0.04375
7 0.896875 0.334375 0.0578125 0.0375
7 0.825 0.3984375 0.040625 0.0640625
7 0.9125 0.575 0.0453125 0.0703125
7 0.9125 0.628125 0.0640625 0.0359375
7 0.940625 0.6953125 0.053125 0.0671875
7 0.00625 0.39375 0.0125 0.046875
7 0.025 0.38125 0.0296875 0.0546875
7 0.0953125 0.390625 0.0609375 0.0390625
7 0.1328125 0.4171875 0.05 0.0515625
7 0.953125 0.3015625 0.0484375 0.0609375