6 0.4140625 0.409375 0.1375 0.1
6 0.290625 0.30625 0.09375 0.1625
6 0.2578125 0.228125 0.0640625 0.0890625
6 0.4046875 0.246875 0.13125 0.0875
6 0.5015625 0.1890625 0.0890625 0.128125
6 0.5859375 0.221875 0.1015625 0.0875
6 0.671875 0.1734375 0.0953125 0.1046875
6 0.7078125 0.0546875 0.103125 0.0859375
6 0.7078125 0.371875 0.109375 0.1140625
6 0.6109375 0.50625 0.10625 0.1859375
6 0.496875 0.5296875 0.103125 0.1578125
6 0.0453125 0.409375 0.090625 0.1
6 0.146875 0.30625 0.09375 0.1625
6 0.1796875 0.228125 0.0640625 0.0890625
6 0.0484375 0.246875 0.096875 0.0875
6 0.9625 0.221875 0.075 0.0875
6 0.890625 0.1734375 0.0953125 0.1046875
6 0.8546875 0.0546875 0.103125 0.0859375
6 0.8546875 0.371875 0.109375 0.1140625
6 0.9484375 0.5046875 0.1015625 0.1859375