7 0.375 0.525 0.025 0.03125
7 0.2640625 0.4484375 0.053125 0.028125
7 0.5359375 0.54375 0.01875 0.0390625
7 0.590625 0.55625 0.0265625 0.0328125
7 0.634375 0.5140625 0.0328125 0.05
7 0.7515625 0.371875 0.034375 0.0671875
7 0.715625 0.3109375 0.040625 0.0625
7 0.6515625 0.3671875 0.0265625 0.046875
7 0.63125 0.3875 0.025 0.040625
7 0.58125 0.26875 0.059375 0.0421875
7 0.5875 0.403125 0.021875 0.0234375
7 0.74375 0.5765625 0.0484375 0.0671875
7 0.5296875 0.615625 0.034375 0.0296875
7 0.278125 0.6046875 0.025 0.0234375
7 0.2609375 0.621875 0.0203125 0.0296875
7 0.2640625 0.640625 0.040625 0.015625
7 0.29375 0.6390625 0.025 0.0203125
7 0.184375 0.646875 0.0328125 0.025
7 0.0546875 0.378125 0.03125 0.0890625
7 0.0890625 0.3671875 0.05625 0.0453125
7 0.1515625 0.478125 0.028125 0.0296875
7 0.078125 0.63125 0.0453125 0.0578125
7 0.5890625 0.9921875 0.0265625 0.0140625
7 0.7515625 0.0625 0.034375 0.0671875
7 0.715625 0.1234375 0.040625 0.0625
7 0.6515625 0.0671875 0.0265625 0.046875
7 0.63125 0.046875 0.025 0.040625
7 0.58125 0.165625 0.059375 0.0421875
7 0.5875 0.03125 0.021875 0.0234375
7 0.7421875 0.9734375 0.0484375 0.0515625
7 0.5296875 0.94375 0.034375 0.0296875
7 0.278125 0.9546875 0.025 0.0234375
7 0.2609375 0.9375 0.0203125 0.0296875
7 0.2640625 0.91875 0.040625 0.015625
7 0.29375 0.9203125 0.025 0.0203125
7 0.184375 0.9125 0.0328125 0.025
7 0.0546875 0.05625 0.03125 0.0890625
7 0.0890625 0.0671875 0.05625 0.0453125
7 0.078125 0.928125 0.0453125 0.0578125