3 0.71875 0.6859375 0.2953125 0.15
3 0.28125 0.5515625 0.275 0.2234375
3 0.590625 0.203125 0.234375 0.15
3 0.3328125 0.2953125 0.2765625 0.221875
3 0.5125 0.6015625 0.1453125 0.296875
3 0.678125 0.4734375 0.165625 0.3078125
3 0.63125 0.303125 0.2796875 0.1953125
3 0.8546875 0.2921875 0.2875 0.146875
3 0.8484375 0.5046875 0.1609375 0.3453125
3 0.3671875 0.8109375 0.2765625 0.1234375
3 0.1921875 0.7015625 0.1375 0.3046875
3 0.13125 0.39375 0.0984375 0.3171875
3 0.0875 0.646875 0.1203125 0.2703125
3 0.9703125 0.3 0.0578125 0.2015625
3 0.571875 0.2046875 0.25 0.115625
3 0.590625 0.0609375 0.234375 0.121875
3 0.33125 0.0328125 0.2765625 0.065625
3 0.6296875 0.021875 0.2796875 0.04375
3 0.8546875 0.015625 0.2875 0.03125
3 0.3671875 0.9359375 0.2765625 0.1234375
3 0.1921875 0.9453125 0.1375 0.1078125
3 0.96875 0.025 0.0578125 0.05
3 0.571875 0.0515625 0.25 0.103125